9.686274528503417969e-01 9.843137264251708984e-01 1.000000000000000000e+00 1.000000000000000000e+00
9.655517339706420898e-01 9.823452234268188477e-01 9.990157485008239746e-01 1.000000000000000000e+00
9.624759554862976074e-01 9.803767800331115723e-01 9.980314970016479492e-01 1.000000000000000000e+00
9.594002366065979004e-01 9.784082770347595215e-01 9.970473051071166992e-01 1.000000000000000000e+00
9.563245177268981934e-01 9.764398336410522461e-01 9.960630536079406738e-01 1.000000000000000000e+00
9.532487392425537109e-01 9.744713306427001953e-01 9.950788021087646484e-01 1.000000000000000000e+00
9.501730203628540039e-01 9.725028872489929199e-01 9.940945506095886230e-01 1.000000000000000000e+00
9.470972418785095215e-01 9.705343842506408691e-01 9.931103587150573730e-01 1.000000000000000000e+00
9.440215229988098145e-01 9.685659408569335938e-01 9.921261072158813477e-01 1.000000000000000000e+00
9.409458041191101074e-01 9.665974378585815430e-01 9.911418557167053223e-01 1.000000000000000000e+00
9.378700256347656250e-01 9.646289944648742676e-01 9.901576042175292969e-01 1.000000000000000000e+00
9.347943067550659180e-01 9.626604914665222168e-01 9.891734123229980469e-01 1.000000000000000000e+00
9.317185878753662109e-01 9.606920480728149414e-01 9.881891608238220215e-01 1.000000000000000000e+00
9.286428093910217285e-01 9.587235450744628906e-01 9.872049093246459961e-01 1.000000000000000000e+00
9.255670905113220215e-01 9.567551016807556152e-01 9.862206578254699707e-01 1.000000000000000000e+00
9.224913716316223145e-01 9.547865986824035645e-01 9.852364659309387207e-01 1.000000000000000000e+00
9.194155931472778320e-01 9.528181552886962891e-01 9.842522144317626953e-01 1.000000000000000000e+00
9.163398742675781250e-01 9.508496522903442383e-01 9.832679629325866699e-01 1.000000000000000000e+00
9.132641553878784180e-01 9.488812088966369629e-01 9.822837114334106445e-01 1.000000000000000000e+00
9.101883769035339355e-01 9.469127058982849121e-01 9.812995195388793945e-01 1.000000000000000000e+00
9.071126580238342285e-01 9.449442625045776367e-01 9.803152680397033691e-01 1.000000000000000000e+00
9.040368795394897461e-01 9.429757595062255859e-01 9.793310165405273438e-01 1.000000000000000000e+00
9.009611606597900391e-01 9.410073161125183105e-01 9.783467650413513184e-01 1.000000000000000000e+00
8.978854417800903320e-01 9.390388131141662598e-01 9.773625731468200684e-01 1.000000000000000000e+00
8.948096632957458496e-01 9.370703697204589844e-01 9.763783216476440430e-01 1.000000000000000000e+00
8.917339444160461426e-01 9.351018667221069336e-01 9.753940701484680176e-01 1.000000000000000000e+00
8.886582255363464355e-01 9.331334233283996582e-01 9.744098186492919922e-01 1.000000000000000000e+00
8.855824470520019531e-01 9.311649203300476074e-01 9.734256267547607422e-01 1.000000000000000000e+00
8.825067281723022461e-01 9.291964769363403320e-01 9.724413752555847168e-01 1.000000000000000000e+00
8.794310092926025391e-01 9.272279739379882812e-01 9.714571237564086914e-01 1.000000000000000000e+00
8.763552308082580566e-01 9.252595305442810059e-01 9.704728722572326660e-01 1.000000000000000000e+00
8.732795119285583496e-01 9.232910275459289551e-01 9.694886803627014160e-01 1.000000000000000000e+00
8.702191710472106934e-01 9.213225841522216797e-01 9.685044288635253906e-01 1.000000000000000000e+00
8.672664165496826172e-01 9.193540811538696289e-01 9.675201773643493652e-01 1.000000000000000000e+00
8.643137216567993164e-01 9.173856377601623535e-01 9.665359258651733398e-01 1.000000000000000000e+00
8.613610267639160156e-01 9.154171347618103027e-01 9.655517339706420898e-01 1.000000000000000000e+00
8.584083318710327148e-01 9.134486913681030273e-01 9.645674824714660645e-01 1.000000000000000000e+00
8.554555773735046387e-01 9.114801883697509766e-01 9.635832309722900391e-01 1.000000000000000000e+00
8.525028824806213379e-01 9.095117449760437012e-01 9.625989794731140137e-01 1.000000000000000000e+00
8.495501875877380371e-01 9.075432419776916504e-01 9.616147875785827637e-01 1.000000000000000000e+00
8.465974330902099609e-01 9.055747985839843750e-01 9.606305360794067383e-01 1.000000000000000000e+00
8.436447381973266602e-01 9.036062955856323242e-01 9.596462845802307129e-01 1.000000000000000000e+00
8.406920433044433594e-01 9.016378521919250488e-01 9.586620330810546875e-01 1.000000000000000000e+00
8.377393484115600586e-01 8.996693491935729980e-01 9.576778411865234375e-01 1.000000000000000000e+00
8.347865939140319824e-01 8.977009057998657227e-01 9.566935896873474121e-01 1.000000000000000000e+00
8.318338990211486816e-01 8.957324028015136719e-01 9.557093381881713867e-01 1.000000000000000000e+00
8.288812041282653809e-01 8.937639594078063965e-01 9.547250866889953613e-01 1.000000000000000000e+00
8.259285092353820801e-01 8.917954564094543457e-01 9.537408947944641113e-01 1.000000000000000000e+00
8.229757547378540039e-01 8.898270130157470703e-01 9.527566432952880859e-01 1.000000000000000000e+00
8.200230598449707031e-01 8.878585100173950195e-01 9.517723917961120605e-01 1.000000000000000000e+00
8.170703649520874023e-01 8.858900666236877441e-01 9.507881402969360352e-01 1.000000000000000000e+00
8.141176700592041016e-01 8.839215636253356934e-01 9.498039484024047852e-01 1.000000000000000000e+00
8.111649155616760254e-01 8.819531202316284180e-01 9.488196969032287598e-01 1.000000000000000000e+00
8.082122206687927246e-01 8.799846172332763672e-01 9.478354454040527344e-01 1.000000000000000000e+00
8.052595257759094238e-01 8.780161738395690918e-01 9.468511939048767090e-01 1.000000000000000000e+00
8.023068308830261230e-01 8.760476708412170410e-01 9.458670020103454590e-01 1.000000000000000000e+00
7.993540763854980469e-01 8.740792274475097656e-01 9.448827505111694336e-01 1.000000000000000000e+00
7.964013814926147461e-01 8.721107244491577148e-01 9.438984990119934082e-01 1.000000000000000000e+00
7.934486865997314453e-01 8.701422810554504395e-01 9.429142475128173828e-01 1.000000000000000000e+00
7.904959917068481445e-01 8.681737780570983887e-01 9.419300556182861328e-01 1.000000000000000000e+00
7.875432372093200684e-01 8.662053346633911133e-01 9.409458041191101074e-01 1.000000000000000000e+00
7.845905423164367676e-01 8.642368316650390625e-01 9.399615526199340820e-01 1.000000000000000000e+00
7.816378474235534668e-01 8.622683286666870117e-01 9.389773011207580566e-01 1.000000000000000000e+00
7.786850929260253906e-01 8.602998852729797363e-01 9.379931092262268066e-01 1.000000000000000000e+00
7.752403020858764648e-01 8.583006262779235840e-01 9.368243217468261719e-01 1.000000000000000000e+00
7.703191041946411133e-01 8.562091588973999023e-01 9.351018667221069336e-01 1.000000000000000000e+00
7.653979063034057617e-01 8.541176319122314453e-01 9.333794713020324707e-01 1.000000000000000000e+00
7.604767680168151855e-01 8.520261645317077637e-01 9.316570758819580078e-01 1.000000000000000000e+00
7.555555701255798340e-01 8.499346375465393066e-01 9.299346208572387695e-01 1.000000000000000000e+00
7.506343722343444824e-01 8.478431105613708496e-01 9.282122254371643066e-01 1.000000000000000000e+00
7.457131743431091309e-01 8.457516431808471680e-01 9.264898300170898438e-01 1.000000000000000000e+00
7.407919764518737793e-01 8.436601161956787109e-01 9.247673749923706055e-01 1.000000000000000000e+00
7.358708381652832031e-01 8.415686488151550293e-01 9.230449795722961426e-01 1.000000000000000000e+00
7.309496402740478516e-01 8.394771218299865723e-01 9.213225841522216797e-01 1.000000000000000000e+00
7.260284423828125000e-01 8.373855948448181152e-01 9.196001291275024414e-01 1.000000000000000000e+00
7.211072444915771484e-01 8.352941274642944336e-01 9.178777337074279785e-01 1.000000000000000000e+00
7.161861062049865723e-01 8.332026004791259766e-01 9.161553382873535156e-01 1.000000000000000000e+00
7.112649083137512207e-01 8.311111330986022949e-01 9.144328832626342773e-01 1.000000000000000000e+00
7.063437104225158691e-01 8.290196061134338379e-01 9.127104878425598145e-01 1.000000000000000000e+00
7.014225125312805176e-01 8.269280791282653809e-01 9.109880924224853516e-01 1.000000000000000000e+00
6.965013742446899414e-01 8.248366117477416992e-01 9.092656373977661133e-01 1.000000000000000000e+00
6.915801763534545898e-01 8.227450847625732422e-01 9.075432419776916504e-01 1.000000000000000000e+00
6.866589784622192383e-01 8.206536173820495605e-01 9.058208465576171875e-01 1.000000000000000000e+00
6.817377805709838867e-01 8.185620903968811035e-01 9.040984511375427246e-01 1.000000000000000000e+00
6.768165826797485352e-01 8.164705634117126465e-01 9.023759961128234863e-01 1.000000000000000000e+00
6.718954443931579590e-01 8.143790960311889648e-01 9.006536006927490234e-01 1.000000000000000000e+00
6.669742465019226074e-01 8.122875690460205078e-01 8.989312052726745605e-01 1.000000000000000000e+00
6.620530486106872559e-01 8.101961016654968262e-01 8.972087502479553223e-01 1.000000000000000000e+00
6.571318507194519043e-01 8.081045746803283691e-01 8.954863548278808594e-01 1.000000000000000000e+00
6.522107124328613281e-01 8.060130476951599121e-01 8.937639594078063965e-01 1.000000000000000000e+00
6.472895145416259766e-01 8.039215803146362305e-01 8.920415043830871582e-01 1.000000000000000000e+00
6.423683166503906250e-01 8.018300533294677734e-01 8.903191089630126953e-01 1.000000000000000000e+00
6.374471187591552734e-01 7.997385859489440918e-01 8.885967135429382324e-01 1.000000000000000000e+00
6.325259804725646973e-01 7.976470589637756348e-01 8.868742585182189941e-01 1.000000000000000000e+00
6.276047825813293457e-01 7.955555319786071777e-01 8.851518630981445312e-01 1.000000000000000000e+00
6.226835846900939941e-01 7.934640645980834961e-01 8.834294676780700684e-01 1.000000000000000000e+00
6.172549128532409668e-01 7.908650636672973633e-01 8.818454146385192871e-01 1.000000000000000000e+00
6.109803915023803711e-01 7.874202132225036621e-01 8.804920911788940430e-01 1.000000000000000000e+00
6.047058701515197754e-01 7.839754223823547363e-01 8.791387677192687988e-01 1.000000000000000000e+00
5.984313488006591797e-01 7.805305719375610352e-01 8.777854442596435547e-01 1.000000000000000000e+00
5.921568870544433594e-01 7.770857214927673340e-01 8.764321208000183105e-01 1.000000000000000000e+00
5.858823657035827637e-01 7.736409306526184082e-01 8.750787973403930664e-01 1.000000000000000000e+00
5.796078443527221680e-01 7.701960802078247070e-01 8.737254738807678223e-01 1.000000000000000000e+00
5.733333230018615723e-01 7.667512297630310059e-01 8.723721504211425781e-01 1.000000000000000000e+00
5.670588016510009766e-01 7.633064389228820801e-01 8.710188269615173340e-01 1.000000000000000000e+00
5.607843399047851562e-01 7.598615884780883789e-01 8.696655035018920898e-01 1.000000000000000000e+00
5.545098185539245605e-01 7.564167380332946777e-01 8.683121800422668457e-01 1.000000000000000000e+00
5.482352972030639648e-01 7.529719471931457520e-01 8.669588565826416016e-01 1.000000000000000000e+00
5.419607758522033691e-01 7.495270967483520508e-01 8.656055331230163574e-01 1.000000000000000000e+00
5.356862545013427734e-01 7.460822463035583496e-01 8.642522096633911133e-01 1.000000000000000000e+00
5.294117927551269531e-01 7.426374554634094238e-01 8.628988862037658691e-01 1.000000000000000000e+00
5.231372714042663574e-01 7.391926050186157227e-01 8.615455627441406250e-01 1.000000000000000000e+00
5.168627500534057617e-01 7.357478141784667969e-01 8.601922392845153809e-01 1.000000000000000000e+00
5.105882287025451660e-01 7.323029637336730957e-01 8.588389158248901367e-01 1.000000000000000000e+00
5.043137073516845703e-01 7.288581132888793945e-01 8.574855923652648926e-01 1.000000000000000000e+00
4.980392158031463623e-01 7.254133224487304688e-01 8.561322689056396484e-01 1.000000000000000000e+00
4.917646944522857666e-01 7.219684720039367676e-01 8.547789454460144043e-01 1.000000000000000000e+00
4.854902029037475586e-01 7.185236215591430664e-01 8.534256219863891602e-01 1.000000000000000000e+00
4.792156815528869629e-01 7.150788307189941406e-01 8.520722985267639160e-01 1.000000000000000000e+00
4.729411900043487549e-01 7.116339802742004395e-01 8.507189750671386719e-01 1.000000000000000000e+00
4.666666686534881592e-01 7.081891298294067383e-01 8.493656516075134277e-01 1.000000000000000000e+00
4.603921473026275635e-01 7.047443389892578125e-01 8.480123281478881836e-01 1.000000000000000000e+00
4.541176557540893555e-01 7.012994885444641113e-01 8.466590046882629395e-01 1.000000000000000000e+00
4.478431344032287598e-01 6.978546977043151855e-01 8.453056812286376953e-01 1.000000000000000000e+00
4.415686130523681641e-01 6.944098472595214844e-01 8.439522981643676758e-01 1.000000000000000000e+00
4.352941215038299561e-01 6.909649968147277832e-01 8.425989747047424316e-01 1.000000000000000000e+00
4.290196001529693604e-01 6.875202059745788574e-01 8.412456512451171875e-01 1.000000000000000000e+00
4.227451086044311523e-01 6.840753555297851562e-01 8.398923277854919434e-01 1.000000000000000000e+00
4.170857369899749756e-01 6.806305050849914551e-01 8.382314443588256836e-01 1.000000000000000000e+00
4.120415151119232178e-01 6.771857142448425293e-01 8.362630009651184082e-01 1.000000000000000000e+00
4.069973230361938477e-01 6.737408638000488281e-01 8.342944979667663574e-01 1.000000000000000000e+00
4.019531011581420898e-01 6.702960133552551270e-01 8.323260545730590820e-01 1.000000000000000000e+00
3.969088792800903320e-01 6.668512225151062012e-01 8.303575515747070312e-01 1.000000000000000000e+00
3.918646574020385742e-01 6.634063720703125000e-01 8.283891081809997559e-01 1.000000000000000000e+00
3.868204653263092041e-01 6.599615812301635742e-01 8.264206051826477051e-01 1.000000000000000000e+00
3.817762434482574463e-01 6.565167307853698730e-01 8.244521617889404297e-01 1.000000000000000000e+00
3.767320215702056885e-01 6.530718803405761719e-01 8.224836587905883789e-01 1.000000000000000000e+00
3.716877996921539307e-01 6.496270895004272461e-01 8.205152153968811035e-01 1.000000000000000000e+00
3.666436076164245605e-01 6.461822390556335449e-01 8.185467123985290527e-01 1.000000000000000000e+00
3.615993857383728027e-01 6.427373886108398438e-01 8.165782094001770020e-01 1.000000000000000000e+00
3.565551638603210449e-01 6.392925977706909180e-01 8.146097660064697266e-01 1.000000000000000000e+00
3.515109717845916748e-01 6.358477473258972168e-01 8.126412630081176758e-01 1.000000000000000000e+00
3.464667499065399170e-01 6.324028968811035156e-01 8.106728196144104004e-01 1.000000000000000000e+00
3.414225280284881592e-01 6.289581060409545898e-01 8.087043166160583496e-01 1.000000000000000000e+00
3.363783061504364014e-01 6.255132555961608887e-01 8.067358732223510742e-01 1.000000000000000000e+00
3.313341140747070312e-01 6.220684647560119629e-01 8.047673702239990234e-01 1.000000000000000000e+00
3.262898921966552734e-01 6.186236143112182617e-01 8.027989268302917480e-01 1.000000000000000000e+00
3.212456703186035156e-01 6.151787638664245605e-01 8.008304238319396973e-01 1.000000000000000000e+00
3.162014484405517578e-01 6.117339730262756348e-01 7.988619804382324219e-01 1.000000000000000000e+00
3.111572563648223877e-01 6.082891225814819336e-01 7.968934774398803711e-01 1.000000000000000000e+00
3.061130344867706299e-01 6.048442721366882324e-01 7.949250340461730957e-01 1.000000000000000000e+00
3.010688126087188721e-01 6.013994812965393066e-01 7.929565310478210449e-01 1.000000000000000000e+00
2.960246205329895020e-01 5.979546308517456055e-01 7.909880876541137695e-01 1.000000000000000000e+00
2.909803986549377441e-01 5.945097804069519043e-01 7.890195846557617188e-01 1.000000000000000000e+00
2.859361767768859863e-01 5.910649895668029785e-01 7.870511412620544434e-01 1.000000000000000000e+00
2.808919548988342285e-01 5.876201391220092773e-01 7.850826382637023926e-01 1.000000000000000000e+00
2.758477628231048584e-01 5.841752886772155762e-01 7.831141948699951172e-01 1.000000000000000000e+00
2.708035409450531006e-01 5.807304978370666504e-01 7.811456918716430664e-01 1.000000000000000000e+00
2.657593190670013428e-01 5.772856473922729492e-01 7.791772484779357910e-01 1.000000000000000000e+00
2.607150971889495850e-01 5.738408565521240234e-01 7.772087454795837402e-01 1.000000000000000000e+00
2.562860548496246338e-01 5.700115561485290527e-01 7.751634120941162109e-01 1.000000000000000000e+00
2.522260546684265137e-01 5.659515857696533203e-01 7.730718851089477539e-01 1.000000000000000000e+00
2.481660842895507812e-01 5.618915557861328125e-01 7.709804177284240723e-01 1.000000000000000000e+00
2.441061139106750488e-01 5.578315854072570801e-01 7.688888907432556152e-01 1.000000000000000000e+00
2.400461435317993164e-01 5.537716150283813477e-01 7.667973637580871582e-01 1.000000000000000000e+00
2.359861582517623901e-01 5.497116446495056152e-01 7.647058963775634766e-01 1.000000000000000000e+00
2.319261878728866577e-01 5.456516742706298828e-01 7.626143693923950195e-01 1.000000000000000000e+00
2.278662025928497314e-01 5.415917038917541504e-01 7.605229020118713379e-01 1.000000000000000000e+00
2.238062322139739990e-01 5.375317335128784180e-01 7.584313750267028809e-01 1.000000000000000000e+00
2.197462469339370728e-01 5.334717631340026855e-01 7.563398480415344238e-01 1.000000000000000000e+00
2.156862765550613403e-01 5.294117927551269531e-01 7.542483806610107422e-01 1.000000000000000000e+00
2.116262912750244141e-01 5.253517627716064453e-01 7.521568536758422852e-01 1.000000000000000000e+00
2.075663208961486816e-01 5.212917923927307129e-01 7.500653862953186035e-01 1.000000000000000000e+00
2.035063505172729492e-01 5.172318220138549805e-01 7.479738593101501465e-01 1.000000000000000000e+00
1.994463652372360229e-01 5.131718516349792480e-01 7.458823323249816895e-01 1.000000000000000000e+00
1.953863948583602905e-01 5.091118812561035156e-01 7.437908649444580078e-01 1.000000000000000000e+00
1.913264095783233643e-01 5.050519108772277832e-01 7.416993379592895508e-01 1.000000000000000000e+00
1.872664391994476318e-01 5.009919404983520508e-01 7.396078705787658691e-01 1.000000000000000000e+00
1.832064539194107056e-01 4.969319403171539307e-01 7.375163435935974121e-01 1.000000000000000000e+00
1.791464835405349731e-01 4.928719699382781982e-01 7.354248166084289551e-01 1.000000000000000000e+00
1.750864982604980469e-01 4.888119995594024658e-01 7.333333492279052734e-01 1.000000000000000000e+00
1.710265278816223145e-01 4.847520291805267334e-01 7.312418222427368164e-01 1.000000000000000000e+00
1.669665575027465820e-01 4.806920289993286133e-01 7.291503548622131348e-01 1.000000000000000000e+00
1.629065722227096558e-01 4.766320586204528809e-01 7.270588278770446777e-01 1.000000000000000000e+00
1.588466018438339233e-01 4.725720882415771484e-01 7.249673008918762207e-01 1.000000000000000000e+00
1.547866165637969971e-01 4.685121178627014160e-01 7.228758335113525391e-01 1.000000000000000000e+00
1.507266461849212646e-01 4.644521474838256836e-01 7.207843065261840820e-01 1.000000000000000000e+00
1.466666609048843384e-01 4.603921473026275635e-01 7.186928391456604004e-01 1.000000000000000000e+00
1.426066905260086060e-01 4.563321769237518311e-01 7.166013121604919434e-01 1.000000000000000000e+00
1.385467201471328735e-01 4.522722065448760986e-01 7.145097851753234863e-01 1.000000000000000000e+00
1.344867348670959473e-01 4.482122361660003662e-01 7.124183177947998047e-01 1.000000000000000000e+00
1.304267644882202148e-01 4.441522359848022461e-01 7.103267908096313477e-01 1.000000000000000000e+00
1.271049529314041138e-01 4.401845335960388184e-01 7.074971199035644531e-01 1.000000000000000000e+00
1.240292191505432129e-01 4.362475872039794922e-01 7.044214010238647461e-01 1.000000000000000000e+00
1.209534779191017151e-01 4.323106408119201660e-01 7.013456225395202637e-01 1.000000000000000000e+00
1.178777366876602173e-01 4.283736944198608398e-01 6.982699036598205566e-01 1.000000000000000000e+00
1.148020029067993164e-01 4.244367480278015137e-01 6.951941847801208496e-01 1.000000000000000000e+00
1.117262616753578186e-01 4.204998016357421875e-01 6.921184062957763672e-01 1.000000000000000000e+00
1.086505204439163208e-01 4.165628552436828613e-01 6.890426874160766602e-01 1.000000000000000000e+00
1.055747792124748230e-01 4.126259088516235352e-01 6.859669089317321777e-01 1.000000000000000000e+00
1.024990379810333252e-01 4.086889624595642090e-01 6.828911900520324707e-01 1.000000000000000000e+00
9.942329674959182739e-02 4.047520160675048828e-01 6.798154711723327637e-01 1.000000000000000000e+00
9.634755551815032959e-02 4.008150696754455566e-01 6.767396926879882812e-01 1.000000000000000000e+00
9.327182173728942871e-02 3.968781232833862305e-01 6.736639738082885742e-01 1.000000000000000000e+00
9.019608050584793091e-02 3.929411768913269043e-01 6.705882549285888672e-01 1.000000000000000000e+00
8.712033927440643311e-02 3.890042304992675781e-01 6.675124764442443848e-01 1.000000000000000000e+00
8.404459804296493530e-02 3.850672841072082520e-01 6.644367575645446777e-01 1.000000000000000000e+00
8.096885681152343750e-02 3.811303377151489258e-01 6.613610386848449707e-01 1.000000000000000000e+00
7.789311558008193970e-02 3.771933913230895996e-01 6.582852602005004883e-01 1.000000000000000000e+00
7.481737434864044189e-02 3.732564449310302734e-01 6.552095413208007812e-01 1.000000000000000000e+00
7.174164056777954102e-02 3.693194985389709473e-01 6.521338224411010742e-01 1.000000000000000000e+00
6.866589933633804321e-02 3.653825521469116211e-01 6.490580439567565918e-01 1.000000000000000000e+00
6.559015810489654541e-02 3.614456057548522949e-01 6.459823250770568848e-01 1.000000000000000000e+00
6.251441687345504761e-02 3.575086593627929688e-01 6.429065465927124023e-01 1.000000000000000000e+00
5.943867564201354980e-02 3.535717129707336426e-01 6.398308277130126953e-01 1.000000000000000000e+00
5.636293813586235046e-02 3.496347665786743164e-01 6.367551088333129883e-01 1.000000000000000000e+00
5.328719690442085266e-02 3.456978201866149902e-01 6.336793303489685059e-01 1.000000000000000000e+00
5.021145567297935486e-02 3.417608737945556641e-01 6.306036114692687988e-01 1.000000000000000000e+00
4.713571816682815552e-02 3.378239274024963379e-01 6.275278925895690918e-01 1.000000000000000000e+00
4.405997693538665771e-02 3.338869810104370117e-01 6.244521141052246094e-01 1.000000000000000000e+00
4.098423570394515991e-02 3.299500048160552979e-01 6.213763952255249023e-01 1.000000000000000000e+00
3.790849819779396057e-02 3.260130584239959717e-01 6.183006763458251953e-01 1.000000000000000000e+00
3.483275696635246277e-02 3.220761120319366455e-01 6.152248978614807129e-01 1.000000000000000000e+00
3.175701573491096497e-02 3.181391656398773193e-01 6.121491789817810059e-01 1.000000000000000000e+00
3.137255087494850159e-02 3.140945732593536377e-01 6.064898371696472168e-01 1.000000000000000000e+00
3.137255087494850159e-02 3.100346028804779053e-01 6.004613637924194336e-01 1.000000000000000000e+00
3.137255087494850159e-02 3.059746325016021729e-01 5.944328904151916504e-01 1.000000000000000000e+00
3.137255087494850159e-02 3.019146621227264404e-01 5.884044766426086426e-01 1.000000000000000000e+00
3.137255087494850159e-02 2.978546619415283203e-01 5.823760032653808594e-01 1.000000000000000000e+00
3.137255087494850159e-02 2.937946915626525879e-01 5.763475298881530762e-01 1.000000000000000000e+00
3.137255087494850159e-02 2.897347211837768555e-01 5.703191161155700684e-01 1.000000000000000000e+00
3.137255087494850159e-02 2.856747508049011230e-01 5.642906427383422852e-01 1.000000000000000000e+00
3.137255087494850159e-02 2.816147506237030029e-01 5.582622289657592773e-01 1.000000000000000000e+00
3.137255087494850159e-02 2.775547802448272705e-01 5.522337555885314941e-01 1.000000000000000000e+00
3.137255087494850159e-02 2.734948098659515381e-01 5.462052822113037109e-01 1.000000000000000000e+00
3.137255087494850159e-02 2.694348394870758057e-01 5.401768684387207031e-01 1.000000000000000000e+00
3.137255087494850159e-02 2.653748691082000732e-01 5.341483950614929199e-01 1.000000000000000000e+00
3.137255087494850159e-02 2.613148689270019531e-01 5.281199812889099121e-01 1.000000000000000000e+00
3.137255087494850159e-02 2.572548985481262207e-01 5.220915079116821289e-01 1.000000000000000000e+00
3.137255087494850159e-02 2.531949281692504883e-01 5.160630345344543457e-01 1.000000000000000000e+00
3.137255087494850159e-02 2.491349428892135620e-01 5.100346207618713379e-01 1.000000000000000000e+00
3.137255087494850159e-02 2.450749725103378296e-01 5.040061473846435547e-01 1.000000000000000000e+00
3.137255087494850159e-02 2.410149872303009033e-01 4.979777038097381592e-01 1.000000000000000000e+00
3.137255087494850159e-02 2.369550168514251709e-01 4.919492602348327637e-01 1.000000000000000000e+00
3.137255087494850159e-02 2.328950464725494385e-01 4.859207868576049805e-01 1.000000000000000000e+00
3.137255087494850159e-02 2.288350611925125122e-01 4.798923432826995850e-01 1.000000000000000000e+00
3.137255087494850159e-02 2.247750908136367798e-01 4.738638997077941895e-01 1.000000000000000000e+00
3.137255087494850159e-02 2.207151055335998535e-01 4.678354561328887939e-01 1.000000000000000000e+00
3.137255087494850159e-02 2.166551351547241211e-01 4.618069827556610107e-01 1.000000000000000000e+00
3.137255087494850159e-02 2.125951498746871948e-01 4.557785391807556152e-01 1.000000000000000000e+00
3.137255087494850159e-02 2.085351794958114624e-01 4.497500956058502197e-01 1.000000000000000000e+00
3.137255087494850159e-02 2.044752091169357300e-01 4.437216520309448242e-01 1.000000000000000000e+00
3.137255087494850159e-02 2.004152238368988037e-01 4.376932084560394287e-01 1.000000000000000000e+00
3.137255087494850159e-02 1.963552534580230713e-01 4.316647350788116455e-01 1.000000000000000000e+00
3.137255087494850159e-02 1.922952681779861450e-01 4.256362915039062500e-01 1.000000000000000000e+00
3.137255087494850159e-02 1.882352977991104126e-01 4.196078479290008545e-01 1.000000000000000000e+00
