9.686274528503417969e-01 9.882352948188781738e-01 9.921568632125854492e-01 1.000000000000000000e+00
9.657977819442749023e-01 9.862667918205261230e-01 9.910495877265930176e-01 1.000000000000000000e+00
9.629681110382080078e-01 9.842983484268188477e-01 9.899423122406005859e-01 1.000000000000000000e+00
9.601383805274963379e-01 9.823298454284667969e-01 9.888350367546081543e-01 1.000000000000000000e+00
9.573087096214294434e-01 9.803614020347595215e-01 9.877278208732604980e-01 1.000000000000000000e+00
9.544790387153625488e-01 9.783928990364074707e-01 9.866205453872680664e-01 1.000000000000000000e+00
9.516493678092956543e-01 9.764244556427001953e-01 9.855132699012756348e-01 1.000000000000000000e+00
9.488196969032287598e-01 9.744559526443481445e-01 9.844059944152832031e-01 1.000000000000000000e+00
9.459900259971618652e-01 9.724875092506408691e-01 9.832987189292907715e-01 1.000000000000000000e+00
9.431602954864501953e-01 9.705190062522888184e-01 9.821914434432983398e-01 1.000000000000000000e+00
9.403306245803833008e-01 9.685505628585815430e-01 9.810842275619506836e-01 1.000000000000000000e+00
9.375009536743164062e-01 9.665820598602294922e-01 9.799769520759582520e-01 1.000000000000000000e+00
9.346712827682495117e-01 9.646136164665222168e-01 9.788696765899658203e-01 1.000000000000000000e+00
9.318416118621826172e-01 9.626451134681701660e-01 9.777624011039733887e-01 1.000000000000000000e+00
9.290119409561157227e-01 9.606766700744628906e-01 9.766551256179809570e-01 1.000000000000000000e+00
9.261822104454040527e-01 9.587081670761108398e-01 9.755478501319885254e-01 1.000000000000000000e+00
9.233525395393371582e-01 9.567397236824035645e-01 9.744405746459960938e-01 1.000000000000000000e+00
9.205228686332702637e-01 9.547712206840515137e-01 9.733333587646484375e-01 1.000000000000000000e+00
9.176931977272033691e-01 9.528027772903442383e-01 9.722260832786560059e-01 1.000000000000000000e+00
9.148635268211364746e-01 9.508342742919921875e-01 9.711188077926635742e-01 1.000000000000000000e+00
9.120338559150695801e-01 9.488658308982849121e-01 9.700115323066711426e-01 1.000000000000000000e+00
9.092041254043579102e-01 9.468973278999328613e-01 9.689042568206787109e-01 1.000000000000000000e+00
9.063744544982910156e-01 9.449288845062255859e-01 9.677969813346862793e-01 1.000000000000000000e+00
9.035447835922241211e-01 9.429603815078735352e-01 9.666897058486938477e-01 1.000000000000000000e+00
9.007151126861572266e-01 9.409919381141662598e-01 9.655824899673461914e-01 1.000000000000000000e+00
8.978854417800903320e-01 9.390234351158142090e-01 9.644752144813537598e-01 1.000000000000000000e+00
8.950557708740234375e-01 9.370549917221069336e-01 9.633679389953613281e-01 1.000000000000000000e+00
8.922260403633117676e-01 9.350864887237548828e-01 9.622606635093688965e-01 1.000000000000000000e+00
8.893963694572448730e-01 9.331180453300476074e-01 9.611533880233764648e-01 1.000000000000000000e+00
8.865666985511779785e-01 9.311495423316955566e-01 9.600461125373840332e-01 1.000000000000000000e+00
8.837370276451110840e-01 9.291810989379882812e-01 9.589388966560363770e-01 1.000000000000000000e+00
8.809073567390441895e-01 9.272125959396362305e-01 9.578316211700439453e-01 1.000000000000000000e+00
8.779238462448120117e-01 9.251057505607604980e-01 9.566474556922912598e-01 1.000000000000000000e+00
8.738638758659362793e-01 9.220299720764160156e-01 9.549250006675720215e-01 1.000000000000000000e+00
8.698039054870605469e-01 9.189542531967163086e-01 9.532026052474975586e-01 1.000000000000000000e+00
8.657439351081848145e-01 9.158785343170166016e-01 9.514802098274230957e-01 1.000000000000000000e+00
8.616839647293090820e-01 9.128027558326721191e-01 9.497578144073486328e-01 1.000000000000000000e+00
8.576239943504333496e-01 9.097270369529724121e-01 9.480353593826293945e-01 1.000000000000000000e+00
8.535640239715576172e-01 9.066512584686279297e-01 9.463129639625549316e-01 1.000000000000000000e+00
8.495040535926818848e-01 9.035755395889282227e-01 9.445905685424804688e-01 1.000000000000000000e+00
8.454440832138061523e-01 9.004998207092285156e-01 9.428681135177612305e-01 1.000000000000000000e+00
8.413841128349304199e-01 8.974240422248840332e-01 9.411457180976867676e-01 1.000000000000000000e+00
8.373240828514099121e-01 8.943483233451843262e-01 9.394233226776123047e-01 1.000000000000000000e+00
8.332641124725341797e-01 8.912726044654846191e-01 9.377008676528930664e-01 1.000000000000000000e+00
8.292041420936584473e-01 8.881968259811401367e-01 9.359784722328186035e-01 1.000000000000000000e+00
8.251441717147827148e-01 8.851211071014404297e-01 9.342560768127441406e-01 1.000000000000000000e+00
8.210842013359069824e-01 8.820453882217407227e-01 9.325336217880249023e-01 1.000000000000000000e+00
8.170242309570312500e-01 8.789696097373962402e-01 9.308112263679504395e-01 1.000000000000000000e+00
8.129642605781555176e-01 8.758938908576965332e-01 9.290888309478759766e-01 1.000000000000000000e+00
8.089042901992797852e-01 8.728181719779968262e-01 9.273663759231567383e-01 1.000000000000000000e+00
8.048443198204040527e-01 8.697423934936523438e-01 9.256439805030822754e-01 1.000000000000000000e+00
8.007842898368835449e-01 8.666666746139526367e-01 9.239215850830078125e-01 1.000000000000000000e+00
7.967243194580078125e-01 8.635909557342529297e-01 9.221991300582885742e-01 1.000000000000000000e+00
7.926643490791320801e-01 8.605151772499084473e-01 9.204767346382141113e-01 1.000000000000000000e+00
7.886043787002563477e-01 8.574394583702087402e-01 9.187543392181396484e-01 1.000000000000000000e+00
7.845444083213806152e-01 8.543636798858642578e-01 9.170318841934204102e-01 1.000000000000000000e+00
7.804844379425048828e-01 8.512879610061645508e-01 9.153094887733459473e-01 1.000000000000000000e+00
7.764244675636291504e-01 8.482122421264648438e-01 9.135870933532714844e-01 1.000000000000000000e+00
7.723644971847534180e-01 8.451364636421203613e-01 9.118646383285522461e-01 1.000000000000000000e+00
7.683045268058776855e-01 8.420607447624206543e-01 9.101422429084777832e-01 1.000000000000000000e+00
7.642444968223571777e-01 8.389850258827209473e-01 9.084198474884033203e-01 1.000000000000000000e+00
7.601845264434814453e-01 8.359092473983764648e-01 9.066974520683288574e-01 1.000000000000000000e+00
7.561245560646057129e-01 8.328335285186767578e-01 9.049749970436096191e-01 1.000000000000000000e+00
7.520645856857299805e-01 8.297578096389770508e-01 9.032526016235351562e-01 1.000000000000000000e+00
7.480046153068542480e-01 8.267435431480407715e-01 9.015917181968688965e-01 1.000000000000000000e+00
7.439446449279785156e-01 8.239138722419738770e-01 9.001153111457824707e-01 1.000000000000000000e+00
7.398846745491027832e-01 8.210842013359069824e-01 8.986389636993408203e-01 1.000000000000000000e+00
7.358247041702270508e-01 8.182545304298400879e-01 8.971626162528991699e-01 1.000000000000000000e+00
7.317647337913513184e-01 8.154248595237731934e-01 8.956862688064575195e-01 1.000000000000000000e+00
7.277047038078308105e-01 8.125951290130615234e-01 8.942099213600158691e-01 1.000000000000000000e+00
7.236447334289550781e-01 8.097654581069946289e-01 8.927335739135742188e-01 1.000000000000000000e+00
7.195847630500793457e-01 8.069357872009277344e-01 8.912572264671325684e-01 1.000000000000000000e+00
7.155247926712036133e-01 8.041061162948608398e-01 8.897808790206909180e-01 1.000000000000000000e+00
7.114648222923278809e-01 8.012764453887939453e-01 8.883044719696044922e-01 1.000000000000000000e+00
7.074048519134521484e-01 7.984467744827270508e-01 8.868281245231628418e-01 1.000000000000000000e+00
7.033448815345764160e-01 7.956170439720153809e-01 8.853517770767211914e-01 1.000000000000000000e+00
6.992849111557006836e-01 7.927873730659484863e-01 8.838754296302795410e-01 1.000000000000000000e+00
6.952249407768249512e-01 7.899577021598815918e-01 8.823990821838378906e-01 1.000000000000000000e+00
6.911649107933044434e-01 7.871280312538146973e-01 8.809227347373962402e-01 1.000000000000000000e+00
6.871049404144287109e-01 7.842983603477478027e-01 8.794463872909545898e-01 1.000000000000000000e+00
6.830449700355529785e-01 7.814686894416809082e-01 8.779700398445129395e-01 1.000000000000000000e+00
6.789849996566772461e-01 7.786389589309692383e-01 8.764936327934265137e-01 1.000000000000000000e+00
6.749250292778015137e-01 7.758092880249023438e-01 8.750172853469848633e-01 1.000000000000000000e+00
6.708650588989257812e-01 7.729796171188354492e-01 8.735409379005432129e-01 1.000000000000000000e+00
6.668050885200500488e-01 7.701499462127685547e-01 8.720645904541015625e-01 1.000000000000000000e+00
6.627451181411743164e-01 7.673202753067016602e-01 8.705882430076599121e-01 1.000000000000000000e+00
6.586851477622985840e-01 7.644906044006347656e-01 8.691118955612182617e-01 1.000000000000000000e+00
6.546251177787780762e-01 7.616608738899230957e-01 8.676355481147766113e-01 1.000000000000000000e+00
6.505651473999023438e-01 7.588312029838562012e-01 8.661591410636901855e-01 1.000000000000000000e+00
6.465051770210266113e-01 7.560015320777893066e-01 8.646827936172485352e-01 1.000000000000000000e+00
6.424452066421508789e-01 7.531718611717224121e-01 8.632064461708068848e-01 1.000000000000000000e+00
6.383852362632751465e-01 7.503421902656555176e-01 8.617300987243652344e-01 1.000000000000000000e+00
6.343252658843994141e-01 7.475125193595886230e-01 8.602537512779235840e-01 1.000000000000000000e+00
6.302652955055236816e-01 7.446827888488769531e-01 8.587774038314819336e-01 1.000000000000000000e+00
6.262053251266479492e-01 7.418531179428100586e-01 8.573010563850402832e-01 1.000000000000000000e+00
6.221453547477722168e-01 7.390234470367431641e-01 8.558247089385986328e-01 1.000000000000000000e+00
6.187773942947387695e-01 7.355017066001892090e-01 8.539792299270629883e-01 1.000000000000000000e+00
6.165628433227539062e-01 7.308266162872314453e-01 8.515186309814453125e-01 1.000000000000000000e+00
6.143483519554138184e-01 7.261514663696289062e-01 8.490580320358276367e-01 1.000000000000000000e+00
6.121338009834289551e-01 7.214763760566711426e-01 8.465974330902099609e-01 1.000000000000000000e+00
6.099192500114440918e-01 7.168012261390686035e-01 8.441368937492370605e-01 1.000000000000000000e+00
6.077047586441040039e-01 7.121260762214660645e-01 8.416762948036193848e-01 1.000000000000000000e+00
6.054902076721191406e-01 7.074509859085083008e-01 8.392156958580017090e-01 1.000000000000000000e+00
6.032756567001342773e-01 7.027758359909057617e-01 8.367550969123840332e-01 1.000000000000000000e+00
6.010611057281494141e-01 6.981007456779479980e-01 8.342944979667663574e-01 1.000000000000000000e+00
5.988466143608093262e-01 6.934255957603454590e-01 8.318338990211486816e-01 1.000000000000000000e+00
5.966320633888244629e-01 6.887505054473876953e-01 8.293733000755310059e-01 1.000000000000000000e+00
5.944175124168395996e-01 6.840753555297851562e-01 8.269127011299133301e-01 1.000000000000000000e+00
5.922030210494995117e-01 6.794002056121826172e-01 8.244521617889404297e-01 1.000000000000000000e+00
5.899884700775146484e-01 6.747251152992248535e-01 8.219915628433227539e-01 1.000000000000000000e+00
5.877739191055297852e-01 6.700499653816223145e-01 8.195309638977050781e-01 1.000000000000000000e+00
5.855594277381896973e-01 6.653748750686645508e-01 8.170703649520874023e-01 1.000000000000000000e+00
5.833448767662048340e-01 6.606997251510620117e-01 8.146097660064697266e-01 1.000000000000000000e+00
5.811303257942199707e-01 6.560246348381042480e-01 8.121491670608520508e-01 1.000000000000000000e+00
5.789157748222351074e-01 6.513494849205017090e-01 8.096885681152343750e-01 1.000000000000000000e+00
5.767012834548950195e-01 6.466743350028991699e-01 8.072279691696166992e-01 1.000000000000000000e+00
5.744867324829101562e-01 6.419992446899414062e-01 8.047673702239990234e-01 1.000000000000000000e+00
5.722721815109252930e-01 6.373240947723388672e-01 8.023068308830261230e-01 1.000000000000000000e+00
5.700576901435852051e-01 6.326490044593811035e-01 7.998462319374084473e-01 1.000000000000000000e+00
5.678431391716003418e-01 6.279738545417785645e-01 7.973856329917907715e-01 1.000000000000000000e+00
5.656285881996154785e-01 6.232987046241760254e-01 7.949250340461730957e-01 1.000000000000000000e+00
5.634140968322753906e-01 6.186236143112182617e-01 7.924644351005554199e-01 1.000000000000000000e+00
5.611995458602905273e-01 6.139484643936157227e-01 7.900038361549377441e-01 1.000000000000000000e+00
5.589849948883056641e-01 6.092733740806579590e-01 7.875432372093200684e-01 1.000000000000000000e+00
5.567704439163208008e-01 6.045982241630554199e-01 7.850826382637023926e-01 1.000000000000000000e+00
5.545559525489807129e-01 5.999231338500976562e-01 7.826220393180847168e-01 1.000000000000000000e+00
5.523414015769958496e-01 5.952479839324951172e-01 7.801614999771118164e-01 1.000000000000000000e+00
5.501268506050109863e-01 5.905728340148925781e-01 7.777009010314941406e-01 1.000000000000000000e+00
5.490196347236633301e-01 5.855901837348937988e-01 7.751787900924682617e-01 1.000000000000000000e+00
5.490196347236633301e-01 5.802999138832092285e-01 7.725951671600341797e-01 1.000000000000000000e+00
5.490196347236633301e-01 5.750095844268798828e-01 7.700115442276000977e-01 1.000000000000000000e+00
5.490196347236633301e-01 5.697193145751953125e-01 7.674279212951660156e-01 1.000000000000000000e+00
5.490196347236633301e-01 5.644290447235107422e-01 7.648442983627319336e-01 1.000000000000000000e+00
5.490196347236633301e-01 5.591387748718261719e-01 7.622606754302978516e-01 1.000000000000000000e+00
5.490196347236633301e-01 5.538485050201416016e-01 7.596770524978637695e-01 1.000000000000000000e+00
5.490196347236633301e-01 5.485582351684570312e-01 7.570934295654296875e-01 1.000000000000000000e+00
5.490196347236633301e-01 5.432679653167724609e-01 7.545098066329956055e-01 1.000000000000000000e+00
5.490196347236633301e-01 5.379776954650878906e-01 7.519261837005615234e-01 1.000000000000000000e+00
5.490196347236633301e-01 5.326874256134033203e-01 7.493425607681274414e-01 1.000000000000000000e+00
5.490196347236633301e-01 5.273971557617187500e-01 7.467589378356933594e-01 1.000000000000000000e+00
5.490196347236633301e-01 5.221068859100341797e-01 7.441753149032592773e-01 1.000000000000000000e+00
5.490196347236633301e-01 5.168166160583496094e-01 7.415916919708251953e-01 1.000000000000000000e+00
5.490196347236633301e-01 5.115263462066650391e-01 7.390080690383911133e-01 1.000000000000000000e+00
5.490196347236633301e-01 5.062360763549804688e-01 7.364244461059570312e-01 1.000000000000000000e+00
5.490196347236633301e-01 5.009458065032958984e-01 7.338408231735229492e-01 1.000000000000000000e+00
5.490196347236633301e-01 4.956555068492889404e-01 7.312572002410888672e-01 1.000000000000000000e+00
5.490196347236633301e-01 4.903652369976043701e-01 7.286735773086547852e-01 1.000000000000000000e+00
5.490196347236633301e-01 4.850749671459197998e-01 7.260899543762207031e-01 1.000000000000000000e+00
5.490196347236633301e-01 4.797846972942352295e-01 7.235063314437866211e-01 1.000000000000000000e+00
5.490196347236633301e-01 4.744944274425506592e-01 7.209227085113525391e-01 1.000000000000000000e+00
5.490196347236633301e-01 4.692041575908660889e-01 7.183390855789184570e-01 1.000000000000000000e+00
5.490196347236633301e-01 4.639138877391815186e-01 7.157554626464843750e-01 1.000000000000000000e+00
5.490196347236633301e-01 4.586236178874969482e-01 7.131718397140502930e-01 1.000000000000000000e+00
5.490196347236633301e-01 4.533333480358123779e-01 7.105882167816162109e-01 1.000000000000000000e+00
5.490196347236633301e-01 4.480430483818054199e-01 7.080045938491821289e-01 1.000000000000000000e+00
5.490196347236633301e-01 4.427527785301208496e-01 7.054209709167480469e-01 1.000000000000000000e+00
5.490196347236633301e-01 4.374625086784362793e-01 7.028373479843139648e-01 1.000000000000000000e+00
5.490196347236633301e-01 4.321722388267517090e-01 7.002537250518798828e-01 1.000000000000000000e+00
5.490196347236633301e-01 4.268819689750671387e-01 6.976701021194458008e-01 1.000000000000000000e+00
5.490196347236633301e-01 4.215916991233825684e-01 6.950864791870117188e-01 1.000000000000000000e+00
5.487120151519775391e-01 4.163783192634582520e-01 6.925798058509826660e-01 1.000000000000000000e+00
5.482199192047119141e-01 4.112110733985900879e-01 6.901192069053649902e-01 1.000000000000000000e+00
5.477278232574462891e-01 4.060438275337219238e-01 6.876586079597473145e-01 1.000000000000000000e+00
5.472356677055358887e-01 4.008765816688537598e-01 6.851980090141296387e-01 1.000000000000000000e+00
5.467435717582702637e-01 3.957093358039855957e-01 6.827374100685119629e-01 1.000000000000000000e+00
5.462514162063598633e-01 3.905420899391174316e-01 6.802768111228942871e-01 1.000000000000000000e+00
5.457593202590942383e-01 3.853748440742492676e-01 6.778162121772766113e-01 1.000000000000000000e+00
5.452672243118286133e-01 3.802075982093811035e-01 6.753556132316589355e-01 1.000000000000000000e+00
5.447750687599182129e-01 3.750403821468353271e-01 6.728950142860412598e-01 1.000000000000000000e+00
5.442829728126525879e-01 3.698731362819671631e-01 6.704344749450683594e-01 1.000000000000000000e+00
5.437908768653869629e-01 3.647058904170989990e-01 6.679738759994506836e-01 1.000000000000000000e+00
5.432987213134765625e-01 3.595386445522308350e-01 6.655132770538330078e-01 1.000000000000000000e+00
5.428066253662109375e-01 3.543713986873626709e-01 6.630526781082153320e-01 1.000000000000000000e+00
5.423144698143005371e-01 3.492041528224945068e-01 6.605920791625976562e-01 1.000000000000000000e+00
5.418223738670349121e-01 3.440369069576263428e-01 6.581314802169799805e-01 1.000000000000000000e+00
5.413302779197692871e-01 3.388696610927581787e-01 6.556708812713623047e-01 1.000000000000000000e+00
5.408381223678588867e-01 3.337024152278900146e-01 6.532102823257446289e-01 1.000000000000000000e+00
5.403460264205932617e-01 3.285351693630218506e-01 6.507496833801269531e-01 1.000000000000000000e+00
5.398539304733276367e-01 3.233679234981536865e-01 6.482891440391540527e-01 1.000000000000000000e+00
5.393617749214172363e-01 3.182006776332855225e-01 6.458285450935363770e-01 1.000000000000000000e+00
5.388696789741516113e-01 3.130334615707397461e-01 6.433679461479187012e-01 1.000000000000000000e+00
5.383775234222412109e-01 3.078662157058715820e-01 6.409073472023010254e-01 1.000000000000000000e+00
5.378854274749755859e-01 3.026989698410034180e-01 6.384467482566833496e-01 1.000000000000000000e+00
5.373933315277099609e-01 2.975317239761352539e-01 6.359861493110656738e-01 1.000000000000000000e+00
5.369011759757995605e-01 2.923644781112670898e-01 6.335255503654479980e-01 1.000000000000000000e+00
5.364090800285339355e-01 2.871972322463989258e-01 6.310649514198303223e-01 1.000000000000000000e+00
5.359169840812683105e-01 2.820299863815307617e-01 6.286044120788574219e-01 1.000000000000000000e+00
5.354248285293579102e-01 2.768627405166625977e-01 6.261438131332397461e-01 1.000000000000000000e+00
5.349327325820922852e-01 2.716954946517944336e-01 6.236832141876220703e-01 1.000000000000000000e+00
5.344405770301818848e-01 2.665282487869262695e-01 6.212226152420043945e-01 1.000000000000000000e+00
5.339484810829162598e-01 2.613610029220581055e-01 6.187620162963867188e-01 1.000000000000000000e+00
5.334563851356506348e-01 2.561937570571899414e-01 6.163014173507690430e-01 1.000000000000000000e+00
5.326874256134033203e-01 2.502883374691009521e-01 6.126412749290466309e-01 1.000000000000000000e+00
5.318261981010437012e-01 2.441368699073791504e-01 6.085813045501708984e-01 1.000000000000000000e+00
5.309650301933288574e-01 2.379853874444961548e-01 6.045213341712951660e-01 1.000000000000000000e+00
5.301038026809692383e-01 2.318339049816131592e-01 6.004613637924194336e-01 1.000000000000000000e+00
5.292425751686096191e-01 2.256824225187301636e-01 5.964013934135437012e-01 1.000000000000000000e+00
5.283814072608947754e-01 2.195309549570083618e-01 5.923414230346679688e-01 1.000000000000000000e+00
5.275201797485351562e-01 2.133794724941253662e-01 5.882814526557922363e-01 1.000000000000000000e+00
5.266589522361755371e-01 2.072279900312423706e-01 5.842214822769165039e-01 1.000000000000000000e+00
5.257977843284606934e-01 2.010765075683593750e-01 5.801614522933959961e-01 1.000000000000000000e+00
5.249365568161010742e-01 1.949250251054763794e-01 5.761014819145202637e-01 1.000000000000000000e+00
5.240753293037414551e-01 1.887735426425933838e-01 5.720415115356445312e-01 1.000000000000000000e+00
5.232141613960266113e-01 1.826220750808715820e-01 5.679815411567687988e-01 1.000000000000000000e+00
5.223529338836669922e-01 1.764705926179885864e-01 5.639215707778930664e-01 1.000000000000000000e+00
5.214917063713073730e-01 1.703191101551055908e-01 5.598616003990173340e-01 1.000000000000000000e+00
5.206305384635925293e-01 1.641676276922225952e-01 5.558016300201416016e-01 1.000000000000000000e+00
5.197693109512329102e-01 1.580161452293395996e-01 5.517416596412658691e-01 1.000000000000000000e+00
5.189080834388732910e-01 1.518646627664566040e-01 5.476816892623901367e-01 1.000000000000000000e+00
5.180469155311584473e-01 1.457131803035736084e-01 5.436216592788696289e-01 1.000000000000000000e+00
5.171856880187988281e-01 1.395617127418518066e-01 5.395616888999938965e-01 1.000000000000000000e+00
5.163245201110839844e-01 1.334102302789688110e-01 5.355017185211181641e-01 1.000000000000000000e+00
5.154632925987243652e-01 1.272587478160858154e-01 5.314417481422424316e-01 1.000000000000000000e+00
5.146020650863647461e-01 1.211072653532028198e-01 5.273817777633666992e-01 1.000000000000000000e+00
5.137408971786499023e-01 1.149557828903198242e-01 5.233218073844909668e-01 1.000000000000000000e+00
5.128796696662902832e-01 1.088043078780174255e-01 5.192618370056152344e-01 1.000000000000000000e+00
5.120184421539306641e-01 1.026528254151344299e-01 5.152018666267395020e-01 1.000000000000000000e+00
5.111572742462158203e-01 9.650134295225143433e-02 5.111418962478637695e-01 1.000000000000000000e+00
5.102960467338562012e-01 9.034986793994903564e-02 5.070818662643432617e-01 1.000000000000000000e+00
5.094348192214965820e-01 8.419838547706604004e-02 5.030218958854675293e-01 1.000000000000000000e+00
5.085736513137817383e-01 7.804690301418304443e-02 4.989619255065917969e-01 1.000000000000000000e+00
5.077124238014221191e-01 7.189542800188064575e-02 4.949019551277160645e-01 1.000000000000000000e+00
5.068511962890625000e-01 6.574394553899765015e-02 4.908419847488403320e-01 1.000000000000000000e+00
5.059900283813476562e-01 5.959246307611465454e-02 4.867820143699645996e-01 1.000000000000000000e+00
5.002844929695129395e-01 5.720876529812812805e-02 4.809996187686920166e-01 1.000000000000000000e+00
4.938869774341583252e-01 5.536332353949546814e-02 4.749711751937866211e-01 1.000000000000000000e+00
4.874894320964813232e-01 5.351787805557250977e-02 4.689427018165588379e-01 1.000000000000000000e+00
4.810918867588043213e-01 5.167243257164955139e-02 4.629142582416534424e-01 1.000000000000000000e+00
4.746943414211273193e-01 4.982699081301689148e-02 4.568858146667480469e-01 1.000000000000000000e+00
4.682967960834503174e-01 4.798154532909393311e-02 4.508573710918426514e-01 1.000000000000000000e+00
4.618992805480957031e-01 4.613609984517097473e-02 4.448288977146148682e-01 1.000000000000000000e+00
4.555017352104187012e-01 4.429065808653831482e-02 4.388004541397094727e-01 1.000000000000000000e+00
4.491041898727416992e-01 4.244521260261535645e-02 4.327720105648040771e-01 1.000000000000000000e+00
4.427066445350646973e-01 4.059977084398269653e-02 4.267435669898986816e-01 1.000000000000000000e+00
4.363090991973876953e-01 3.875432536005973816e-02 4.207151234149932861e-01 1.000000000000000000e+00
4.299115836620330811e-01 3.690887987613677979e-02 4.146866500377655029e-01 1.000000000000000000e+00
4.235140383243560791e-01 3.506343811750411987e-02 4.086582064628601074e-01 1.000000000000000000e+00
4.171164929866790771e-01 3.321799263358116150e-02 4.026297628879547119e-01 1.000000000000000000e+00
4.107189476490020752e-01 3.137255087494850159e-02 3.966013193130493164e-01 1.000000000000000000e+00
4.043214023113250732e-01 2.952710539102554321e-02 3.905728459358215332e-01 1.000000000000000000e+00
3.979238867759704590e-01 2.768166176974773407e-02 3.845444023609161377e-01 1.000000000000000000e+00
3.915263414382934570e-01 2.583621628582477570e-02 3.785159587860107422e-01 1.000000000000000000e+00
3.851287961006164551e-01 2.399077266454696655e-02 3.724875152111053467e-01 1.000000000000000000e+00
3.787312507629394531e-01 2.214532904326915741e-02 3.664590418338775635e-01 1.000000000000000000e+00
3.723337054252624512e-01 2.029988542199134827e-02 3.604305982589721680e-01 1.000000000000000000e+00
3.659361898899078369e-01 1.845443993806838989e-02 3.544021546840667725e-01 1.000000000000000000e+00
3.595386445522308350e-01 1.660899631679058075e-02 3.483737111091613770e-01 1.000000000000000000e+00
3.531410992145538330e-01 1.476355269551277161e-02 3.423452377319335938e-01 1.000000000000000000e+00
3.467435538768768311e-01 1.291810814291238785e-02 3.363167941570281982e-01 1.000000000000000000e+00
3.403460085391998291e-01 1.107266452163457870e-02 3.302883505821228027e-01 1.000000000000000000e+00
3.339484930038452148e-01 9.227219969034194946e-03 3.242599070072174072e-01 1.000000000000000000e+00
3.275509476661682129e-01 7.381776347756385803e-03 3.182314634323120117e-01 1.000000000000000000e+00
3.211534023284912109e-01 5.536332260817289352e-03 3.122029900550842285e-01 1.000000000000000000e+00
3.147558569908142090e-01 3.690888173878192902e-03 3.061745464801788330e-01 1.000000000000000000e+00
3.083583116531372070e-01 1.845444086939096451e-03 3.001461029052734375e-01 1.000000000000000000e+00
3.019607961177825928e-01 0.000000000000000000e+00 2.941176593303680420e-01 1.000000000000000000e+00
