0.000000000000000000e+00 0.000000000000000000e+00 1.000000000000000000e+00 1.000000000000000000e+00
7.843137718737125397e-03 7.843137718737125397e-03 1.000000000000000000e+00 1.000000000000000000e+00
1.568627543747425079e-02 1.568627543747425079e-02 1.000000000000000000e+00 1.000000000000000000e+00
2.352941222488880157e-02 2.352941222488880157e-02 1.000000000000000000e+00 1.000000000000000000e+00
3.137255087494850159e-02 3.137255087494850159e-02 1.000000000000000000e+00 1.000000000000000000e+00
3.921568766236305237e-02 3.921568766236305237e-02 1.000000000000000000e+00 1.000000000000000000e+00
4.705882444977760315e-02 4.705882444977760315e-02 1.000000000000000000e+00 1.000000000000000000e+00
5.490196123719215393e-02 5.490196123719215393e-02 1.000000000000000000e+00 1.000000000000000000e+00
6.274510174989700317e-02 6.274510174989700317e-02 1.000000000000000000e+00 1.000000000000000000e+00
7.058823853731155396e-02 7.058823853731155396e-02 1.000000000000000000e+00 1.000000000000000000e+00
7.843137532472610474e-02 7.843137532472610474e-02 1.000000000000000000e+00 1.000000000000000000e+00
8.627451211214065552e-02 8.627451211214065552e-02 1.000000000000000000e+00 1.000000000000000000e+00
9.411764889955520630e-02 9.411764889955520630e-02 1.000000000000000000e+00 1.000000000000000000e+00
1.019607856869697571e-01 1.019607856869697571e-01 1.000000000000000000e+00 1.000000000000000000e+00
1.098039224743843079e-01 1.098039224743843079e-01 1.000000000000000000e+00 1.000000000000000000e+00
1.176470592617988586e-01 1.176470592617988586e-01 1.000000000000000000e+00 1.000000000000000000e+00
1.254902034997940063e-01 1.254902034997940063e-01 1.000000000000000000e+00 1.000000000000000000e+00
1.333333402872085571e-01 1.333333402872085571e-01 1.000000000000000000e+00 1.000000000000000000e+00
1.411764770746231079e-01 1.411764770746231079e-01 1.000000000000000000e+00 1.000000000000000000e+00
1.490196138620376587e-01 1.490196138620376587e-01 1.000000000000000000e+00 1.000000000000000000e+00
1.568627506494522095e-01 1.568627506494522095e-01 1.000000000000000000e+00 1.000000000000000000e+00
1.647058874368667603e-01 1.647058874368667603e-01 1.000000000000000000e+00 1.000000000000000000e+00
1.725490242242813110e-01 1.725490242242813110e-01 1.000000000000000000e+00 1.000000000000000000e+00
1.803921610116958618e-01 1.803921610116958618e-01 1.000000000000000000e+00 1.000000000000000000e+00
1.882352977991104126e-01 1.882352977991104126e-01 1.000000000000000000e+00 1.000000000000000000e+00
1.960784345865249634e-01 1.960784345865249634e-01 1.000000000000000000e+00 1.000000000000000000e+00
2.039215713739395142e-01 2.039215713739395142e-01 1.000000000000000000e+00 1.000000000000000000e+00
2.117647081613540649e-01 2.117647081613540649e-01 1.000000000000000000e+00 1.000000000000000000e+00
2.196078449487686157e-01 2.196078449487686157e-01 1.000000000000000000e+00 1.000000000000000000e+00
2.274509817361831665e-01 2.274509817361831665e-01 1.000000000000000000e+00 1.000000000000000000e+00
2.352941185235977173e-01 2.352941185235977173e-01 1.000000000000000000e+00 1.000000000000000000e+00
2.431372553110122681e-01 2.431372553110122681e-01 1.000000000000000000e+00 1.000000000000000000e+00
2.509804069995880127e-01 2.509804069995880127e-01 1.000000000000000000e+00 1.000000000000000000e+00
2.588235437870025635e-01 2.588235437870025635e-01 1.000000000000000000e+00 1.000000000000000000e+00
2.666666805744171143e-01 2.666666805744171143e-01 1.000000000000000000e+00 1.000000000000000000e+00
2.745098173618316650e-01 2.745098173618316650e-01 1.000000000000000000e+00 1.000000000000000000e+00
2.823529541492462158e-01 2.823529541492462158e-01 1.000000000000000000e+00 1.000000000000000000e+00
2.901960909366607666e-01 2.901960909366607666e-01 1.000000000000000000e+00 1.000000000000000000e+00
2.980392277240753174e-01 2.980392277240753174e-01 1.000000000000000000e+00 1.000000000000000000e+00
3.058823645114898682e-01 3.058823645114898682e-01 1.000000000000000000e+00 1.000000000000000000e+00
3.137255012989044189e-01 3.137255012989044189e-01 1.000000000000000000e+00 1.000000000000000000e+00
3.215686380863189697e-01 3.215686380863189697e-01 1.000000000000000000e+00 1.000000000000000000e+00
3.294117748737335205e-01 3.294117748737335205e-01 1.000000000000000000e+00 1.000000000000000000e+00
3.372549116611480713e-01 3.372549116611480713e-01 1.000000000000000000e+00 1.000000000000000000e+00
3.450980484485626221e-01 3.450980484485626221e-01 1.000000000000000000e+00 1.000000000000000000e+00
3.529411852359771729e-01 3.529411852359771729e-01 1.000000000000000000e+00 1.000000000000000000e+00
3.607843220233917236e-01 3.607843220233917236e-01 1.000000000000000000e+00 1.000000000000000000e+00
3.686274588108062744e-01 3.686274588108062744e-01 1.000000000000000000e+00 1.000000000000000000e+00
3.764705955982208252e-01 3.764705955982208252e-01 1.000000000000000000e+00 1.000000000000000000e+00
3.843137323856353760e-01 3.843137323856353760e-01 1.000000000000000000e+00 1.000000000000000000e+00
3.921568691730499268e-01 3.921568691730499268e-01 1.000000000000000000e+00 1.000000000000000000e+00
4.000000059604644775e-01 4.000000059604644775e-01 1.000000000000000000e+00 1.000000000000000000e+00
4.078431427478790283e-01 4.078431427478790283e-01 1.000000000000000000e+00 1.000000000000000000e+00
4.156862795352935791e-01 4.156862795352935791e-01 1.000000000000000000e+00 1.000000000000000000e+00
4.235294163227081299e-01 4.235294163227081299e-01 1.000000000000000000e+00 1.000000000000000000e+00
4.313725531101226807e-01 4.313725531101226807e-01 1.000000000000000000e+00 1.000000000000000000e+00
4.392156898975372314e-01 4.392156898975372314e-01 1.000000000000000000e+00 1.000000000000000000e+00
4.470588266849517822e-01 4.470588266849517822e-01 1.000000000000000000e+00 1.000000000000000000e+00
4.549019634723663330e-01 4.549019634723663330e-01 1.000000000000000000e+00 1.000000000000000000e+00
4.627451002597808838e-01 4.627451002597808838e-01 1.000000000000000000e+00 1.000000000000000000e+00
4.705882370471954346e-01 4.705882370471954346e-01 1.000000000000000000e+00 1.000000000000000000e+00
4.784313738346099854e-01 4.784313738346099854e-01 1.000000000000000000e+00 1.000000000000000000e+00
4.862745106220245361e-01 4.862745106220245361e-01 1.000000000000000000e+00 1.000000000000000000e+00
4.941176474094390869e-01 4.941176474094390869e-01 1.000000000000000000e+00 1.000000000000000000e+00
5.019608139991760254e-01 5.019608139991760254e-01 1.000000000000000000e+00 1.000000000000000000e+00
5.098039507865905762e-01 5.098039507865905762e-01 1.000000000000000000e+00 1.000000000000000000e+00
5.176470875740051270e-01 5.176470875740051270e-01 1.000000000000000000e+00 1.000000000000000000e+00
5.254902243614196777e-01 5.254902243614196777e-01 1.000000000000000000e+00 1.000000000000000000e+00
5.333333611488342285e-01 5.333333611488342285e-01 1.000000000000000000e+00 1.000000000000000000e+00
5.411764979362487793e-01 5.411764979362487793e-01 1.000000000000000000e+00 1.000000000000000000e+00
5.490196347236633301e-01 5.490196347236633301e-01 1.000000000000000000e+00 1.000000000000000000e+00
5.568627715110778809e-01 5.568627715110778809e-01 1.000000000000000000e+00 1.000000000000000000e+00
5.647059082984924316e-01 5.647059082984924316e-01 1.000000000000000000e+00 1.000000000000000000e+00
5.725490450859069824e-01 5.725490450859069824e-01 1.000000000000000000e+00 1.000000000000000000e+00
5.803921818733215332e-01 5.803921818733215332e-01 1.000000000000000000e+00 1.000000000000000000e+00
5.882353186607360840e-01 5.882353186607360840e-01 1.000000000000000000e+00 1.000000000000000000e+00
5.960784554481506348e-01 5.960784554481506348e-01 1.000000000000000000e+00 1.000000000000000000e+00
6.039215922355651855e-01 6.039215922355651855e-01 1.000000000000000000e+00 1.000000000000000000e+00
6.117647290229797363e-01 6.117647290229797363e-01 1.000000000000000000e+00 1.000000000000000000e+00
6.196078658103942871e-01 6.196078658103942871e-01 1.000000000000000000e+00 1.000000000000000000e+00
6.274510025978088379e-01 6.274510025978088379e-01 1.000000000000000000e+00 1.000000000000000000e+00
6.352941393852233887e-01 6.352941393852233887e-01 1.000000000000000000e+00 1.000000000000000000e+00
6.431372761726379395e-01 6.431372761726379395e-01 1.000000000000000000e+00 1.000000000000000000e+00
6.509804129600524902e-01 6.509804129600524902e-01 1.000000000000000000e+00 1.000000000000000000e+00
6.588235497474670410e-01 6.588235497474670410e-01 1.000000000000000000e+00 1.000000000000000000e+00
6.666666865348815918e-01 6.666666865348815918e-01 1.000000000000000000e+00 1.000000000000000000e+00
6.745098233222961426e-01 6.745098233222961426e-01 1.000000000000000000e+00 1.000000000000000000e+00
6.823529601097106934e-01 6.823529601097106934e-01 1.000000000000000000e+00 1.000000000000000000e+00
6.901960968971252441e-01 6.901960968971252441e-01 1.000000000000000000e+00 1.000000000000000000e+00
6.980392336845397949e-01 6.980392336845397949e-01 1.000000000000000000e+00 1.000000000000000000e+00
7.058823704719543457e-01 7.058823704719543457e-01 1.000000000000000000e+00 1.000000000000000000e+00
7.137255072593688965e-01 7.137255072593688965e-01 1.000000000000000000e+00 1.000000000000000000e+00
7.215686440467834473e-01 7.215686440467834473e-01 1.000000000000000000e+00 1.000000000000000000e+00
7.294117808341979980e-01 7.294117808341979980e-01 1.000000000000000000e+00 1.000000000000000000e+00
7.372549176216125488e-01 7.372549176216125488e-01 1.000000000000000000e+00 1.000000000000000000e+00
7.450980544090270996e-01 7.450980544090270996e-01 1.000000000000000000e+00 1.000000000000000000e+00
7.529411911964416504e-01 7.529411911964416504e-01 1.000000000000000000e+00 1.000000000000000000e+00
7.607843279838562012e-01 7.607843279838562012e-01 1.000000000000000000e+00 1.000000000000000000e+00
7.686274647712707520e-01 7.686274647712707520e-01 1.000000000000000000e+00 1.000000000000000000e+00
7.764706015586853027e-01 7.764706015586853027e-01 1.000000000000000000e+00 1.000000000000000000e+00
7.843137383460998535e-01 7.843137383460998535e-01 1.000000000000000000e+00 1.000000000000000000e+00
7.921568751335144043e-01 7.921568751335144043e-01 1.000000000000000000e+00 1.000000000000000000e+00
8.000000119209289551e-01 8.000000119209289551e-01 1.000000000000000000e+00 1.000000000000000000e+00
8.078431487083435059e-01 8.078431487083435059e-01 1.000000000000000000e+00 1.000000000000000000e+00
8.156862854957580566e-01 8.156862854957580566e-01 1.000000000000000000e+00 1.000000000000000000e+00
8.235294222831726074e-01 8.235294222831726074e-01 1.000000000000000000e+00 1.000000000000000000e+00
8.313725590705871582e-01 8.313725590705871582e-01 1.000000000000000000e+00 1.000000000000000000e+00
8.392156958580017090e-01 8.392156958580017090e-01 1.000000000000000000e+00 1.000000000000000000e+00
8.470588326454162598e-01 8.470588326454162598e-01 1.000000000000000000e+00 1.000000000000000000e+00
8.549019694328308105e-01 8.549019694328308105e-01 1.000000000000000000e+00 1.000000000000000000e+00
8.627451062202453613e-01 8.627451062202453613e-01 1.000000000000000000e+00 1.000000000000000000e+00
8.705882430076599121e-01 8.705882430076599121e-01 1.000000000000000000e+00 1.000000000000000000e+00
8.784313797950744629e-01 8.784313797950744629e-01 1.000000000000000000e+00 1.000000000000000000e+00
8.862745165824890137e-01 8.862745165824890137e-01 1.000000000000000000e+00 1.000000000000000000e+00
8.941176533699035645e-01 8.941176533699035645e-01 1.000000000000000000e+00 1.000000000000000000e+00
9.019607901573181152e-01 9.019607901573181152e-01 1.000000000000000000e+00 1.000000000000000000e+00
9.098039269447326660e-01 9.098039269447326660e-01 1.000000000000000000e+00 1.000000000000000000e+00
9.176470637321472168e-01 9.176470637321472168e-01 1.000000000000000000e+00 1.000000000000000000e+00
9.254902005195617676e-01 9.254902005195617676e-01 1.000000000000000000e+00 1.000000000000000000e+00
9.333333373069763184e-01 9.333333373069763184e-01 1.000000000000000000e+00 1.000000000000000000e+00
9.411764740943908691e-01 9.411764740943908691e-01 1.000000000000000000e+00 1.000000000000000000e+00
9.490196108818054199e-01 9.490196108818054199e-01 1.000000000000000000e+00 1.000000000000000000e+00
9.568627476692199707e-01 9.568627476692199707e-01 1.000000000000000000e+00 1.000000000000000000e+00
9.647058844566345215e-01 9.647058844566345215e-01 1.000000000000000000e+00 1.000000000000000000e+00
9.725490212440490723e-01 9.725490212440490723e-01 1.000000000000000000e+00 1.000000000000000000e+00
9.803921580314636230e-01 9.803921580314636230e-01 1.000000000000000000e+00 1.000000000000000000e+00
9.882352948188781738e-01 9.882352948188781738e-01 1.000000000000000000e+00 1.000000000000000000e+00
9.960784316062927246e-01 9.960784316062927246e-01 1.000000000000000000e+00 1.000000000000000000e+00
1.000000000000000000e+00 9.960784316062927246e-01 9.960784316062927246e-01 1.000000000000000000e+00
1.000000000000000000e+00 9.882352948188781738e-01 9.882352948188781738e-01 1.000000000000000000e+00
1.000000000000000000e+00 9.803921580314636230e-01 9.803921580314636230e-01 1.000000000000000000e+00
1.000000000000000000e+00 9.725490212440490723e-01 9.725490212440490723e-01 1.000000000000000000e+00
1.000000000000000000e+00 9.647058844566345215e-01 9.647058844566345215e-01 1.000000000000000000e+00
1.000000000000000000e+00 9.568627476692199707e-01 9.568627476692199707e-01 1.000000000000000000e+00
1.000000000000000000e+00 9.490196108818054199e-01 9.490196108818054199e-01 1.000000000000000000e+00
1.000000000000000000e+00 9.411764740943908691e-01 9.411764740943908691e-01 1.000000000000000000e+00
1.000000000000000000e+00 9.333333373069763184e-01 9.333333373069763184e-01 1.000000000000000000e+00
1.000000000000000000e+00 9.254902005195617676e-01 9.254902005195617676e-01 1.000000000000000000e+00
1.000000000000000000e+00 9.176470637321472168e-01 9.176470637321472168e-01 1.000000000000000000e+00
1.000000000000000000e+00 9.098039269447326660e-01 9.098039269447326660e-01 1.000000000000000000e+00
1.000000000000000000e+00 9.019607901573181152e-01 9.019607901573181152e-01 1.000000000000000000e+00
1.000000000000000000e+00 8.941176533699035645e-01 8.941176533699035645e-01 1.000000000000000000e+00
1.000000000000000000e+00 8.862745165824890137e-01 8.862745165824890137e-01 1.000000000000000000e+00
1.000000000000000000e+00 8.784313797950744629e-01 8.784313797950744629e-01 1.000000000000000000e+00
1.000000000000000000e+00 8.705882430076599121e-01 8.705882430076599121e-01 1.000000000000000000e+00
1.000000000000000000e+00 8.627451062202453613e-01 8.627451062202453613e-01 1.000000000000000000e+00
1.000000000000000000e+00 8.549019694328308105e-01 8.549019694328308105e-01 1.000000000000000000e+00
1.000000000000000000e+00 8.470588326454162598e-01 8.470588326454162598e-01 1.000000000000000000e+00
1.000000000000000000e+00 8.392156958580017090e-01 8.392156958580017090e-01 1.000000000000000000e+00
1.000000000000000000e+00 8.313725590705871582e-01 8.313725590705871582e-01 1.000000000000000000e+00
1.000000000000000000e+00 8.235294222831726074e-01 8.235294222831726074e-01 1.000000000000000000e+00
1.000000000000000000e+00 8.156862854957580566e-01 8.156862854957580566e-01 1.000000000000000000e+00
1.000000000000000000e+00 8.078431487083435059e-01 8.078431487083435059e-01 1.000000000000000000e+00
1.000000000000000000e+00 8.000000119209289551e-01 8.000000119209289551e-01 1.000000000000000000e+00
1.000000000000000000e+00 7.921568751335144043e-01 7.921568751335144043e-01 1.000000000000000000e+00
1.000000000000000000e+00 7.843137383460998535e-01 7.843137383460998535e-01 1.000000000000000000e+00
1.000000000000000000e+00 7.764706015586853027e-01 7.764706015586853027e-01 1.000000000000000000e+00
1.000000000000000000e+00 7.686274647712707520e-01 7.686274647712707520e-01 1.000000000000000000e+00
1.000000000000000000e+00 7.607843279838562012e-01 7.607843279838562012e-01 1.000000000000000000e+00
1.000000000000000000e+00 7.529411911964416504e-01 7.529411911964416504e-01 1.000000000000000000e+00
1.000000000000000000e+00 7.450980544090270996e-01 7.450980544090270996e-01 1.000000000000000000e+00
1.000000000000000000e+00 7.372549176216125488e-01 7.372549176216125488e-01 1.000000000000000000e+00
1.000000000000000000e+00 7.294117808341979980e-01 7.294117808341979980e-01 1.000000000000000000e+00
1.000000000000000000e+00 7.215686440467834473e-01 7.215686440467834473e-01 1.000000000000000000e+00
1.000000000000000000e+00 7.137255072593688965e-01 7.137255072593688965e-01 1.000000000000000000e+00
1.000000000000000000e+00 7.058823704719543457e-01 7.058823704719543457e-01 1.000000000000000000e+00
1.000000000000000000e+00 6.980392336845397949e-01 6.980392336845397949e-01 1.000000000000000000e+00
1.000000000000000000e+00 6.901960968971252441e-01 6.901960968971252441e-01 1.000000000000000000e+00
1.000000000000000000e+00 6.823529601097106934e-01 6.823529601097106934e-01 1.000000000000000000e+00
1.000000000000000000e+00 6.745098233222961426e-01 6.745098233222961426e-01 1.000000000000000000e+00
1.000000000000000000e+00 6.666666865348815918e-01 6.666666865348815918e-01 1.000000000000000000e+00
1.000000000000000000e+00 6.588235497474670410e-01 6.588235497474670410e-01 1.000000000000000000e+00
1.000000000000000000e+00 6.509804129600524902e-01 6.509804129600524902e-01 1.000000000000000000e+00
1.000000000000000000e+00 6.431372761726379395e-01 6.431372761726379395e-01 1.000000000000000000e+00
1.000000000000000000e+00 6.352941393852233887e-01 6.352941393852233887e-01 1.000000000000000000e+00
1.000000000000000000e+00 6.274510025978088379e-01 6.274510025978088379e-01 1.000000000000000000e+00
1.000000000000000000e+00 6.196078658103942871e-01 6.196078658103942871e-01 1.000000000000000000e+00
1.000000000000000000e+00 6.117647290229797363e-01 6.117647290229797363e-01 1.000000000000000000e+00
1.000000000000000000e+00 6.039215922355651855e-01 6.039215922355651855e-01 1.000000000000000000e+00
1.000000000000000000e+00 5.960784554481506348e-01 5.960784554481506348e-01 1.000000000000000000e+00
1.000000000000000000e+00 5.882353186607360840e-01 5.882353186607360840e-01 1.000000000000000000e+00
1.000000000000000000e+00 5.803921818733215332e-01 5.803921818733215332e-01 1.000000000000000000e+00
1.000000000000000000e+00 5.725490450859069824e-01 5.725490450859069824e-01 1.000000000000000000e+00
1.000000000000000000e+00 5.647059082984924316e-01 5.647059082984924316e-01 1.000000000000000000e+00
1.000000000000000000e+00 5.568627715110778809e-01 5.568627715110778809e-01 1.000000000000000000e+00
1.000000000000000000e+00 5.490196347236633301e-01 5.490196347236633301e-01 1.000000000000000000e+00
1.000000000000000000e+00 5.411764979362487793e-01 5.411764979362487793e-01 1.000000000000000000e+00
1.000000000000000000e+00 5.333333611488342285e-01 5.333333611488342285e-01 1.000000000000000000e+00
1.000000000000000000e+00 5.254902243614196777e-01 5.254902243614196777e-01 1.000000000000000000e+00
1.000000000000000000e+00 5.176470875740051270e-01 5.176470875740051270e-01 1.000000000000000000e+00
1.000000000000000000e+00 5.098039507865905762e-01 5.098039507865905762e-01 1.000000000000000000e+00
1.000000000000000000e+00 5.019608139991760254e-01 5.019608139991760254e-01 1.000000000000000000e+00
1.000000000000000000e+00 4.941176474094390869e-01 4.941176474094390869e-01 1.000000000000000000e+00
1.000000000000000000e+00 4.862745106220245361e-01 4.862745106220245361e-01 1.000000000000000000e+00
1.000000000000000000e+00 4.784313738346099854e-01 4.784313738346099854e-01 1.000000000000000000e+00
1.000000000000000000e+00 4.705882370471954346e-01 4.705882370471954346e-01 1.000000000000000000e+00
1.000000000000000000e+00 4.627451002597808838e-01 4.627451002597808838e-01 1.000000000000000000e+00
1.000000000000000000e+00 4.549019634723663330e-01 4.549019634723663330e-01 1.000000000000000000e+00
1.000000000000000000e+00 4.470588266849517822e-01 4.470588266849517822e-01 1.000000000000000000e+00
1.000000000000000000e+00 4.392156898975372314e-01 4.392156898975372314e-01 1.000000000000000000e+00
1.000000000000000000e+00 4.313725531101226807e-01 4.313725531101226807e-01 1.000000000000000000e+00
1.000000000000000000e+00 4.235294163227081299e-01 4.235294163227081299e-01 1.000000000000000000e+00
1.000000000000000000e+00 4.156862795352935791e-01 4.156862795352935791e-01 1.000000000000000000e+00
1.000000000000000000e+00 4.078431427478790283e-01 4.078431427478790283e-01 1.000000000000000000e+00
1.000000000000000000e+00 4.000000059604644775e-01 4.000000059604644775e-01 1.000000000000000000e+00
1.000000000000000000e+00 3.921568691730499268e-01 3.921568691730499268e-01 1.000000000000000000e+00
1.000000000000000000e+00 3.843137323856353760e-01 3.843137323856353760e-01 1.000000000000000000e+00
1.000000000000000000e+00 3.764705955982208252e-01 3.764705955982208252e-01 1.000000000000000000e+00
1.000000000000000000e+00 3.686274588108062744e-01 3.686274588108062744e-01 1.000000000000000000e+00
1.000000000000000000e+00 3.607843220233917236e-01 3.607843220233917236e-01 1.000000000000000000e+00
1.000000000000000000e+00 3.529411852359771729e-01 3.529411852359771729e-01 1.000000000000000000e+00
1.000000000000000000e+00 3.450980484485626221e-01 3.450980484485626221e-01 1.000000000000000000e+00
1.000000000000000000e+00 3.372549116611480713e-01 3.372549116611480713e-01 1.000000000000000000e+00
1.000000000000000000e+00 3.294117748737335205e-01 3.294117748737335205e-01 1.000000000000000000e+00
1.000000000000000000e+00 3.215686380863189697e-01 3.215686380863189697e-01 1.000000000000000000e+00
1.000000000000000000e+00 3.137255012989044189e-01 3.137255012989044189e-01 1.000000000000000000e+00
1.000000000000000000e+00 3.058823645114898682e-01 3.058823645114898682e-01 1.000000000000000000e+00
1.000000000000000000e+00 2.980392277240753174e-01 2.980392277240753174e-01 1.000000000000000000e+00
1.000000000000000000e+00 2.901960909366607666e-01 2.901960909366607666e-01 1.000000000000000000e+00
1.000000000000000000e+00 2.823529541492462158e-01 2.823529541492462158e-01 1.000000000000000000e+00
1.000000000000000000e+00 2.745098173618316650e-01 2.745098173618316650e-01 1.000000000000000000e+00
1.000000000000000000e+00 2.666666805744171143e-01 2.666666805744171143e-01 1.000000000000000000e+00
1.000000000000000000e+00 2.588235437870025635e-01 2.588235437870025635e-01 1.000000000000000000e+00
1.000000000000000000e+00 2.509804069995880127e-01 2.509804069995880127e-01 1.000000000000000000e+00
1.000000000000000000e+00 2.431372553110122681e-01 2.431372553110122681e-01 1.000000000000000000e+00
1.000000000000000000e+00 2.352941185235977173e-01 2.352941185235977173e-01 1.000000000000000000e+00
1.000000000000000000e+00 2.274509817361831665e-01 2.274509817361831665e-01 1.000000000000000000e+00
1.000000000000000000e+00 2.196078449487686157e-01 2.196078449487686157e-01 1.000000000000000000e+00
1.000000000000000000e+00 2.117647081613540649e-01 2.117647081613540649e-01 1.000000000000000000e+00
1.000000000000000000e+00 2.039215713739395142e-01 2.039215713739395142e-01 1.000000000000000000e+00
1.000000000000000000e+00 1.960784345865249634e-01 1.960784345865249634e-01 1.000000000000000000e+00
1.000000000000000000e+00 1.882352977991104126e-01 1.882352977991104126e-01 1.000000000000000000e+00
1.000000000000000000e+00 1.803921610116958618e-01 1.803921610116958618e-01 1.000000000000000000e+00
1.000000000000000000e+00 1.725490242242813110e-01 1.725490242242813110e-01 1.000000000000000000e+00
1.000000000000000000e+00 1.647058874368667603e-01 1.647058874368667603e-01 1.000000000000000000e+00
1.000000000000000000e+00 1.568627506494522095e-01 1.568627506494522095e-01 1.000000000000000000e+00
1.000000000000000000e+00 1.490196138620376587e-01 1.490196138620376587e-01 1.000000000000000000e+00
1.000000000000000000e+00 1.411764770746231079e-01 1.411764770746231079e-01 1.000000000000000000e+00
1.000000000000000000e+00 1.333333402872085571e-01 1.333333402872085571e-01 1.000000000000000000e+00
1.000000000000000000e+00 1.254902034997940063e-01 1.254902034997940063e-01 1.000000000000000000e+00
1.000000000000000000e+00 1.176470592617988586e-01 1.176470592617988586e-01 1.000000000000000000e+00
1.000000000000000000e+00 1.098039224743843079e-01 1.098039224743843079e-01 1.000000000000000000e+00
1.000000000000000000e+00 1.019607856869697571e-01 1.019607856869697571e-01 1.000000000000000000e+00
1.000000000000000000e+00 9.411764889955520630e-02 9.411764889955520630e-02 1.000000000000000000e+00
1.000000000000000000e+00 8.627451211214065552e-02 8.627451211214065552e-02 1.000000000000000000e+00
1.000000000000000000e+00 7.843137532472610474e-02 7.843137532472610474e-02 1.000000000000000000e+00
1.000000000000000000e+00 7.058823853731155396e-02 7.058823853731155396e-02 1.000000000000000000e+00
1.000000000000000000e+00 6.274510174989700317e-02 6.274510174989700317e-02 1.000000000000000000e+00
1.000000000000000000e+00 5.490196123719215393e-02 5.490196123719215393e-02 1.000000000000000000e+00
1.000000000000000000e+00 4.705882444977760315e-02 4.705882444977760315e-02 1.000000000000000000e+00
1.000000000000000000e+00 3.921568766236305237e-02 3.921568766236305237e-02 1.000000000000000000e+00
1.000000000000000000e+00 3.137255087494850159e-02 3.137255087494850159e-02 1.000000000000000000e+00
1.000000000000000000e+00 2.352941222488880157e-02 2.352941222488880157e-02 1.000000000000000000e+00
1.000000000000000000e+00 1.568627543747425079e-02 1.568627543747425079e-02 1.000000000000000000e+00
1.000000000000000000e+00 7.843137718737125397e-03 7.843137718737125397e-03 1.000000000000000000e+00
1.000000000000000000e+00 0.000000000000000000e+00 0.000000000000000000e+00 1.000000000000000000e+00
