0.000000000000000000e+00 1.351120024919509888e-01 3.047510087490081787e-01 1.000000000000000000e+00
0.000000000000000000e+00 1.380680054426193237e-01 3.111050128936767578e-01 1.000000000000000000e+00
0.000000000000000000e+00 1.410129964351654053e-01 3.175790011882781982e-01 1.000000000000000000e+00
0.000000000000000000e+00 1.439509987831115723e-01 3.239820003509521484e-01 1.000000000000000000e+00
0.000000000000000000e+00 1.468770056962966919e-01 3.304789960384368896e-01 1.000000000000000000e+00
0.000000000000000000e+00 1.497910022735595703e-01 3.370650112628936768e-01 1.000000000000000000e+00
0.000000000000000000e+00 1.526730060577392578e-01 3.437039852142333984e-01 1.000000000000000000e+00
0.000000000000000000e+00 1.553770005702972412e-01 3.504999876022338867e-01 1.000000000000000000e+00
0.000000000000000000e+00 1.579319983720779419e-01 3.575209975242614746e-01 1.000000000000000000e+00
0.000000000000000000e+00 1.604949980974197388e-01 3.645339906215667725e-01 1.000000000000000000e+00
0.000000000000000000e+00 1.630579978227615356e-01 3.716079890727996826e-01 1.000000000000000000e+00
0.000000000000000000e+00 1.656209975481033325e-01 3.787690103054046631e-01 1.000000000000000000e+00
0.000000000000000000e+00 1.682039946317672729e-01 3.859019875526428223e-01 1.000000000000000000e+00
0.000000000000000000e+00 1.708000004291534424e-01 3.930999934673309326e-01 1.000000000000000000e+00
0.000000000000000000e+00 1.734199970960617065e-01 4.003530144691467285e-01 1.000000000000000000e+00
0.000000000000000000e+00 1.760820001363754272e-01 4.075770080089569092e-01 1.000000000000000000e+00
0.000000000000000000e+00 1.788019984960556030e-01 4.147639870643615723e-01 1.000000000000000000e+00
0.000000000000000000e+00 1.816100031137466431e-01 4.218589961528778076e-01 1.000000000000000000e+00
0.000000000000000000e+00 1.845500022172927856e-01 4.288020133972167969e-01 1.000000000000000000e+00
0.000000000000000000e+00 1.869149953126907349e-01 4.355320036411285400e-01 1.000000000000000000e+00
0.000000000000000000e+00 1.887689977884292603e-01 4.395630061626434326e-01 1.000000000000000000e+00
0.000000000000000000e+00 1.909500062465667725e-01 4.410850107669830322e-01 1.000000000000000000e+00
0.000000000000000000e+00 1.933660060167312622e-01 4.415610134601593018e-01 1.000000000000000000e+00
3.601999953389167786e-03 1.959110051393508911e-01 4.415639936923980713e-01 1.000000000000000000e+00
1.785200089216232300e-02 1.985280066728591919e-01 4.412479996681213379e-01 1.000000000000000000e+00
3.210999816656112671e-02 2.011989951133728027e-01 4.407849907875061035e-01 1.000000000000000000e+00
4.620499908924102783e-02 2.039030045270919800e-01 4.401960074901580811e-01 1.000000000000000000e+00
5.837799981236457825e-02 2.066289931535720825e-01 4.395309984683990479e-01 1.000000000000000000e+00
6.896799802780151367e-02 2.093719989061355591e-01 4.388630092144012451e-01 1.000000000000000000e+00
7.862400263547897339e-02 2.121219933032989502e-01 4.381049871444702148e-01 1.000000000000000000e+00
8.746500313282012939e-02 2.148790061473846436e-01 4.373419880867004395e-01 1.000000000000000000e+00
9.564500302076339722e-02 2.176429927349090576e-01 4.365929961204528809e-01 1.000000000000000000e+00
1.034009978175163269e-01 2.204059958457946777e-01 4.357900023460388184e-01 1.000000000000000000e+00
1.106579974293708801e-01 2.231699973344802856e-01 4.350669980049133301e-01 1.000000000000000000e+00
1.176119968295097351e-01 2.259349972009658813e-01 4.343079924583435059e-01 1.000000000000000000e+00
1.242910027503967285e-01 2.286970019340515137e-01 4.335469901561737061e-01 1.000000000000000000e+00
1.306689977645874023e-01 2.314579933881759644e-01 4.328399896621704102e-01 1.000000000000000000e+00
1.368300020694732666e-01 2.342160046100616455e-01 4.321480095386505127e-01 1.000000000000000000e+00
1.428519934415817261e-01 2.369720041751861572e-01 4.314039945602416992e-01 1.000000000000000000e+00
1.486379951238632202e-01 2.397239953279495239e-01 4.307520091533660889e-01 1.000000000000000000e+00
1.542609930038452148e-01 2.424750030040740967e-01 4.301199913024902344e-01 1.000000000000000000e+00
1.597329974174499512e-01 2.452210038900375366e-01 4.295279979705810547e-01 1.000000000000000000e+00
1.651130020618438721e-01 2.479649931192398071e-01 4.289079904556274414e-01 1.000000000000000000e+00
1.703619956970214844e-01 2.507070004940032959e-01 4.283249974250793457e-01 1.000000000000000000e+00
1.754900068044662476e-01 2.534439861774444580e-01 4.277899861335754395e-01 1.000000000000000000e+00
1.805029958486557007e-01 2.561799883842468262e-01 4.272989928722381592e-01 1.000000000000000000e+00
1.854529976844787598e-01 2.589139938354492188e-01 4.267880022525787354e-01 1.000000000000000000e+00
1.903029978275299072e-01 2.616440057754516602e-01 4.263289868831634521e-01 1.000000000000000000e+00
1.950570046901702881e-01 2.643719911575317383e-01 4.259240031242370605e-01 1.000000000000000000e+00
1.997639983892440796e-01 2.670989930629730225e-01 4.254969954490661621e-01 1.000000000000000000e+00
2.043849974870681763e-01 2.698230147361755371e-01 4.251259863376617432e-01 1.000000000000000000e+00
2.089260071516036987e-01 2.725459933280944824e-01 4.248090088367462158e-01 1.000000000000000000e+00
2.134310007095336914e-01 2.752659916877746582e-01 4.244799911975860596e-01 1.000000000000000000e+00
2.178629934787750244e-01 2.779850065708160400e-01 4.242059886455535889e-01 1.000000000000000000e+00
2.222640067338943481e-01 2.807019948959350586e-01 4.239139854907989502e-01 1.000000000000000000e+00
2.265979945659637451e-01 2.834190130233764648e-01 4.236780107021331787e-01 1.000000000000000000e+00
2.308710068464279175e-01 2.861340045928955078e-01 4.234980046749114990e-01 1.000000000000000000e+00
2.351199984550476074e-01 2.888480126857757568e-01 4.233039915561676025e-01 1.000000000000000000e+00
2.393119931221008301e-01 2.915619909763336182e-01 4.231669902801513672e-01 1.000000000000000000e+00
2.434850037097930908e-01 2.942740023136138916e-01 4.230139851570129395e-01 1.000000000000000000e+00
2.476049959659576416e-01 2.969860136508941650e-01 4.229170083999633789e-01 1.000000000000000000e+00
2.516750097274780273e-01 2.996979951858520508e-01 4.228729903697967529e-01 1.000000000000000000e+00
2.557309865951538086e-01 3.024089932441711426e-01 4.228140115737915039e-01 1.000000000000000000e+00
2.597399950027465820e-01 3.051199913024902344e-01 4.228099882602691650e-01 1.000000000000000000e+00
2.637380063533782959e-01 3.078309893608093262e-01 4.227890074253082275e-01 1.000000000000000000e+00
2.676930129528045654e-01 3.105419874191284180e-01 4.228209853172302246e-01 1.000000000000000000e+00
2.716389894485473633e-01 3.132529854774475098e-01 4.228369891643524170e-01 1.000000000000000000e+00
2.755129933357238770e-01 3.159649968147277832e-01 4.229789972305297852e-01 1.000000000000000000e+00
2.794109880924224854e-01 3.186770081520080566e-01 4.230310022830963135e-01 1.000000000000000000e+00
2.832399904727935791e-01 3.213900029659271240e-01 4.232110083103179932e-01 1.000000000000000000e+00
2.870649993419647217e-01 3.241029977798461914e-01 4.233730137348175049e-01 1.000000000000000000e+00
2.908839881420135498e-01 3.268159925937652588e-01 4.235169887542724609e-01 1.000000000000000000e+00
2.946690022945404053e-01 3.295310139656066895e-01 4.237160086631774902e-01 1.000000000000000000e+00
2.984209954738616943e-01 3.322469890117645264e-01 4.239729940891265869e-01 1.000000000000000000e+00
3.021689951419830322e-01 3.349629938602447510e-01 4.242129921913146973e-01 1.000000000000000000e+00
3.058860003948211670e-01 3.376809954643249512e-01 4.245119988918304443e-01 1.000000000000000000e+00
3.096010088920593262e-01 3.403989970684051514e-01 4.247899949550628662e-01 1.000000000000000000e+00
3.132869899272918701e-01 3.431200087070465088e-01 4.251199960708618164e-01 1.000000000000000000e+00
3.169409930706024170e-01 3.458420038223266602e-01 4.255119860172271729e-01 1.000000000000000000e+00
3.205949962139129639e-01 3.485650122165679932e-01 4.258889853954315186e-01 1.000000000000000000e+00
3.242500126361846924e-01 3.512890040874481201e-01 4.262500107288360596e-01 1.000000000000000000e+00
3.278749883174896240e-01 3.540160059928894043e-01 4.266700148582458496e-01 1.000000000000000000e+00
3.314740061759948730e-01 3.567439913749694824e-01 4.271439909934997559e-01 1.000000000000000000e+00
3.350729942321777344e-01 3.594740033149719238e-01 4.276050031185150146e-01 1.000000000000000000e+00
3.386729955673217773e-01 3.622060120105743408e-01 4.280529916286468506e-01 1.000000000000000000e+00
3.422459959983825684e-01 3.649390041828155518e-01 4.285590052604675293e-01 1.000000000000000000e+00
3.457930088043212891e-01 3.676759898662567139e-01 4.291270077228546143e-01 1.000000000000000000e+00
3.493410050868988037e-01 3.704139888286590576e-01 4.296849966049194336e-01 1.000000000000000000e+00
3.528920114040374756e-01 3.731530010700225830e-01 4.302259981632232666e-01 1.000000000000000000e+00
3.564180135726928711e-01 3.758960068225860596e-01 4.308229982852935791e-01 1.000000000000000000e+00
3.599160015583038330e-01 3.786410093307495117e-01 4.315010011196136475e-01 1.000000000000000000e+00
3.634459972381591797e-01 3.813880085945129395e-01 4.320749938488006592e-01 1.000000000000000000e+00
3.669230043888092041e-01 3.841390013694763184e-01 4.327960014343261719e-01 1.000000000000000000e+00
3.704299926757812500e-01 3.868899941444396973e-01 4.334279894828796387e-01 1.000000000000000000e+00
3.738839924335479736e-01 3.896459937095642090e-01 4.342089891433715820e-01 1.000000000000000000e+00
3.773710131645202637e-01 3.924039900302886963e-01 4.348900020122528076e-01 1.000000000000000000e+00
3.808299899101257324e-01 3.951640129089355469e-01 4.356530010700225830e-01 1.000000000000000000e+00
3.842679858207702637e-01 3.979279994964599609e-01 4.364750087261199951e-01 1.000000000000000000e+00
3.877049982547760010e-01 4.006940126419067383e-01 4.373050034046173096e-01 1.000000000000000000e+00
3.911510109901428223e-01 4.034639894962310791e-01 4.380959868431091309e-01 1.000000000000000000e+00
3.945679962635040283e-01 4.062359929084777832e-01 4.389860033988952637e-01 1.000000000000000000e+00
3.979910016059875488e-01 4.090110063552856445e-01 4.398480057716369629e-01 1.000000000000000000e+00
4.014180004596710205e-01 4.117900133132934570e-01 4.407080113887786865e-01 1.000000000000000000e+00
4.048199951648712158e-01 4.145720005035400391e-01 4.416419863700866699e-01 1.000000000000000000e+00
4.082260131835937500e-01 4.173569977283477783e-01 4.425700008869171143e-01 1.000000000000000000e+00
4.116069972515106201e-01 4.201450049877166748e-01 4.435769915580749512e-01 1.000000000000000000e+00
4.149920046329498291e-01 4.229370057582855225e-01 4.445779919624328613e-01 1.000000000000000000e+00
4.183830022811889648e-01 4.257330000400543213e-01 4.455600082874298096e-01 1.000000000000000000e+00
4.217480123043060303e-01 4.285309910774230957e-01 4.466400146484375000e-01 1.000000000000000000e+00
4.251199960708618164e-01 4.313339889049530029e-01 4.476920068264007568e-01 1.000000000000000000e+00
4.284619987010955811e-01 4.341399967670440674e-01 4.488640129566192627e-01 1.000000000000000000e+00
4.318169951438903809e-01 4.369499981403350830e-01 4.499819874763488770e-01 1.000000000000000000e+00
4.351679980754852295e-01 4.397630095481872559e-01 4.511339962482452393e-01 1.000000000000000000e+00
4.385040104389190674e-01 4.425800144672393799e-01 4.523409903049468994e-01 1.000000000000000000e+00
4.418100118637084961e-01 4.454019963741302490e-01 4.536589980125427246e-01 1.000000000000000000e+00
4.451479911804199219e-01 4.482260048389434814e-01 4.548850059509277344e-01 1.000000000000000000e+00
4.484469890594482422e-01 4.510529935359954834e-01 4.562639892101287842e-01 1.000000000000000000e+00
4.517590105533599854e-01 4.538869857788085938e-01 4.575819969177246094e-01 1.000000000000000000e+00
4.550719857215881348e-01 4.567179977893829346e-01 4.589760005474090576e-01 1.000000000000000000e+00
4.583660066127777100e-01 4.595519900321960449e-01 4.604569971561431885e-01 1.000000000000000000e+00
4.616160094738006592e-01 4.624049961566925049e-01 4.619689881801605225e-01 1.000000000000000000e+00
4.649469852447509766e-01 4.652409851551055908e-01 4.633949995040893555e-01 1.000000000000000000e+00
4.682539999485015869e-01 4.680829942226409912e-01 4.649080038070678711e-01 1.000000000000000000e+00
4.715009927749633789e-01 4.709599912166595459e-01 4.663569927215576172e-01 1.000000000000000000e+00
4.748120009899139404e-01 4.738320112228393555e-01 4.676809906959533691e-01 1.000000000000000000e+00
4.781860113143920898e-01 4.766989946365356445e-01 4.688450098037719727e-01 1.000000000000000000e+00
4.816220104694366455e-01 4.795730113983154297e-01 4.697670042514801025e-01 1.000000000000000000e+00
4.851410090923309326e-01 4.824509918689727783e-01 4.703840017318725586e-01 1.000000000000000000e+00
4.886969923973083496e-01 4.853180050849914551e-01 4.710080027580261230e-01 1.000000000000000000e+00
4.922780096530914307e-01 4.881980121135711670e-01 4.714530110359191895e-01 1.000000000000000000e+00
4.959129989147186279e-01 4.910759925842285156e-01 4.717510044574737549e-01 1.000000000000000000e+00
4.995520114898681641e-01 4.939599931240081787e-01 4.720320105552673340e-01 1.000000000000000000e+00
5.031849741935729980e-01 4.968509972095489502e-01 4.723049998283386230e-01 1.000000000000000000e+00
5.068659782409667969e-01 4.997430145740509033e-01 4.724319875240325928e-01 1.000000000000000000e+00
5.105400085449218750e-01 5.026429891586303711e-01 4.725500047206878662e-01 1.000000000000000000e+00
5.142260193824768066e-01 5.055459737777709961e-01 4.726400077342987061e-01 1.000000000000000000e+00
5.179200172424316406e-01 5.084540247917175293e-01 4.727070033550262451e-01 1.000000000000000000e+00
5.216429829597473145e-01 5.113670229911804199e-01 4.726389944553375244e-01 1.000000000000000000e+00
5.253480076789855957e-01 5.142850279808044434e-01 4.726600050926208496e-01 1.000000000000000000e+00
5.290859937667846680e-01 5.172070264816284180e-01 4.725430011749267578e-01 1.000000000000000000e+00
5.328289866447448730e-01 5.201349854469299316e-01 4.724009931087493896e-01 1.000000000000000000e+00
5.365530252456665039e-01 5.230669975280761719e-01 4.723519980907440186e-01 1.000000000000000000e+00
5.403069853782653809e-01 5.260050296783447266e-01 4.721629917621612549e-01 1.000000000000000000e+00
5.440689921379089355e-01 5.289480090141296387e-01 4.719470143318176270e-01 1.000000000000000000e+00
5.478399991989135742e-01 5.318949818611145020e-01 4.717040061950683594e-01 1.000000000000000000e+00
5.516120195388793945e-01 5.348489880561828613e-01 4.714390039443969727e-01 1.000000000000000000e+00
5.553929805755615234e-01 5.378069877624511719e-01 4.711470007896423340e-01 1.000000000000000000e+00
5.591809749603271484e-01 5.407710075378417969e-01 4.708290100097656250e-01 1.000000000000000000e+00
5.629720091819763184e-01 5.437409877777099609e-01 4.704880118370056152e-01 1.000000000000000000e+00
5.668020248413085938e-01 5.467150211334228516e-01 4.699879884719848633e-01 1.000000000000000000e+00
5.706070065498352051e-01 5.496950149536132812e-01 4.695929884910583496e-01 1.000000000000000000e+00
5.744169950485229492e-01 5.526819825172424316e-01 4.691720008850097656e-01 1.000000000000000000e+00
5.782359838485717773e-01 5.556730031967163086e-01 4.687240123748779297e-01 1.000000000000000000e+00
5.820869803428649902e-01 5.586699843406677246e-01 4.681180119514465332e-01 1.000000000000000000e+00
5.859159827232360840e-01 5.616739988327026367e-01 4.676179885864257812e-01 1.000000000000000000e+00
5.897529721260070801e-01 5.646820068359375000e-01 4.670900106430053711e-01 1.000000000000000000e+00
5.936220288276672363e-01 5.676969885826110840e-01 4.664010107517242432e-01 1.000000000000000000e+00
5.974689722061157227e-01 5.707179903984069824e-01 4.658209979534149170e-01 1.000000000000000000e+00
6.013540029525756836e-01 5.737429857254028320e-01 4.650740027427673340e-01 1.000000000000000000e+00
6.052110195159912109e-01 5.767769813537597656e-01 4.644410014152526855e-01 1.000000000000000000e+00
6.091049909591674805e-01 5.798159837722778320e-01 4.636380076408386230e-01 1.000000000000000000e+00
6.129770278930664062e-01 5.828610062599182129e-01 4.629499912261962891e-01 1.000000000000000000e+00
6.168519854545593262e-01 5.859130024909973145e-01 4.622370004653930664e-01 1.000000000000000000e+00
6.207649707794189453e-01 5.889700055122375488e-01 4.613510072231292725e-01 1.000000000000000000e+00
6.246539950370788574e-01 5.920339822769165039e-01 4.605830013751983643e-01 1.000000000000000000e+00
6.285759806632995605e-01 5.951039791107177734e-01 4.596410095691680908e-01 1.000000000000000000e+00
6.325060129165649414e-01 5.981799960136413574e-01 4.586679935455322266e-01 1.000000000000000000e+00
6.364120244979858398e-01 6.012639999389648438e-01 4.578180015087127686e-01 1.000000000000000000e+00
6.403520107269287109e-01 6.043540239334106445e-01 4.567910134792327881e-01 1.000000000000000000e+00
6.442700028419494629e-01 6.074500083923339844e-01 4.558860063552856445e-01 1.000000000000000000e+00
6.482220292091369629e-01 6.105530261993408203e-01 4.548009932041168213e-01 1.000000000000000000e+00
6.521779894828796387e-01 6.136639714241027832e-01 4.536890089511871338e-01 1.000000000000000000e+00
6.561139822006225586e-01 6.167799830436706543e-01 4.527019858360290527e-01 1.000000000000000000e+00
6.600819826126098633e-01 6.199039816856384277e-01 4.515340030193328857e-01 1.000000000000000000e+00
6.640549898147583008e-01 6.230340003967285156e-01 4.503380060195922852e-01 1.000000000000000000e+00
6.680080294609069824e-01 6.261709928512573242e-01 4.492700099945068359e-01 1.000000000000000000e+00
6.719909906387329102e-01 6.293159723281860352e-01 4.480180144309997559e-01 1.000000000000000000e+00
6.759809851646423340e-01 6.324679851531982422e-01 4.467360079288482666e-01 1.000000000000000000e+00
6.799790263175964355e-01 6.356260180473327637e-01 4.454239904880523682e-01 1.000000000000000000e+00
6.839500069618225098e-01 6.387929916381835938e-01 4.442510008811950684e-01 1.000000000000000000e+00
6.879569888114929199e-01 6.419659852981567383e-01 4.428859949111938477e-01 1.000000000000000000e+00
6.919710040092468262e-01 6.451449990272521973e-01 4.414910078048706055e-01 1.000000000000000000e+00
6.959850192070007324e-01 6.483340263366699219e-01 4.400720000267028809e-01 1.000000000000000000e+00
7.000079751014709473e-01 6.515290141105651855e-01 4.386239945888519287e-01 1.000000000000000000e+00
7.040370106697082520e-01 6.547309756278991699e-01 4.371469914913177490e-01 1.000000000000000000e+00
7.080669999122619629e-01 6.579419970512390137e-01 4.356470108032226562e-01 1.000000000000000000e+00
7.121049761772155762e-01 6.611599922180175781e-01 4.341169893741607666e-01 1.000000000000000000e+00
7.161769866943359375e-01 6.643840074539184570e-01 4.323860108852386475e-01 1.000000000000000000e+00
7.202219963073730469e-01 6.676179766654968262e-01 4.308049976825714111e-01 1.000000000000000000e+00
7.242739796638488770e-01 6.708589792251586914e-01 4.291940033435821533e-01 1.000000000000000000e+00
7.283340096473693848e-01 6.741070151329040527e-01 4.275540113449096680e-01 1.000000000000000000e+00
7.324219942092895508e-01 6.773639917373657227e-01 4.257169961929321289e-01 1.000000000000000000e+00
7.364879846572875977e-01 6.806290149688720703e-01 4.240280091762542725e-01 1.000000000000000000e+00
7.405890226364135742e-01 6.838999986648559570e-01 4.221310019493103027e-01 1.000000000000000000e+00
7.446640133857727051e-01 6.871809959411621094e-01 4.203929901123046875e-01 1.000000000000000000e+00
7.487720251083374023e-01 6.904699802398681641e-01 4.184480011463165283e-01 1.000000000000000000e+00
7.528859972953796387e-01 6.937659978866577148e-01 4.164719879627227783e-01 1.000000000000000000e+00
7.569749951362609863e-01 6.970710158348083496e-01 4.146589934825897217e-01 1.000000000000000000e+00
7.610960006713867188e-01 7.003840208053588867e-01 4.126380085945129395e-01 1.000000000000000000e+00
7.652230262756347656e-01 7.037050127983093262e-01 4.105870127677917480e-01 1.000000000000000000e+00
7.693529725074768066e-01 7.070350050926208496e-01 4.085159897804260254e-01 1.000000000000000000e+00
7.734860181808471680e-01 7.103729844093322754e-01 4.064219892024993896e-01 1.000000000000000000e+00
7.776510119438171387e-01 7.137190103530883789e-01 4.041120111942291260e-01 1.000000000000000000e+00
7.817950248718261719e-01 7.170739769935607910e-01 4.019660055637359619e-01 1.000000000000000000e+00
7.859650254249572754e-01 7.204380035400390625e-01 3.996129930019378662e-01 1.000000000000000000e+00
7.901160120964050293e-01 7.238100171089172363e-01 3.974229991436004639e-01 1.000000000000000000e+00
7.942979931831359863e-01 7.271900177001953125e-01 3.950160145759582520e-01 1.000000000000000000e+00
7.984799742698669434e-01 7.305799722671508789e-01 3.925969898700714111e-01 1.000000000000000000e+00
8.026670217514038086e-01 7.339779734611511230e-01 3.901529908180236816e-01 1.000000000000000000e+00
8.068590164184570312e-01 7.373849749565124512e-01 3.876839876174926758e-01 1.000000000000000000e+00
8.110539913177490234e-01 7.408009767532348633e-01 3.851979970932006836e-01 1.000000000000000000e+00
8.152740001678466797e-01 7.442259788513183594e-01 3.825039863586425781e-01 1.000000000000000000e+00
8.194990158081054688e-01 7.476590275764465332e-01 3.797850012779235840e-01 1.000000000000000000e+00
8.237289786338806152e-01 7.511010169982910156e-01 3.770430088043212891e-01 1.000000000000000000e+00
8.279590010643005371e-01 7.545530200004577637e-01 3.742919862270355225e-01 1.000000000000000000e+00
8.321920037269592285e-01 7.580140233039855957e-01 3.715290129184722900e-01 1.000000000000000000e+00
8.364289999008178711e-01 7.614830136299133301e-01 3.687469959259033203e-01 1.000000000000000000e+00
8.406929969787597656e-01 7.649620175361633301e-01 3.657459914684295654e-01 1.000000000000000000e+00
8.449569940567016602e-01 7.684500217437744141e-01 3.627409934997558594e-01 1.000000000000000000e+00
8.492230176925659180e-01 7.719470262527465820e-01 3.597289919853210449e-01 1.000000000000000000e+00
8.535150289535522461e-01 7.754539847373962402e-01 3.564999997615814209e-01 1.000000000000000000e+00
8.578090071678161621e-01 7.789689898490905762e-01 3.532589972019195557e-01 1.000000000000000000e+00
8.621050119400024414e-01 7.824940085411071777e-01 3.500109910964965820e-01 1.000000000000000000e+00
8.664209842681884766e-01 7.860280275344848633e-01 3.465709984302520752e-01 1.000000000000000000e+00
8.707169890403747559e-01 7.895720005035400391e-01 3.433330059051513672e-01 1.000000000000000000e+00
8.750569820404052734e-01 7.931249737739562988e-01 3.396849930286407471e-01 1.000000000000000000e+00
8.793780207633972168e-01 7.966870069503784180e-01 3.362410068511962891e-01 1.000000000000000000e+00
8.837199807167053223e-01 8.002579808235168457e-01 3.325990140438079834e-01 1.000000000000000000e+00
8.880810141563415527e-01 8.038390278816223145e-01 3.287700116634368896e-01 1.000000000000000000e+00
8.924400210380554199e-01 8.074300289154052734e-01 3.249680101871490479e-01 1.000000000000000000e+00
8.968179821968078613e-01 8.110299706459045410e-01 3.209820091724395752e-01 1.000000000000000000e+00
9.011949896812438965e-01 8.146389722824096680e-01 3.170210123062133789e-01 1.000000000000000000e+00
9.055889844894409180e-01 8.182569742202758789e-01 3.128890097141265869e-01 1.000000000000000000e+00
9.100000262260437012e-01 8.218849897384643555e-01 3.085939884185791016e-01 1.000000000000000000e+00
9.144070148468017578e-01 8.255220055580139160e-01 3.043479919433593750e-01 1.000000000000000000e+00
9.188280105590820312e-01 8.291680216789245605e-01 2.999599874019622803e-01 1.000000000000000000e+00
9.232789874076843262e-01 8.328220248222351074e-01 2.952440083026885986e-01 1.000000000000000000e+00
9.277240037918090820e-01 8.364859819412231445e-01 2.906109988689422607e-01 1.000000000000000000e+00
9.321799874305725098e-01 8.401589989662170410e-01 2.858799993991851807e-01 1.000000000000000000e+00
9.366599917411804199e-01 8.438410162925720215e-01 2.808760106563568115e-01 1.000000000000000000e+00
9.411470293998718262e-01 8.475300073623657227e-01 2.758150100708007812e-01 1.000000000000000000e+00
9.456539750099182129e-01 8.512279987335205078e-01 2.705320119857788086e-01 1.000000000000000000e+00
9.501780271530151367e-01 8.549330234527587891e-01 2.650850117206573486e-01 1.000000000000000000e+00
9.547250270843505859e-01 8.586459755897521973e-01 2.593649923801422119e-01 1.000000000000000000e+00
9.592840075492858887e-01 8.623650074005126953e-01 2.535629868507385254e-01 1.000000000000000000e+00
9.638720154762268066e-01 8.660889863967895508e-01 2.474450021982192993e-01 1.000000000000000000e+00
9.684690237045288086e-01 8.698189854621887207e-01 2.413100004196166992e-01 1.000000000000000000e+00
9.731140136718750000e-01 8.735499978065490723e-01 2.346770018339157104e-01 1.000000000000000000e+00
9.777799844741821289e-01 8.772810101509094238e-01 2.279540002346038818e-01 1.000000000000000000e+00
9.824969768524169922e-01 8.810080289840698242e-01 2.208780050277709961e-01 1.000000000000000000e+00
9.872930049896240234e-01 8.847180008888244629e-01 2.133360058069229126e-01 1.000000000000000000e+00
9.922180175781250000e-01 8.883849978446960449e-01 2.054679989814758301e-01 1.000000000000000000e+00
9.948469996452331543e-01 8.929539918899536133e-01 2.034450024366378784e-01 1.000000000000000000e+00
9.952489733695983887e-01 8.983839750289916992e-01 2.075610011816024780e-01 1.000000000000000000e+00
9.955030083656311035e-01 9.038659930229187012e-01 2.123699933290481567e-01 1.000000000000000000e+00
9.957370162010192871e-01 9.093440175056457520e-01 2.177720069885253906e-01 1.000000000000000000e+00
