2.298056930303573608e-01 2.987179756164550781e-01 7.536831498146057129e-01 1.000000000000000000e+00
2.343770861625671387e-01 3.055417239665985107e-01 7.596795558929443359e-01 1.000000000000000000e+00
2.389484643936157227e-01 3.123655021190643311e-01 7.656759023666381836e-01 1.000000000000000000e+00
2.435198426246643066e-01 3.191892504692077637e-01 7.716722488403320312e-01 1.000000000000000000e+00
2.480912208557128906e-01 3.260130286216735840e-01 7.776686549186706543e-01 1.000000000000000000e+00
2.526625990867614746e-01 3.328367769718170166e-01 7.836650013923645020e-01 1.000000000000000000e+00
2.572339773178100586e-01 3.396605551242828369e-01 7.896614074707031250e-01 1.000000000000000000e+00
2.618053555488586426e-01 3.464843034744262695e-01 7.956577539443969727e-01 1.000000000000000000e+00
2.663814723491668701e-01 3.533044159412384033e-01 8.016372919082641602e-01 1.000000000000000000e+00
2.711043059825897217e-01 3.600106537342071533e-01 8.070951104164123535e-01 1.000000000000000000e+00
2.758271098136901855e-01 3.667169213294982910e-01 8.125529289245605469e-01 1.000000000000000000e+00
2.805499434471130371e-01 3.734231591224670410e-01 8.180107474327087402e-01 1.000000000000000000e+00
2.852727770805358887e-01 3.801294267177581787e-01 8.234685659408569336e-01 1.000000000000000000e+00
2.899956107139587402e-01 3.868356645107269287e-01 8.289263844490051270e-01 1.000000000000000000e+00
2.947184443473815918e-01 3.935419321060180664e-01 8.343841433525085449e-01 1.000000000000000000e+00
2.994412481784820557e-01 4.002481698989868164e-01 8.398419618606567383e-01 1.000000000000000000e+00
3.041742742061614990e-01 4.069448709487915039e-01 8.452627062797546387e-01 1.000000000000000000e+00
3.090603053569793701e-01 4.134982824325561523e-01 8.501276373863220215e-01 1.000000000000000000e+00
3.139463365077972412e-01 4.200516641139984131e-01 8.549925684928894043e-01 1.000000000000000000e+00
3.188323974609375000e-01 4.266050457954406738e-01 8.598574399948120117e-01 1.000000000000000000e+00
3.237184286117553711e-01 4.331584274768829346e-01 8.647223711013793945e-01 1.000000000000000000e+00
3.286044597625732422e-01 4.397118389606475830e-01 8.695872426033020020e-01 1.000000000000000000e+00
3.334904909133911133e-01 4.462652206420898438e-01 8.744521737098693848e-01 1.000000000000000000e+00
3.383765220642089844e-01 4.528186023235321045e-01 8.793171048164367676e-01 1.000000000000000000e+00
3.432775139808654785e-01 4.593536257743835449e-01 8.841218948364257812e-01 1.000000000000000000e+00
3.483233451843261719e-01 4.657111465930938721e-01 8.883461356163024902e-01 1.000000000000000000e+00
3.533691465854644775e-01 4.720686674118041992e-01 8.925703763961791992e-01 1.000000000000000000e+00
3.584149777889251709e-01 4.784261584281921387e-01 8.967946171760559082e-01 1.000000000000000000e+00
3.634608089923858643e-01 4.847836792469024658e-01 9.010188579559326172e-01 1.000000000000000000e+00
3.685066103935241699e-01 4.911412000656127930e-01 9.052430987358093262e-01 1.000000000000000000e+00
3.735524415969848633e-01 4.974986910820007324e-01 9.094673991203308105e-01 1.000000000000000000e+00
3.785982429981231689e-01 5.038562417030334473e-01 9.136916399002075195e-01 1.000000000000000000e+00
3.836620748043060303e-01 5.101833939552307129e-01 9.178306460380554199e-01 1.000000000000000000e+00
3.888518810272216797e-01 5.162984132766723633e-01 9.213734865188598633e-01 1.000000000000000000e+00
3.940416872501373291e-01 5.224134325981140137e-01 9.249162673950195312e-01 1.000000000000000000e+00
3.992314934730529785e-01 5.285284519195556641e-01 9.284591078758239746e-01 1.000000000000000000e+00
4.044212996959686279e-01 5.346434712409973145e-01 9.320018887519836426e-01 1.000000000000000000e+00
4.096111059188842773e-01 5.407584905624389648e-01 9.355447292327880859e-01 1.000000000000000000e+00
4.148009121417999268e-01 5.468735098838806152e-01 9.390875101089477539e-01 1.000000000000000000e+00
4.199907183647155762e-01 5.529885292053222656e-01 9.426303505897521973e-01 1.000000000000000000e+00
4.251989722251892090e-01 5.590581893920898438e-01 9.460614323616027832e-01 1.000000000000000000e+00
4.305068850517272949e-01 5.648827552795410156e-01 9.488894343376159668e-01 1.000000000000000000e+00
4.358147978782653809e-01 5.707073211669921875e-01 9.517173767089843750e-01 1.000000000000000000e+00
4.411227107048034668e-01 5.765318870544433594e-01 9.545453190803527832e-01 1.000000000000000000e+00
4.464306533336639404e-01 5.823564529418945312e-01 9.573733210563659668e-01 1.000000000000000000e+00
4.517385661602020264e-01 5.881809592247009277e-01 9.602012634277343750e-01 1.000000000000000000e+00
4.570464789867401123e-01 5.940055251121520996e-01 9.630292057991027832e-01 1.000000000000000000e+00
4.623543918132781982e-01 5.998300909996032715e-01 9.658572077751159668e-01 1.000000000000000000e+00
4.676780998706817627e-01 6.055912375450134277e-01 9.685462713241577148e-01 1.000000000000000000e+00
4.730701744556427002e-01 6.110774278640747070e-01 9.706335663795471191e-01 1.000000000000000000e+00
4.784622490406036377e-01 6.165636181831359863e-01 9.727209210395812988e-01 1.000000000000000000e+00
4.838543236255645752e-01 6.220498681068420410e-01 9.748082160949707031e-01 1.000000000000000000e+00
4.892463982105255127e-01 6.275360584259033203e-01 9.768955111503601074e-01 1.000000000000000000e+00
4.946384727954864502e-01 6.330222487449645996e-01 9.789828062057495117e-01 1.000000000000000000e+00
5.000305771827697754e-01 6.385084390640258789e-01 9.810701012611389160e-01 1.000000000000000000e+00
5.054226517677307129e-01 6.439946889877319336e-01 9.831574559211730957e-01 1.000000000000000000e+00
5.108243227005004883e-01 6.493965983390808105e-01 9.850787520408630371e-01 1.000000000000000000e+00
5.162603259086608887e-01 6.544976234436035156e-01 9.864073991775512695e-01 1.000000000000000000e+00
5.216962695121765137e-01 6.595985889434814453e-01 9.877360463142395020e-01 1.000000000000000000e+00
5.271322727203369141e-01 6.646996140480041504e-01 9.890646338462829590e-01 1.000000000000000000e+00
5.325682163238525391e-01 6.698005795478820801e-01 9.903932809829711914e-01 1.000000000000000000e+00
5.380042195320129395e-01 6.749016046524047852e-01 9.917218685150146484e-01 1.000000000000000000e+00
5.434402227401733398e-01 6.800025701522827148e-01 9.930505156517028809e-01 1.000000000000000000e+00
5.488761663436889648e-01 6.851035952568054199e-01 9.943791627883911133e-01 1.000000000000000000e+00
5.543118715286254883e-01 6.900970339775085449e-01 9.955155253410339355e-01 1.000000000000000000e+00
5.597467422485351562e-01 6.947677135467529297e-01 9.960753321647644043e-01 1.000000000000000000e+00
5.651815533638000488e-01 6.994384527206420898e-01 9.966350793838500977e-01 1.000000000000000000e+00
5.706164240837097168e-01 7.041091322898864746e-01 9.971948266029357910e-01 1.000000000000000000e+00
5.760512948036193848e-01 7.087798714637756348e-01 9.977545738220214844e-01 1.000000000000000000e+00
5.814861655235290527e-01 7.134506106376647949e-01 9.983143806457519531e-01 1.000000000000000000e+00
5.869209766387939453e-01 7.181212902069091797e-01 9.988741278648376465e-01 1.000000000000000000e+00
5.923558473587036133e-01 7.227920293807983398e-01 9.994338750839233398e-01 1.000000000000000000e+00
5.977767705917358398e-01 7.273297309875488281e-01 9.997767210006713867e-01 1.000000000000000000e+00
6.031620502471923828e-01 7.315274477005004883e-01 9.995653033256530762e-01 1.000000000000000000e+00
6.085473895072937012e-01 7.357252240180969238e-01 9.993538260459899902e-01 1.000000000000000000e+00
6.139326691627502441e-01 7.399230003356933594e-01 9.991423487663269043e-01 1.000000000000000000e+00
6.193179488182067871e-01 7.441207170486450195e-01 9.989309310913085938e-01 1.000000000000000000e+00
6.247032284736633301e-01 7.483184933662414551e-01 9.987194538116455078e-01 1.000000000000000000e+00
6.300885081291198730e-01 7.525162100791931152e-01 9.985080361366271973e-01 1.000000000000000000e+00
6.354738473892211914e-01 7.567139863967895508e-01 9.982965588569641113e-01 1.000000000000000000e+00
6.408277750015258789e-01 7.607514858245849609e-01 9.978457689285278320e-01 1.000000000000000000e+00
6.461127996444702148e-01 7.644364833831787109e-01 9.968684911727905273e-01 1.000000000000000000e+00
6.513978242874145508e-01 7.681214809417724609e-01 9.958911538124084473e-01 1.000000000000000000e+00
6.566828489303588867e-01 7.718064785003662109e-01 9.949138164520263672e-01 1.000000000000000000e+00
6.619678735733032227e-01 7.754914760589599609e-01 9.939365386962890625e-01 1.000000000000000000e+00
6.672528982162475586e-01 7.791764736175537109e-01 9.929592013359069824e-01 1.000000000000000000e+00
6.725379824638366699e-01 7.828614711761474609e-01 9.919819235801696777e-01 1.000000000000000000e+00
6.778230071067810059e-01 7.865464091300964355e-01 9.910045862197875977e-01 1.000000000000000000e+00
6.830556988716125488e-01 7.900426387786865234e-01 9.897684454917907715e-01 1.000000000000000000e+00
6.881884932518005371e-01 7.931783795356750488e-01 9.880381226539611816e-01 1.000000000000000000e+00
6.933212876319885254e-01 7.963141202926635742e-01 9.863077998161315918e-01 1.000000000000000000e+00
6.984540820121765137e-01 7.994498610496520996e-01 9.845774769783020020e-01 1.000000000000000000e+00
7.035868763923645020e-01 8.025856614112854004e-01 9.828471541404724121e-01 1.000000000000000000e+00
7.087196707725524902e-01 8.057214021682739258e-01 9.811168313026428223e-01 1.000000000000000000e+00
7.138524651527404785e-01 8.088571429252624512e-01 9.793865084648132324e-01 1.000000000000000000e+00
7.189853191375732422e-01 8.119928836822509766e-01 9.776561856269836426e-01 1.000000000000000000e+00
7.240413427352905273e-01 8.149104118347167969e-01 9.756509661674499512e-01 1.000000000000000000e+00
7.289695739746093750e-01 8.174641132354736328e-01 9.731876850128173828e-01 1.000000000000000000e+00
7.338978052139282227e-01 8.200178742408752441e-01 9.707243442535400391e-01 1.000000000000000000e+00
7.388259768486022949e-01 8.225716352462768555e-01 9.682610630989074707e-01 1.000000000000000000e+00
7.437542080879211426e-01 8.251253366470336914e-01 9.657977819442749023e-01 1.000000000000000000e+00
7.486824393272399902e-01 8.276790976524353027e-01 9.633344411849975586e-01 1.000000000000000000e+00
7.536106109619140625e-01 8.302328586578369141e-01 9.608711600303649902e-01 1.000000000000000000e+00
7.585388422012329102e-01 8.327866196632385254e-01 9.584078788757324219e-01 1.000000000000000000e+00
7.633627653121948242e-01 8.350922465324401855e-01 9.556576609611511230e-01 1.000000000000000000e+00
7.680343389511108398e-01 8.370352387428283691e-01 9.524882435798645020e-01 1.000000000000000000e+00
7.727059721946716309e-01 8.389782309532165527e-01 9.493187665939331055e-01 1.000000000000000000e+00
7.773775458335876465e-01 8.409212231636047363e-01 9.461492896080017090e-01 1.000000000000000000e+00
7.820491194725036621e-01 8.428642153739929199e-01 9.429798722267150879e-01 1.000000000000000000e+00
7.867206931114196777e-01 8.448072075843811035e-01 9.398103952407836914e-01 1.000000000000000000e+00
7.913922667503356934e-01 8.467501997947692871e-01 9.366409182548522949e-01 1.000000000000000000e+00
7.960638403892517090e-01 8.486931920051574707e-01 9.334714412689208984e-01 1.000000000000000000e+00
8.006008267402648926e-01 8.503583073616027832e-01 9.300075769424438477e-01 1.000000000000000000e+00
8.049647808074951172e-01 8.516661524772644043e-01 9.261651039123535156e-01 1.000000000000000000e+00
8.093286752700805664e-01 8.529739975929260254e-01 9.223225712776184082e-01 1.000000000000000000e+00
8.136925697326660156e-01 8.542818427085876465e-01 9.184800982475280762e-01 1.000000000000000000e+00
8.180564641952514648e-01 8.555896878242492676e-01 9.146376252174377441e-01 1.000000000000000000e+00
8.224204182624816895e-01 8.568975329399108887e-01 9.107951521873474121e-01 1.000000000000000000e+00
8.267843127250671387e-01 8.582053780555725098e-01 9.069526195526123047e-01 1.000000000000000000e+00
8.311482071876525879e-01 8.595132231712341309e-01 9.031101465225219727e-01 1.000000000000000000e+00
8.353447318077087402e-01 8.605139851570129395e-01 8.989704251289367676e-01 1.000000000000000000e+00
8.393514156341552734e-01 8.611668348312377930e-01 8.944937586784362793e-01 1.000000000000000000e+00
8.433581590652465820e-01 8.618196249008178711e-01 8.900170922279357910e-01 1.000000000000000000e+00
8.473649024963378906e-01 8.624724745750427246e-01 8.855404853820800781e-01 1.000000000000000000e+00
8.513716459274291992e-01 8.631253242492675781e-01 8.810638189315795898e-01 1.000000000000000000e+00
8.553783893585205078e-01 8.637781143188476562e-01 8.765871524810791016e-01 1.000000000000000000e+00
8.593850731849670410e-01 8.644309639930725098e-01 8.721105456352233887e-01 1.000000000000000000e+00
8.633918166160583496e-01 8.650838136672973633e-01 8.676338791847229004e-01 1.000000000000000000e+00
8.674276471138000488e-01 8.643766045570373535e-01 8.626024723052978516e-01 1.000000000000000000e+00
8.714925050735473633e-01 8.623093962669372559e-01 8.570162653923034668e-01 1.000000000000000000e+00
8.755573630332946777e-01 8.602421879768371582e-01 8.514300584793090820e-01 1.000000000000000000e+00
8.796222805976867676e-01 8.581749200820922852e-01 8.458438515663146973e-01 1.000000000000000000e+00
8.836871385574340820e-01 8.561077117919921875e-01 8.402576446533203125e-01 1.000000000000000000e+00
8.877519965171813965e-01 8.540405035018920898e-01 8.346714973449707031e-01 1.000000000000000000e+00
8.918169140815734863e-01 8.519732952117919922e-01 8.290852904319763184e-01 1.000000000000000000e+00
8.958817720413208008e-01 8.499060273170471191e-01 8.234990835189819336e-01 1.000000000000000000e+00
8.995432257652282715e-01 8.475002646446228027e-01 8.177890777587890625e-01 1.000000000000000000e+00
9.028486609458923340e-01 8.447956442832946777e-01 8.119698166847229004e-01 1.000000000000000000e+00
9.061541557312011719e-01 8.420910835266113281e-01 8.061506152153015137e-01 1.000000000000000000e+00
9.094595909118652344e-01 8.393864631652832031e-01 8.003313541412353516e-01 1.000000000000000000e+00
9.127650856971740723e-01 8.366819024085998535e-01 7.945120930671691895e-01 1.000000000000000000e+00
9.160705208778381348e-01 8.339772820472717285e-01 7.886928915977478027e-01 1.000000000000000000e+00
9.193760156631469727e-01 8.312727212905883789e-01 7.828736305236816406e-01 1.000000000000000000e+00
9.226814508438110352e-01 8.285681605339050293e-01 7.770543694496154785e-01 1.000000000000000000e+00
9.255633950233459473e-01 8.255172967910766602e-01 7.711362838745117188e-01 1.000000000000000000e+00
9.281160235404968262e-01 8.221971392631530762e-01 7.651413679122924805e-01 1.000000000000000000e+00
9.306685924530029297e-01 8.188769817352294922e-01 7.591463923454284668e-01 1.000000000000000000e+00
9.332211613655090332e-01 8.155568242073059082e-01 7.531514167785644531e-01 1.000000000000000000e+00
9.357737898826599121e-01 8.122367262840270996e-01 7.471565008163452148e-01 1.000000000000000000e+00
9.383263587951660156e-01 8.089165687561035156e-01 7.411615252494812012e-01 1.000000000000000000e+00
9.408789277076721191e-01 8.055964112281799316e-01 7.351665496826171875e-01 1.000000000000000000e+00
9.434315562248229980e-01 8.022762537002563477e-01 7.291715741157531738e-01 1.000000000000000000e+00
9.455403089523315430e-01 7.986057400703430176e-01 7.231054306030273438e-01 1.000000000000000000e+00
9.473453760147094727e-01 7.946954965591430664e-01 7.169905304908752441e-01 1.000000000000000000e+00
9.491505026817321777e-01 7.907852530479431152e-01 7.108755707740783691e-01 1.000000000000000000e+00
9.509556293487548828e-01 7.868750095367431641e-01 7.047606706619262695e-01 1.000000000000000000e+00
9.527606964111328125e-01 7.829648256301879883e-01 6.986457705497741699e-01 1.000000000000000000e+00
9.545658230781555176e-01 7.790545821189880371e-01 6.925308704376220703e-01 1.000000000000000000e+00
9.563709497451782227e-01 7.751443386077880859e-01 6.864159703254699707e-01 1.000000000000000000e+00
9.581760168075561523e-01 7.712340950965881348e-01 6.803010106086730957e-01 1.000000000000000000e+00
9.595176577568054199e-01 7.669728398323059082e-01 6.741446852684020996e-01 1.000000000000000000e+00
9.605811834335327148e-01 7.625010013580322266e-01 6.679635643959045410e-01 1.000000000000000000e+00
9.616447091102600098e-01 7.580291628837585449e-01 6.617823839187622070e-01 1.000000000000000000e+00
9.627082943916320801e-01 7.535573244094848633e-01 6.556012034416198730e-01 1.000000000000000000e+00
9.637718200683593750e-01 7.490854859352111816e-01 6.494200229644775391e-01 1.000000000000000000e+00
9.648353457450866699e-01 7.446136474609375000e-01 6.432389020919799805e-01 1.000000000000000000e+00
9.658988714218139648e-01 7.401418089866638184e-01 6.370577216148376465e-01 1.000000000000000000e+00
9.669624567031860352e-01 7.356700301170349121e-01 6.308765411376953125e-01 1.000000000000000000e+00
9.675443172454833984e-01 7.308497428894042969e-01 6.246854662895202637e-01 1.000000000000000000e+00
9.678738713264465332e-01 7.258468866348266602e-01 6.184892058372497559e-01 1.000000000000000000e+00
9.682034254074096680e-01 7.208440899848937988e-01 6.122930049896240234e-01 1.000000000000000000e+00
9.685329198837280273e-01 7.158412933349609375e-01 6.060967445373535156e-01 1.000000000000000000e+00
9.688624739646911621e-01 7.108384966850280762e-01 5.999004840850830078e-01 1.000000000000000000e+00
9.691920280456542969e-01 7.058357000350952148e-01 5.937042832374572754e-01 1.000000000000000000e+00
9.695215821266174316e-01 7.008328437805175781e-01 5.875080227851867676e-01 1.000000000000000000e+00
9.698511362075805664e-01 6.958300471305847168e-01 5.813117623329162598e-01 1.000000000000000000e+00
9.696829915046691895e-01 6.904839277267456055e-01 5.751383900642395020e-01 1.000000000000000000e+00
9.692885875701904297e-01 6.849817633628845215e-01 5.689753293991088867e-01 1.000000000000000000e+00
9.688941836357116699e-01 6.794795393943786621e-01 5.628122687339782715e-01 1.000000000000000000e+00
9.684997200965881348e-01 6.739773750305175781e-01 5.566492676734924316e-01 1.000000000000000000e+00
9.681053161621093750e-01 6.684752106666564941e-01 5.504862070083618164e-01 1.000000000000000000e+00
9.677109122276306152e-01 6.629729866981506348e-01 5.443232059478759766e-01 1.000000000000000000e+00
9.673165082931518555e-01 6.574708223342895508e-01 5.381601452827453613e-01 1.000000000000000000e+00
9.669221043586730957e-01 6.519686579704284668e-01 5.319971442222595215e-01 1.000000000000000000e+00
9.660167098045349121e-01 6.461297273635864258e-01 5.258903503417968750e-01 1.000000000000000000e+00
9.649114012718200684e-01 6.401590704917907715e-01 5.198056101799011230e-01 1.000000000000000000e+00
9.638060331344604492e-01 6.341884136199951172e-01 5.137208700180053711e-01 1.000000000000000000e+00
9.627007246017456055e-01 6.282177567481994629e-01 5.076360702514648438e-01 1.000000000000000000e+00
9.615954160690307617e-01 6.222470998764038086e-01 5.015513300895690918e-01 1.000000000000000000e+00
9.604900479316711426e-01 6.162764430046081543e-01 4.954665899276733398e-01 1.000000000000000000e+00
9.593847393989562988e-01 6.103057861328125000e-01 4.893818497657775879e-01 1.000000000000000000e+00
9.582793712615966797e-01 6.043350696563720703e-01 4.832971096038818359e-01 1.000000000000000000e+00
9.566532373428344727e-01 5.980338454246520996e-01 4.773022830486297607e-01 1.000000000000000000e+00
9.548534154891967773e-01 5.916223526000976562e-01 4.713374674320220947e-01 1.000000000000000000e+00
9.530535936355590820e-01 5.852108597755432129e-01 4.653726220130920410e-01 1.000000000000000000e+00
9.512537717819213867e-01 5.787993669509887695e-01 4.594078063964843750e-01 1.000000000000000000e+00
9.494540095329284668e-01 5.723879337310791016e-01 4.534429907798767090e-01 1.000000000000000000e+00
9.476541876792907715e-01 5.659764409065246582e-01 4.474781453609466553e-01 1.000000000000000000e+00
9.458543658256530762e-01 5.595649480819702148e-01 4.415133297443389893e-01 1.000000000000000000e+00
9.440545439720153809e-01 5.531534552574157715e-01 4.355484843254089355e-01 1.000000000000000000e+00
9.417279362678527832e-01 5.464134812355041504e-01 4.297070801258087158e-01 1.000000000000000000e+00
9.392537474632263184e-01 5.395814776420593262e-01 4.239002168178558350e-01 1.000000000000000000e+00
9.367796182632446289e-01 5.327494740486145020e-01 4.180933535099029541e-01 1.000000000000000000e+00
9.343054294586181641e-01 5.259175300598144531e-01 4.122864603996276855e-01 1.000000000000000000e+00
9.318313002586364746e-01 5.190855264663696289e-01 4.064795970916748047e-01 1.000000000000000000e+00
9.293571114540100098e-01 5.122535228729248047e-01 4.006727337837219238e-01 1.000000000000000000e+00
9.268829822540283203e-01 5.054215192794799805e-01 3.948658704757690430e-01 1.000000000000000000e+00
9.244087934494018555e-01 4.985895454883575439e-01 3.890590071678161621e-01 1.000000000000000000e+00
9.214062094688415527e-01 4.914204180240631104e-01 3.834084272384643555e-01 1.000000000000000000e+00
9.182816743850708008e-01 4.841734766960144043e-01 3.777939379215240479e-01 1.000000000000000000e+00
9.151571393013000488e-01 4.769265353679656982e-01 3.721794188022613525e-01 1.000000000000000000e+00
9.120326042175292969e-01 4.696795940399169922e-01 3.665648996829986572e-01 1.000000000000000000e+00
9.089080095291137695e-01 4.624326229095458984e-01 3.609503805637359619e-01 1.000000000000000000e+00
9.057834744453430176e-01 4.551856815814971924e-01 3.553358912467956543e-01 1.000000000000000000e+00
9.026589393615722656e-01 4.479387402534484863e-01 3.497213721275329590e-01 1.000000000000000000e+00
8.995344042778015137e-01 4.406917989253997803e-01 3.441068530082702637e-01 1.000000000000000000e+00
8.958845734596252441e-01 4.330745637416839600e-01 3.386806249618530273e-01 1.000000000000000000e+00
8.921375274658203125e-01 4.253887236118316650e-01 3.332892656326293945e-01 1.000000000000000000e+00
8.883904814720153809e-01 4.177029132843017578e-01 3.278979063034057617e-01 1.000000000000000000e+00
8.846434354782104492e-01 4.100171029567718506e-01 3.225065469741821289e-01 1.000000000000000000e+00
8.808963894844055176e-01 4.023312926292419434e-01 3.171151876449584961e-01 1.000000000000000000e+00
8.771493434906005859e-01 3.946454524993896484e-01 3.117238283157348633e-01 1.000000000000000000e+00
8.734022974967956543e-01 3.869596421718597412e-01 3.063324689865112305e-01 1.000000000000000000e+00
8.696552515029907227e-01 3.792738318443298340e-01 3.009411096572875977e-01 1.000000000000000000e+00
8.653913140296936035e-01 3.711276650428771973e-01 2.957689464092254639e-01 1.000000000000000000e+00
8.610535860061645508e-01 3.629157543182373047e-01 2.906281352043151855e-01 1.000000000000000000e+00
8.567158579826354980e-01 3.547038435935974121e-01 2.854872941970825195e-01 1.000000000000000000e+00
8.523781299591064453e-01 3.464919328689575195e-01 2.803464829921722412e-01 1.000000000000000000e+00
8.480404019355773926e-01 3.382800519466400146e-01 2.752056419849395752e-01 1.000000000000000000e+00
8.437026739120483398e-01 3.300681412220001221e-01 2.700648009777069092e-01 1.000000000000000000e+00
8.393649458885192871e-01 3.218562304973602295e-01 2.649239897727966309e-01 1.000000000000000000e+00
8.350272178649902344e-01 3.136443197727203369e-01 2.597831487655639648e-01 1.000000000000000000e+00
8.301865458488464355e-01 3.047327697277069092e-01 2.548914253711700439e-01 1.000000000000000000e+00
8.252938389778137207e-01 2.957488298416137695e-01 2.500254809856414795e-01 1.000000000000000000e+00
8.204010725021362305e-01 2.867649197578430176e-01 2.451595216989517212e-01 1.000000000000000000e+00
8.155083656311035156e-01 2.777809798717498779e-01 2.402935624122619629e-01 1.000000000000000000e+00
8.106156587600708008e-01 2.687970697879791260e-01 2.354276180267333984e-01 1.000000000000000000e+00
8.057229518890380859e-01 2.598131299018859863e-01 2.305616587400436401e-01 1.000000000000000000e+00
8.008302450180053711e-01 2.508292198181152344e-01 2.256956994533538818e-01 1.000000000000000000e+00
7.959375381469726562e-01 2.418452799320220947e-01 2.208297550678253174e-01 1.000000000000000000e+00
7.905615568161010742e-01 2.313970029354095459e-01 2.162420451641082764e-01 1.000000000000000000e+00
7.851533293724060059e-01 2.208510935306549072e-01 2.116728723049163818e-01 1.000000000000000000e+00
7.797451019287109375e-01 2.103051841259002686e-01 2.071037143468856812e-01 1.000000000000000000e+00
7.743368744850158691e-01 1.997592747211456299e-01 2.025345563888549805e-01 1.000000000000000000e+00
7.689286470413208008e-01 1.892133504152297974e-01 1.979653984308242798e-01 1.000000000000000000e+00
7.635204195976257324e-01 1.786674410104751587e-01 1.933962255716323853e-01 1.000000000000000000e+00
7.581121921539306641e-01 1.681215316057205200e-01 1.888270676136016846e-01 1.000000000000000000e+00
7.527039647102355957e-01 1.575756222009658813e-01 1.842579096555709839e-01 1.000000000000000000e+00
7.468380331993103027e-01 1.400210261344909668e-01 1.799961030483245850e-01 1.000000000000000000e+00
7.409573197364807129e-01 1.222403272986412048e-01 1.757442057132720947e-01 1.000000000000000000e+00
7.350766062736511230e-01 1.044596284627914429e-01 1.714923083782196045e-01 1.000000000000000000e+00
7.291959524154663086e-01 8.667893707752227783e-02 1.672403961420059204e-01 1.000000000000000000e+00
7.233152389526367188e-01 6.889824569225311279e-02 1.629884988069534302e-01 1.000000000000000000e+00
7.174345254898071289e-01 5.111754685640335083e-02 1.587366014719009399e-01 1.000000000000000000e+00
7.115538716316223145e-01 3.333685547113418579e-02 1.544847041368484497e-01 1.000000000000000000e+00
7.056731581687927246e-01 1.555616036057472229e-02 1.502328068017959595e-01 1.000000000000000000e+00
