0.000000000000000000e+00 0.000000000000000000e+00 0.000000000000000000e+00 1.000000000000000000e+00
6.716294679790735245e-03 2.118574455380439758e-03 5.970232654362916946e-03 1.000000000000000000e+00
1.325241569429636002e-02 4.287499003112316132e-03 1.216178853064775467e-02 1.000000000000000000e+00
1.959919743239879608e-02 6.513601168990135193e-03 1.856303960084915161e-02 1.000000000000000000e+00
2.574810385704040527e-02 8.803482167422771454e-03 2.516186796128749847e-02 1.000000000000000000e+00
3.169123455882072449e-02 1.116350293159484863e-02 3.194570168852806091e-02 1.000000000000000000e+00
3.742133826017379761e-02 1.359977014362812042e-02 3.890155255794525146e-02 1.000000000000000000e+00
4.293183609843254089e-02 1.611812412738800049e-02 4.601604491472244263e-02 1.000000000000000000e+00
4.821681976318359375e-02 1.872412860393524170e-02 5.327545478940010071e-02 1.000000000000000000e+00
5.327106639742851257e-02 2.142305485904216766e-02 6.066573783755302429e-02 1.000000000000000000e+00
5.809004604816436768e-02 2.421987615525722504e-02 6.817258149385452271e-02 1.000000000000000000e+00
6.266992539167404175e-02 2.711925655603408813e-02 7.578142732381820679e-02 1.000000000000000000e+00
6.700757890939712524e-02 3.012553974986076355e-02 8.347751200199127197e-02 1.000000000000000000e+00
7.110057771205902100e-02 3.324273973703384399e-02 9.124591946601867676e-02 1.000000000000000000e+00
7.494720071554183960e-02 3.647453710436820984e-02 9.907157719135284424e-02 1.000000000000000000e+00
7.854642719030380249e-02 3.982427716255187988e-02 1.069393530488014221e-01 1.000000000000000000e+00
8.189795911312103271e-02 4.329494759440422058e-02 1.148340404033660889e-01 1.000000000000000000e+00
8.500218391418457031e-02 4.688918963074684143e-02 1.227404102683067322e-01 1.000000000000000000e+00
8.786017447710037231e-02 5.060928687453269958e-02 1.306432783603668213e-01 1.000000000000000000e+00
9.047371149063110352e-02 5.445716157555580139e-02 1.385274827480316162e-01 1.000000000000000000e+00
9.284523874521255493e-02 5.843437463045120239e-02 1.463779956102371216e-01 1.000000000000000000e+00
9.497788548469543457e-02 6.254211813211441040e-02 1.541798710823059082e-01 1.000000000000000000e+00
9.687542170286178589e-02 6.678122282028198242e-02 1.619183719158172607e-01 1.000000000000000000e+00
9.854228049516677856e-02 7.115215808153152466e-02 1.695789247751235962e-01 1.000000000000000000e+00
9.998352825641632080e-02 7.565501332283020020e-02 1.771471947431564331e-01 1.000000000000000000e+00
1.012048274278640747e-01 8.028952032327651978e-02 1.846091449260711670e-01 1.000000000000000000e+00
1.022124737501144409e-01 8.505506813526153564e-02 1.919510066509246826e-01 1.000000000000000000e+00
1.030133217573165894e-01 8.995065093040466309e-02 1.991593539714813232e-01 1.000000000000000000e+00
1.036147922277450562e-01 9.497494250535964966e-02 2.062211036682128906e-01 1.000000000000000000e+00
1.040248721837997437e-01 1.001262441277503967e-01 2.131235897541046143e-01 1.000000000000000000e+00
1.042520552873611450e-01 1.054025292396545410e-01 2.198545634746551514e-01 1.000000000000000000e+00
1.043053343892097473e-01 1.108014136552810669e-01 2.264022082090377808e-01 1.000000000000000000e+00
1.041941866278648376e-01 1.163201928138732910e-01 2.327551990747451782e-01 1.000000000000000000e+00
1.039285436272621155e-01 1.219558417797088623e-01 2.389027029275894165e-01 1.000000000000000000e+00
1.035187691450119019e-01 1.277050077915191650e-01 2.448344230651855469e-01 1.000000000000000000e+00
1.029756292700767517e-01 1.335640400648117065e-01 2.505405843257904053e-01 1.000000000000000000e+00
1.023102551698684692e-01 1.395289897918701172e-01 2.560120224952697754e-01 1.000000000000000000e+00
1.015341356396675110e-01 1.455956101417541504e-01 2.612401545047760010e-01 1.000000000000000000e+00
1.006590873003005981e-01 1.517593860626220703e-01 2.662169635295867920e-01 1.000000000000000000e+00
9.969720989465713501e-02 1.580155491828918457e-01 2.709350883960723877e-01 1.000000000000000000e+00
9.866087138652801514e-02 1.643590480089187622e-01 2.753878235816955566e-01 1.000000000000000000e+00
9.756266325712203979e-02 1.707846075296401978e-01 2.795691490173339844e-01 1.000000000000000000e+00
9.641540795564651489e-02 1.772867143154144287e-01 2.834736406803131104e-01 1.000000000000000000e+00
9.523206204175949097e-02 1.838596761226654053e-01 2.870965898036956787e-01 1.000000000000000000e+00
9.402576088905334473e-02 1.904975324869155884e-01 2.904340028762817383e-01 1.000000000000000000e+00
9.280972182750701904e-02 1.971942037343978882e-01 2.934825420379638672e-01 1.000000000000000000e+00
9.159726649522781372e-02 2.039433866739273071e-01 2.962396442890167236e-01 1.000000000000000000e+00
9.040175378322601318e-02 2.107386440038681030e-01 2.987034320831298828e-01 1.000000000000000000e+00
8.923655748367309570e-02 2.175733894109725952e-01 3.008726537227630615e-01 1.000000000000000000e+00
8.811505138874053955e-02 2.244409173727035522e-01 3.027469515800476074e-01 1.000000000000000000e+00
8.705056458711624146e-02 2.313344031572341919e-01 3.043265044689178467e-01 1.000000000000000000e+00
8.605633676052093506e-02 2.382469177246093750e-01 3.056123554706573486e-01 1.000000000000000000e+00
8.514551818370819092e-02 2.451714724302291870e-01 3.066062033176422119e-01 1.000000000000000000e+00
8.433111011981964111e-02 2.521010041236877441e-01 3.073104321956634521e-01 1.000000000000000000e+00
8.362597227096557617e-02 2.590283751487731934e-01 3.077281713485717773e-01 1.000000000000000000e+00
8.304274082183837891e-02 2.659464776515960693e-01 3.078632354736328125e-01 1.000000000000000000e+00
8.259385824203491211e-02 2.728480994701385498e-01 3.077201247215270996e-01 1.000000000000000000e+00
8.229149132966995239e-02 2.797261476516723633e-01 3.073040246963500977e-01 1.000000000000000000e+00
8.214754611253738403e-02 2.865734398365020752e-01 3.066208362579345703e-01 1.000000000000000000e+00
8.217360824346542358e-02 2.933828532695770264e-01 3.056769967079162598e-01 1.000000000000000000e+00
8.238093554973602295e-02 3.001473844051361084e-01 3.044796884059906006e-01 1.000000000000000000e+00
8.278044313192367554e-02 3.068599998950958252e-01 3.030366599559783936e-01 1.000000000000000000e+00
8.338262885808944702e-02 3.135137856006622314e-01 3.013563454151153564e-01 1.000000000000000000e+00
8.419763296842575073e-02 3.201019465923309326e-01 2.994476556777954102e-01 1.000000000000000000e+00
8.523511886596679688e-02 3.266177773475646973e-01 2.973201274871826172e-01 1.000000000000000000e+00
8.650432527065277100e-02 3.330547213554382324e-01 2.949838638305664062e-01 1.000000000000000000e+00
8.801401406526565552e-02 3.394063115119934082e-01 2.924494743347167969e-01 1.000000000000000000e+00
8.977246284484863281e-02 3.456662893295288086e-01 2.897280752658843994e-01 1.000000000000000000e+00
9.178742021322250366e-02 3.518285453319549561e-01 2.868312299251556396e-01 1.000000000000000000e+00
9.406612068414688110e-02 3.578871488571166992e-01 2.837709784507751465e-01 1.000000000000000000e+00
9.661524742841720581e-02 3.638363778591156006e-01 2.805597782135009766e-01 1.000000000000000000e+00
9.944093972444534302e-02 3.696707487106323242e-01 2.772105336189270020e-01 1.000000000000000000e+00
1.025487333536148071e-01 3.753849267959594727e-01 2.737364470958709717e-01 1.000000000000000000e+00
1.059436127543449402e-01 3.809739053249359131e-01 2.701511085033416748e-01 1.000000000000000000e+00
1.096299365162849426e-01 3.864328265190124512e-01 2.664684057235717773e-01 1.000000000000000000e+00
1.136114671826362610e-01 3.917571604251861572e-01 2.627024948596954346e-01 1.000000000000000000e+00
1.178913488984107971e-01 3.969425857067108154e-01 2.588678300380706787e-01 1.000000000000000000e+00
1.224720999598503113e-01 4.019851386547088623e-01 2.549790441989898682e-01 1.000000000000000000e+00
1.273556202650070190e-01 4.068810641765594482e-01 2.510509788990020752e-01 1.000000000000000000e+00
1.325431615114212036e-01 4.116269350051879883e-01 2.470986098051071167e-01 1.000000000000000000e+00
1.380353271961212158e-01 4.162196218967437744e-01 2.431370615959167480e-01 1.000000000000000000e+00
1.438320875167846680e-01 4.206563234329223633e-01 2.391815632581710815e-01 1.000000000000000000e+00
1.499328017234802246e-01 4.249344766139984131e-01 2.352473586797714233e-01 1.000000000000000000e+00
1.563361436128616333e-01 4.290519356727600098e-01 2.313497662544250488e-01 1.000000000000000000e+00
1.630401760339736938e-01 4.330068230628967285e-01 2.275040894746780396e-01 1.000000000000000000e+00
1.700423210859298706e-01 4.367975890636444092e-01 2.237255573272705078e-01 1.000000000000000000e+00
1.773393601179122925e-01 4.404230713844299316e-01 2.200293689966201782e-01 1.000000000000000000e+00
1.849274486303329468e-01 4.438824057579040527e-01 2.164306044578552246e-01 1.000000000000000000e+00
1.928021460771560669e-01 4.471750557422637939e-01 2.129441946744918823e-01 1.000000000000000000e+00
2.009583711624145508e-01 4.503008425235748291e-01 2.095849364995956421e-01 1.000000000000000000e+00
2.093905061483383179e-01 4.532599449157714844e-01 2.063674032688140869e-01 1.000000000000000000e+00
2.180922627449035645e-01 4.560528099536895752e-01 2.033059448003768921e-01 1.000000000000000000e+00
2.270568460226058960e-01 4.586803615093231201e-01 2.004146575927734375e-01 1.000000000000000000e+00
2.362768501043319702e-01 4.611437022686004639e-01 1.977073252201080322e-01 1.000000000000000000e+00
2.457443773746490479e-01 4.634443819522857666e-01 1.951974183320999146e-01 1.000000000000000000e+00
2.554509639739990234e-01 4.655842483043670654e-01 1.928980797529220581e-01 1.000000000000000000e+00
2.653876245021820068e-01 4.675654768943786621e-01 1.908220648765563965e-01 1.000000000000000000e+00
2.755448818206787109e-01 4.693906307220458984e-01 1.889817118644714355e-01 1.000000000000000000e+00
2.859128713607788086e-01 4.710624516010284424e-01 1.873889416456222534e-01 1.000000000000000000e+00
2.964811027050018311e-01 4.725841879844665527e-01 1.860552132129669189e-01 1.000000000000000000e+00
3.072388172149658203e-01 4.739592075347900391e-01 1.849915087223052979e-01 1.000000000000000000e+00
3.181747496128082275e-01 4.751913249492645264e-01 1.842083036899566650e-01 1.000000000000000000e+00
3.292773067951202393e-01 4.762845635414123535e-01 1.837155520915985107e-01 1.000000000000000000e+00
3.405344486236572266e-01 4.772432744503021240e-01 1.835226714611053467e-01 1.000000000000000000e+00
3.519338667392730713e-01 4.780721068382263184e-01 1.836384832859039307e-01 1.000000000000000000e+00
3.634629249572753906e-01 4.787759184837341309e-01 1.840712577104568481e-01 1.000000000000000000e+00
3.751086592674255371e-01 4.793598949909210205e-01 1.848286241292953491e-01 1.000000000000000000e+00
3.868579268455505371e-01 4.798294007778167725e-01 1.859176158905029297e-01 1.000000000000000000e+00
3.986972570419311523e-01 4.801900684833526611e-01 1.873446404933929443e-01 1.000000000000000000e+00
4.106130301952362061e-01 4.804477989673614502e-01 1.891154348850250244e-01 1.000000000000000000e+00
4.225914180278778076e-01 4.806086421012878418e-01 1.912350803613662720e-01 1.000000000000000000e+00
4.346184432506561279e-01 4.806789159774780273e-01 1.937079876661300659e-01 1.000000000000000000e+00
4.466800093650817871e-01 4.806650280952453613e-01 1.965378969907760620e-01 1.000000000000000000e+00
4.587619900703430176e-01 4.805736541748046875e-01 1.997278481721878052e-01 1.000000000000000000e+00
4.708500504493713379e-01 4.804116189479827881e-01 2.032801955938339233e-01 1.000000000000000000e+00
4.829299449920654297e-01 4.801858663558959961e-01 2.071965634822845459e-01 1.000000000000000000e+00
4.949873983860015869e-01 4.799034893512725830e-01 2.114778906106948853e-01 1.000000000000000000e+00
5.070081353187561035e-01 4.795717000961303711e-01 2.161244302988052368e-01 1.000000000000000000e+00
5.189779400825500488e-01 4.791978001594543457e-01 2.211356908082962036e-01 1.000000000000000000e+00
5.308826565742492676e-01 4.787892103195190430e-01 2.265104800462722778e-01 1.000000000000000000e+00
5.427082777023315430e-01 4.783534109592437744e-01 2.322469204664230347e-01 1.000000000000000000e+00
5.544409155845642090e-01 4.778979718685150146e-01 2.383424043655395508e-01 1.000000000000000000e+00
5.660668611526489258e-01 4.774304330348968506e-01 2.447936534881591797e-01 1.000000000000000000e+00
5.775726437568664551e-01 4.769584238529205322e-01 2.515966892242431641e-01 1.000000000000000000e+00
5.889448523521423340e-01 4.764896035194396973e-01 2.587468326091766357e-01 1.000000000000000000e+00
6.001705527305603027e-01 4.760315716266632080e-01 2.662387788295745850e-01 1.000000000000000000e+00
6.112369298934936523e-01 4.755919277667999268e-01 2.740665078163146973e-01 1.000000000000000000e+00
6.221315264701843262e-01 4.751782715320587158e-01 2.822233736515045166e-01 1.000000000000000000e+00
6.328422427177429199e-01 4.747981131076812744e-01 2.907021045684814453e-01 1.000000000000000000e+00
6.433572769165039062e-01 4.744589328765869141e-01 2.994947731494903564e-01 1.000000000000000000e+00
6.536651849746704102e-01 4.741680920124053955e-01 3.085928559303283691e-01 1.000000000000000000e+00
6.637550592422485352e-01 4.739328920841217041e-01 3.179873228073120117e-01 1.000000000000000000e+00
6.736162304878234863e-01 4.737605154514312744e-01 3.276684284210205078e-01 1.000000000000000000e+00
6.832386851310729980e-01 4.736579954624176025e-01 3.376260101795196533e-01 1.000000000000000000e+00
6.926126480102539062e-01 4.736322760581970215e-01 3.478492796421051025e-01 1.000000000000000000e+00
7.017289996147155762e-01 4.736901223659515381e-01 3.583270013332366943e-01 1.000000000000000000e+00
7.105790376663208008e-01 4.738381206989288330e-01 3.690474331378936768e-01 1.000000000000000000e+00
7.191546559333801270e-01 4.740826785564422607e-01 3.799983859062194824e-01 1.000000000000000000e+00
7.274482250213623047e-01 4.744300246238708496e-01 3.911672532558441162e-01 1.000000000000000000e+00
7.354526519775390625e-01 4.748861789703369141e-01 4.025409519672393799e-01 1.000000000000000000e+00
7.431614995002746582e-01 4.754569530487060547e-01 4.141060709953308105e-01 1.000000000000000000e+00
7.505688667297363281e-01 4.761479198932647705e-01 4.258488714694976807e-01 1.000000000000000000e+00
7.576693892478942871e-01 4.769644141197204590e-01 4.377551972866058350e-01 1.000000000000000000e+00
7.644583582878112793e-01 4.779114723205566406e-01 4.498107135295867920e-01 1.000000000000000000e+00
7.709317207336425781e-01 4.789939522743225098e-01 4.620007574558258057e-01 1.000000000000000000e+00
7.770860195159912109e-01 4.802163839340209961e-01 4.743103682994842529e-01 1.000000000000000000e+00
7.829183340072631836e-01 4.815830290317535400e-01 4.867245256900787354e-01 1.000000000000000000e+00
7.884265184402465820e-01 4.830978810787200928e-01 4.992278814315795898e-01 1.000000000000000000e+00
7.936089038848876953e-01 4.847646057605743408e-01 5.118050575256347656e-01 1.000000000000000000e+00
7.984646558761596680e-01 4.865865409374237061e-01 5.244405269622802734e-01 1.000000000000000000e+00
8.029934167861938477e-01 4.885667860507965088e-01 5.371186733245849609e-01 1.000000000000000000e+00
8.071955442428588867e-01 4.907080829143524170e-01 5.498238801956176758e-01 1.000000000000000000e+00
8.110720515251159668e-01 4.930128455162048340e-01 5.625403523445129395e-01 1.000000000000000000e+00
8.146245479583740234e-01 4.954831600189208984e-01 5.752525925636291504e-01 1.000000000000000000e+00
8.178552389144897461e-01 4.981207847595214844e-01 5.879449248313903809e-01 1.000000000000000000e+00
8.207671046257019043e-01 5.009271502494812012e-01 6.006018519401550293e-01 1.000000000000000000e+00
8.233636021614074707e-01 5.039033293724060059e-01 6.132079362869262695e-01 1.000000000000000000e+00
8.256489038467407227e-01 5.070500969886779785e-01 6.257479786872863770e-01 1.000000000000000000e+00
8.276276588439941406e-01 5.103678107261657715e-01 6.382068991661071777e-01 1.000000000000000000e+00
8.293052315711975098e-01 5.138565897941589355e-01 6.505697965621948242e-01 1.000000000000000000e+00
8.306875824928283691e-01 5.175161361694335938e-01 6.628221273422241211e-01 1.000000000000000000e+00
8.317810893058776855e-01 5.213457942008972168e-01 6.749494075775146484e-01 1.000000000000000000e+00
8.325928449630737305e-01 5.253446698188781738e-01 6.869376897811889648e-01 1.000000000000000000e+00
8.331304192543029785e-01 5.295114517211914062e-01 6.987732052803039551e-01 1.000000000000000000e+00
8.334019184112548828e-01 5.338444709777832031e-01 7.104426622390747070e-01 1.000000000000000000e+00
8.334159255027770996e-01 5.383418202400207520e-01 7.219330072402954102e-01 1.000000000000000000e+00
8.331815004348754883e-01 5.430011749267578125e-01 7.332316637039184570e-01 1.000000000000000000e+00
8.327082395553588867e-01 5.478200316429138184e-01 7.443265318870544434e-01 1.000000000000000000e+00
8.320061564445495605e-01 5.527953505516052246e-01 7.552060484886169434e-01 1.000000000000000000e+00
8.310856819152832031e-01 5.579239726066589355e-01 7.658588886260986328e-01 1.000000000000000000e+00
8.299576640129089355e-01 5.632023811340332031e-01 7.762744426727294922e-01 1.000000000000000000e+00
8.286333084106445312e-01 5.686267614364624023e-01 7.864426374435424805e-01 1.000000000000000000e+00
8.271241188049316406e-01 5.741930007934570312e-01 7.963538169860839844e-01 1.000000000000000000e+00
8.254420757293701172e-01 5.798967480659484863e-01 8.059990406036376953e-01 1.000000000000000000e+00
8.235993981361389160e-01 5.857333540916442871e-01 8.153699040412902832e-01 1.000000000000000000e+00
8.216084837913513184e-01 5.916978716850280762e-01 8.244585394859313965e-01 1.000000000000000000e+00
8.194820880889892578e-01 5.977852940559387207e-01 8.332578539848327637e-01 1.000000000000000000e+00
8.172332644462585449e-01 6.039900779724121094e-01 8.417612314224243164e-01 1.000000000000000000e+00
8.148750066757202148e-01 6.103067994117736816e-01 8.499628901481628418e-01 1.000000000000000000e+00
8.124207854270935059e-01 6.167295575141906738e-01 8.578575849533081055e-01 1.000000000000000000e+00
8.098839521408081055e-01 6.232523918151855469e-01 8.654407262802124023e-01 1.000000000000000000e+00
8.072780370712280273e-01 6.298691034317016602e-01 8.727085590362548828e-01 1.000000000000000000e+00
8.046168088912963867e-01 6.365733742713928223e-01 8.796578645706176758e-01 1.000000000000000000e+00
8.019139170646667480e-01 6.433586478233337402e-01 8.862861394882202148e-01 1.000000000000000000e+00
7.991830110549926758e-01 6.502183675765991211e-01 8.925917148590087891e-01 1.000000000000000000e+00
7.964378595352172852e-01 6.571456789970397949e-01 8.985735177993774414e-01 1.000000000000000000e+00
7.936920523643493652e-01 6.641337275505065918e-01 9.042311906814575195e-01 1.000000000000000000e+00
7.909592390060424805e-01 6.711755394935607910e-01 9.095650911331176758e-01 1.000000000000000000e+00
7.882528901100158691e-01 6.782640814781188965e-01 9.145763516426086426e-01 1.000000000000000000e+00
7.855862975120544434e-01 6.853922009468078613e-01 9.192667007446289062e-01 1.000000000000000000e+00
7.829727530479431152e-01 6.925527453422546387e-01 9.236386418342590332e-01 1.000000000000000000e+00
7.804252505302429199e-01 6.997384428977966309e-01 9.276953339576721191e-01 1.000000000000000000e+00
7.779565453529357910e-01 7.069422006607055664e-01 9.314405918121337891e-01 1.000000000000000000e+00
7.755791544914245605e-01 7.141566872596740723e-01 9.348790645599365234e-01 1.000000000000000000e+00
7.733053565025329590e-01 7.213746905326843262e-01 9.380158782005310059e-01 1.000000000000000000e+00
7.711471915245056152e-01 7.285891175270080566e-01 9.408568739891052246e-01 1.000000000000000000e+00
7.691162824630737305e-01 7.357927560806274414e-01 9.434086084365844727e-01 1.000000000000000000e+00
7.672238945960998535e-01 7.429785728454589844e-01 9.456781744956970215e-01 1.000000000000000000e+00
7.654808759689331055e-01 7.501395940780639648e-01 9.476732611656188965e-01 1.000000000000000000e+00
7.638978362083435059e-01 7.572689056396484375e-01 9.494022727012634277e-01 1.000000000000000000e+00
7.624848484992980957e-01 7.643596529960632324e-01 9.508740901947021484e-01 1.000000000000000000e+00
7.612514495849609375e-01 7.714053392410278320e-01 9.520981311798095703e-01 1.000000000000000000e+00
7.602068781852722168e-01 7.783992886543273926e-01 9.530844092369079590e-01 1.000000000000000000e+00
7.593597769737243652e-01 7.853352427482604980e-01 9.538434147834777832e-01 1.000000000000000000e+00
7.587183117866516113e-01 7.922069430351257324e-01 9.543861150741577148e-01 1.000000000000000000e+00
7.582900524139404297e-01 7.990084290504455566e-01 9.547239542007446289e-01 1.000000000000000000e+00
7.580821514129638672e-01 8.057338595390319824e-01 9.548687934875488281e-01 1.000000000000000000e+00
7.581010460853576660e-01 8.123776316642761230e-01 9.548329114913940430e-01 1.000000000000000000e+00
7.583526968955993652e-01 8.189343810081481934e-01 9.546289443969726562e-01 1.000000000000000000e+00
7.588424682617187500e-01 8.253990411758422852e-01 9.542699456214904785e-01 1.000000000000000000e+00
7.595750093460083008e-01 8.317666053771972656e-01 9.537692070007324219e-01 1.000000000000000000e+00
7.605544924736022949e-01 8.380325436592102051e-01 9.531403183937072754e-01 1.000000000000000000e+00
7.617843747138977051e-01 8.441924452781677246e-01 9.523972272872924805e-01 1.000000000000000000e+00
7.632674574851989746e-01 8.502422571182250977e-01 9.515540003776550293e-01 1.000000000000000000e+00
7.650059461593627930e-01 8.561782240867614746e-01 9.506248831748962402e-01 1.000000000000000000e+00
7.670014500617980957e-01 8.619968295097351074e-01 9.496243596076965332e-01 1.000000000000000000e+00
7.692547440528869629e-01 8.676949143409729004e-01 9.485669732093811035e-01 1.000000000000000000e+00
7.717661857604980469e-01 8.732696771621704102e-01 9.474674463272094727e-01 1.000000000000000000e+00
7.745352387428283691e-01 8.787184953689575195e-01 9.463404417037963867e-01 1.000000000000000000e+00
7.775608301162719727e-01 8.840392231941223145e-01 9.452008008956909180e-01 1.000000000000000000e+00
7.808412313461303711e-01 8.892300724983215332e-01 9.440631866455078125e-01 1.000000000000000000e+00
7.843739986419677734e-01 8.942894339561462402e-01 9.429422616958618164e-01 1.000000000000000000e+00
7.881561517715454102e-01 8.992161750793457031e-01 9.418526887893676758e-01 1.000000000000000000e+00
7.921838164329528809e-01 9.040095210075378418e-01 9.408089518547058105e-01 1.000000000000000000e+00
7.964528203010559082e-01 9.086689949035644531e-01 9.398253560066223145e-01 1.000000000000000000e+00
8.009580373764038086e-01 9.131944179534912109e-01 9.389160871505737305e-01 1.000000000000000000e+00
8.056939840316772461e-01 9.175861477851867676e-01 9.380950331687927246e-01 1.000000000000000000e+00
8.106543421745300293e-01 9.218447208404541016e-01 9.373759031295776367e-01 1.000000000000000000e+00
8.158323168754577637e-01 9.259710907936096191e-01 9.367721080780029297e-01 1.000000000000000000e+00
8.212205767631530762e-01 9.299666881561279297e-01 9.362966418266296387e-01 1.000000000000000000e+00
8.268111348152160645e-01 9.338331222534179688e-01 9.359622597694396973e-01 1.000000000000000000e+00
8.325954675674438477e-01 9.375724196434020996e-01 9.357812404632568359e-01 1.000000000000000000e+00
8.385645151138305664e-01 9.411869645118713379e-01 9.357655644416809082e-01 1.000000000000000000e+00
8.447087407112121582e-01 9.446794390678405762e-01 9.359266161918640137e-01 1.000000000000000000e+00
8.510181307792663574e-01 9.480530023574829102e-01 9.362754225730895996e-01 1.000000000000000000e+00
8.574820756912231445e-01 9.513109922409057617e-01 9.368224740028381348e-01 1.000000000000000000e+00
8.640896677970886230e-01 9.544571042060852051e-01 9.375776648521423340e-01 1.000000000000000000e+00
8.708295822143554688e-01 9.574954509735107422e-01 9.385503530502319336e-01 1.000000000000000000e+00
8.776899576187133789e-01 9.604302644729614258e-01 9.397493004798889160e-01 1.000000000000000000e+00
8.846586346626281738e-01 9.632663726806640625e-01 9.411827921867370605e-01 1.000000000000000000e+00
8.917231559753417969e-01 9.660085439682006836e-01 9.428583383560180664e-01 1.000000000000000000e+00
8.988707065582275391e-01 9.686621427536010742e-01 9.447827339172363281e-01 1.000000000000000000e+00
9.060882329940795898e-01 9.712325930595397949e-01 9.469622969627380371e-01 1.000000000000000000e+00
9.133623242378234863e-01 9.737257361412048340e-01 9.494024515151977539e-01 1.000000000000000000e+00
9.206793904304504395e-01 9.761474728584289551e-01 9.521080255508422852e-01 1.000000000000000000e+00
9.280257821083068848e-01 9.785040616989135742e-01 9.550830721855163574e-01 1.000000000000000000e+00
9.353874921798706055e-01 9.808020591735839844e-01 9.583308696746826172e-01 1.000000000000000000e+00
9.427505135536193848e-01 9.830480217933654785e-01 9.618541002273559570e-01 1.000000000000000000e+00
9.501006603240966797e-01 9.852488636970520020e-01 9.656543731689453125e-01 1.000000000000000000e+00
9.574237465858459473e-01 9.874115586280822754e-01 9.697328209877014160e-01 1.000000000000000000e+00
9.647055268287658691e-01 9.895434379577636719e-01 9.740896224975585938e-01 1.000000000000000000e+00
9.719318151473999023e-01 9.916517138481140137e-01 9.787241816520690918e-01 1.000000000000000000e+00
9.790884852409362793e-01 9.937438368797302246e-01 9.836350679397583008e-01 1.000000000000000000e+00
9.861613512039184570e-01 9.958274960517883301e-01 9.888201355934143066e-01 1.000000000000000000e+00
9.931364655494689941e-01 9.979103207588195801e-01 9.942764043807983398e-01 1.000000000000000000e+00
1.000000000000000000e+00 1.000000000000000000e+00 1.000000000000000000e+00 1.000000000000000000e+00
