0.000000000000000000e+00 0.000000000000000000e+00 0.000000000000000000e+00 1.000000000000000000e+00
2.613453427329659462e-03 0.000000000000000000e+00 1.686920076608657837e-01 1.000000000000000000e+00
5.226906854659318924e-03 0.000000000000000000e+00 2.216635644435882568e-01 1.000000000000000000e+00
7.840359583497047424e-03 0.000000000000000000e+00 2.638055086135864258e-01 1.000000000000000000e+00
1.045381370931863785e-02 0.000000000000000000e+00 3.059474229812622070e-01 1.000000000000000000e+00
1.306726690381765366e-02 0.000000000000000000e+00 3.480893671512603760e-01 1.000000000000000000e+00
1.568071916699409485e-02 0.000000000000000000e+00 3.902312815189361572e-01 1.000000000000000000e+00
1.829417236149311066e-02 0.000000000000000000e+00 4.323732256889343262e-01 1.000000000000000000e+00
2.090762741863727570e-02 8.907333016395568848e-03 4.547451436519622803e-01 1.000000000000000000e+00
2.352108061313629150e-02 1.792741753160953522e-02 4.556058943271636963e-01 1.000000000000000000e+00
2.613453380763530731e-02 2.694750204682350159e-02 4.563167989253997803e-01 1.000000000000000000e+00
2.874798700213432312e-02 3.596758469939231873e-02 4.570276737213134766e-01 1.000000000000000000e+00
3.136143833398818970e-02 4.498767107725143433e-02 4.577385485172271729e-01 1.000000000000000000e+00
3.397489339113235474e-02 5.400775372982025146e-02 4.584494233131408691e-01 1.000000000000000000e+00
3.658834472298622131e-02 6.302783638238906860e-02 4.591603279113769531e-01 1.000000000000000000e+00
3.920179978013038635e-02 7.204792648553848267e-02 4.598712027072906494e-01 1.000000000000000000e+00
4.181525483727455139e-02 8.106800913810729980e-02 4.605820775032043457e-01 1.000000000000000000e+00
4.442870616912841797e-02 9.008809179067611694e-02 4.612929522991180420e-01 1.000000000000000000e+00
4.704216122627258301e-02 9.910817444324493408e-02 4.620038568973541260e-01 1.000000000000000000e+00
4.965561255812644958e-02 1.081282645463943481e-01 4.627147316932678223e-01 1.000000000000000000e+00
5.226906761527061462e-02 1.171483471989631653e-01 4.634256064891815186e-01 1.000000000000000000e+00
5.488251894712448120e-02 1.261684298515319824e-01 4.641364812850952148e-01 1.000000000000000000e+00
5.749597400426864624e-02 1.351885199546813965e-01 4.648473858833312988e-01 1.000000000000000000e+00
6.010942533612251282e-02 1.442085951566696167e-01 4.655582606792449951e-01 1.000000000000000000e+00
6.272287666797637939e-02 1.532286852598190308e-01 4.662691354751586914e-01 1.000000000000000000e+00
6.533633172512054443e-02 1.622487604618072510e-01 4.669800102710723877e-01 1.000000000000000000e+00
6.794978678226470947e-02 1.712688505649566650e-01 4.676908850669860840e-01 1.000000000000000000e+00
7.056324183940887451e-02 1.802889406681060791e-01 4.684017896652221680e-01 1.000000000000000000e+00
7.317668944597244263e-02 1.893081516027450562e-01 4.691126644611358643e-01 1.000000000000000000e+00
7.579014450311660767e-02 1.974655985832214355e-01 4.698235392570495605e-01 1.000000000000000000e+00
7.840359956026077271e-02 2.056230306625366211e-01 4.705344140529632568e-01 1.000000000000000000e+00
8.101705461740493774e-02 2.137804627418518066e-01 4.712453186511993408e-01 1.000000000000000000e+00
8.363050967454910278e-02 2.219378948211669922e-01 4.719561934471130371e-01 1.000000000000000000e+00
8.624395728111267090e-02 2.300953269004821777e-01 4.726670682430267334e-01 1.000000000000000000e+00
8.885741233825683594e-02 2.382527589797973633e-01 4.733779430389404297e-01 1.000000000000000000e+00
9.147086739540100098e-02 2.464101910591125488e-01 4.740888476371765137e-01 1.000000000000000000e+00
9.408432245254516602e-02 2.545676231384277344e-01 4.747997224330902100e-01 1.000000000000000000e+00
9.669777005910873413e-02 2.627250552177429199e-01 4.755105972290039062e-01 1.000000000000000000e+00
9.931122511625289917e-02 2.708824872970581055e-01 4.762214720249176025e-01 1.000000000000000000e+00
1.019246801733970642e-01 2.790399193763732910e-01 4.769323766231536865e-01 1.000000000000000000e+00
1.045381352305412292e-01 2.871973812580108643e-01 4.776432514190673828e-01 1.000000000000000000e+00
1.071515828371047974e-01 2.953548133373260498e-01 4.783541262149810791e-01 1.000000000000000000e+00
1.097650378942489624e-01 3.035109937191009521e-01 4.790650010108947754e-01 1.000000000000000000e+00
1.123784929513931274e-01 3.108446002006530762e-01 4.797759056091308594e-01 1.000000000000000000e+00
1.149919480085372925e-01 3.181782066822052002e-01 4.804867804050445557e-01 1.000000000000000000e+00
1.176053956151008606e-01 3.255118131637573242e-01 4.811976552009582520e-01 1.000000000000000000e+00
1.202188506722450256e-01 3.328454196453094482e-01 4.819085299968719482e-01 1.000000000000000000e+00
1.228323057293891907e-01 3.401790261268615723e-01 4.826194345951080322e-01 1.000000000000000000e+00
1.254457533359527588e-01 3.475126326084136963e-01 4.833303093910217285e-01 1.000000000000000000e+00
1.280592083930969238e-01 3.548462390899658203e-01 4.840411841869354248e-01 1.000000000000000000e+00
1.306726634502410889e-01 3.621798455715179443e-01 4.847520589828491211e-01 1.000000000000000000e+00
1.332861185073852539e-01 3.695134520530700684e-01 4.854629337787628174e-01 1.000000000000000000e+00
1.358995735645294189e-01 3.768470585346221924e-01 4.861738383769989014e-01 1.000000000000000000e+00
1.385130286216735840e-01 3.841681778430938721e-01 4.868847131729125977e-01 1.000000000000000000e+00
1.411264836788177490e-01 3.903659284114837646e-01 4.875955879688262939e-01 1.000000000000000000e+00
1.437399387359619141e-01 3.965637087821960449e-01 4.883064627647399902e-01 1.000000000000000000e+00
1.463533788919448853e-01 4.027614593505859375e-01 4.890173673629760742e-01 1.000000000000000000e+00
1.489668339490890503e-01 4.089592099189758301e-01 4.897282421588897705e-01 1.000000000000000000e+00
1.515802890062332153e-01 4.151569902896881104e-01 4.904391169548034668e-01 1.000000000000000000e+00
1.541937440633773804e-01 4.213547408580780029e-01 4.911499917507171631e-01 1.000000000000000000e+00
1.568071991205215454e-01 4.275524914264678955e-01 4.918608963489532471e-01 1.000000000000000000e+00
1.594206541776657104e-01 4.337502717971801758e-01 4.925717711448669434e-01 1.000000000000000000e+00
1.620341092348098755e-01 4.399480223655700684e-01 4.932826459407806396e-01 1.000000000000000000e+00
1.646475642919540405e-01 4.461457729339599609e-01 4.939935207366943359e-01 1.000000000000000000e+00
1.672610193490982056e-01 4.523435533046722412e-01 4.947044253349304199e-01 1.000000000000000000e+00
1.698744595050811768e-01 4.585413038730621338e-01 4.954153001308441162e-01 1.000000000000000000e+00
1.724879145622253418e-01 4.647390544414520264e-01 4.961261749267578125e-01 1.000000000000000000e+00
1.751013696193695068e-01 4.709368348121643066e-01 4.968370497226715088e-01 1.000000000000000000e+00
1.777148246765136719e-01 4.771345853805541992e-01 4.975479543209075928e-01 1.000000000000000000e+00
1.803282797336578369e-01 4.833323359489440918e-01 4.982588291168212891e-01 1.000000000000000000e+00
1.829417347908020020e-01 4.895301163196563721e-01 4.989697039127349854e-01 1.000000000000000000e+00
1.855551898479461670e-01 4.957278668880462646e-01 4.996805787086486816e-01 1.000000000000000000e+00
1.881686449050903320e-01 5.019256472587585449e-01 5.003914833068847656e-01 1.000000000000000000e+00
1.900274306535720825e-01 5.042304396629333496e-01 4.956572353839874268e-01 1.000000000000000000e+00
1.918770670890808105e-01 5.064879655838012695e-01 4.908568859100341797e-01 1.000000000000000000e+00
1.937266886234283447e-01 5.087454915046691895e-01 4.860565364360809326e-01 1.000000000000000000e+00
1.955763250589370728e-01 5.110030174255371094e-01 4.812561869621276855e-01 1.000000000000000000e+00
1.974259465932846069e-01 5.132605433464050293e-01 4.764558076858520508e-01 1.000000000000000000e+00
1.992755830287933350e-01 5.155180692672729492e-01 4.716554582118988037e-01 1.000000000000000000e+00
2.011252045631408691e-01 5.177755951881408691e-01 4.668551087379455566e-01 1.000000000000000000e+00
2.029748409986495972e-01 5.200331211090087891e-01 4.620547592639923096e-01 1.000000000000000000e+00
2.048244625329971313e-01 5.222906470298767090e-01 4.572543799877166748e-01 1.000000000000000000e+00
2.066740989685058594e-01 5.245481729507446289e-01 4.524540305137634277e-01 1.000000000000000000e+00
2.085237205028533936e-01 5.268056988716125488e-01 4.476536810398101807e-01 1.000000000000000000e+00
2.103733420372009277e-01 5.290632247924804688e-01 4.428533017635345459e-01 1.000000000000000000e+00
2.122229784727096558e-01 5.313207507133483887e-01 4.380529522895812988e-01 1.000000000000000000e+00
2.140726000070571899e-01 5.335782766342163086e-01 4.332526028156280518e-01 1.000000000000000000e+00
2.159222364425659180e-01 5.358358025550842285e-01 4.284522533416748047e-01 1.000000000000000000e+00
2.177718579769134521e-01 5.380933284759521484e-01 4.236518740653991699e-01 1.000000000000000000e+00
2.196214944124221802e-01 5.403508543968200684e-01 4.188515245914459229e-01 1.000000000000000000e+00
2.214711159467697144e-01 5.426083803176879883e-01 4.140511751174926758e-01 1.000000000000000000e+00
2.233207523822784424e-01 5.448659062385559082e-01 4.092508256435394287e-01 1.000000000000000000e+00
2.251703739166259766e-01 5.471234321594238281e-01 4.044504463672637939e-01 1.000000000000000000e+00
2.270200103521347046e-01 5.493809580802917480e-01 3.996500968933105469e-01 1.000000000000000000e+00
2.288696318864822388e-01 5.516384840011596680e-01 3.948497474193572998e-01 1.000000000000000000e+00
2.307192683219909668e-01 5.538960099220275879e-01 3.900493681430816650e-01 1.000000000000000000e+00
2.325688898563385010e-01 5.561535358428955078e-01 3.852490186691284180e-01 1.000000000000000000e+00
2.344185262918472290e-01 5.584110617637634277e-01 3.804486691951751709e-01 1.000000000000000000e+00
2.362681478261947632e-01 5.606685876846313477e-01 3.756483197212219238e-01 1.000000000000000000e+00
2.381177842617034912e-01 5.629261136054992676e-01 3.708479404449462891e-01 1.000000000000000000e+00
2.399674057960510254e-01 5.651836395263671875e-01 3.660475909709930420e-01 1.000000000000000000e+00
2.418170422315597534e-01 5.674411654472351074e-01 3.612472414970397949e-01 1.000000000000000000e+00
2.436666637659072876e-01 5.696986913681030273e-01 3.564468920230865479e-01 1.000000000000000000e+00
2.455163002014160156e-01 5.719561576843261719e-01 3.516465127468109131e-01 1.000000000000000000e+00
2.473659217357635498e-01 5.742136836051940918e-01 3.468461632728576660e-01 1.000000000000000000e+00
2.492155581712722778e-01 5.764712095260620117e-01 3.420458137989044189e-01 1.000000000000000000e+00
2.510651946067810059e-01 5.787287354469299316e-01 3.372454643249511719e-01 1.000000000000000000e+00
2.529148161411285400e-01 5.809862613677978516e-01 3.324450850486755371e-01 1.000000000000000000e+00
2.547644376754760742e-01 5.832437872886657715e-01 3.276447355747222900e-01 1.000000000000000000e+00
2.566140592098236084e-01 5.855013132095336914e-01 3.228443861007690430e-01 1.000000000000000000e+00
2.584637105464935303e-01 5.877588391304016113e-01 3.180440068244934082e-01 1.000000000000000000e+00
2.603133320808410645e-01 5.900163650512695312e-01 3.132436573505401611e-01 1.000000000000000000e+00
2.621629536151885986e-01 5.922738909721374512e-01 3.084433078765869141e-01 1.000000000000000000e+00
2.640125751495361328e-01 5.945314168930053711e-01 3.036429584026336670e-01 1.000000000000000000e+00
2.658621966838836670e-01 5.967889428138732910e-01 2.988425791263580322e-01 1.000000000000000000e+00
2.677118480205535889e-01 5.990464687347412109e-01 2.940422296524047852e-01 1.000000000000000000e+00
2.695614695549011230e-01 6.013039946556091309e-01 2.892418801784515381e-01 1.000000000000000000e+00
2.714523077011108398e-01 6.035615205764770508e-01 2.844415307044982910e-01 1.000000000000000000e+00
2.801693081855773926e-01 6.058190464973449707e-01 2.796411514282226562e-01 1.000000000000000000e+00
2.888863384723663330e-01 6.080765724182128906e-01 2.748408019542694092e-01 1.000000000000000000e+00
2.976033389568328857e-01 6.103340983390808105e-01 2.770664691925048828e-01 1.000000000000000000e+00
3.063203394412994385e-01 6.125916242599487305e-01 2.793523967266082764e-01 1.000000000000000000e+00
3.150373697280883789e-01 6.148491501808166504e-01 2.816383242607116699e-01 1.000000000000000000e+00
3.237543702125549316e-01 6.171066761016845703e-01 2.839242219924926758e-01 1.000000000000000000e+00
3.324714004993438721e-01 6.193642020225524902e-01 2.862101495265960693e-01 1.000000000000000000e+00
3.411884009838104248e-01 6.216217279434204102e-01 2.884960472583770752e-01 1.000000000000000000e+00
3.499054014682769775e-01 6.238792538642883301e-01 2.907819747924804688e-01 1.000000000000000000e+00
3.586224317550659180e-01 6.261367797851562500e-01 2.930678725242614746e-01 1.000000000000000000e+00
3.673394322395324707e-01 6.283943057060241699e-01 2.953538000583648682e-01 1.000000000000000000e+00
3.760564625263214111e-01 6.306518316268920898e-01 2.976397275924682617e-01 1.000000000000000000e+00
3.847734630107879639e-01 6.329093575477600098e-01 2.999256253242492676e-01 1.000000000000000000e+00
3.934904634952545166e-01 6.351668834686279297e-01 3.022115528583526611e-01 1.000000000000000000e+00
4.022074937820434570e-01 6.374244093894958496e-01 3.044974505901336670e-01 1.000000000000000000e+00
4.109244942665100098e-01 6.396819353103637695e-01 3.067833781242370605e-01 1.000000000000000000e+00
4.196415245532989502e-01 6.414068937301635742e-01 3.090692758560180664e-01 1.000000000000000000e+00
4.283585250377655029e-01 6.431276202201843262e-01 3.113552033901214600e-01 1.000000000000000000e+00
4.370755255222320557e-01 6.448482871055603027e-01 3.136411011219024658e-01 1.000000000000000000e+00
4.457925558090209961e-01 6.465690135955810547e-01 3.159270286560058594e-01 1.000000000000000000e+00
4.545095562934875488e-01 6.482896804809570312e-01 3.182129561901092529e-01 1.000000000000000000e+00
4.632265865802764893e-01 6.500103473663330078e-01 3.204988539218902588e-01 1.000000000000000000e+00
4.719323217868804932e-01 6.517310738563537598e-01 3.217388093471527100e-01 1.000000000000000000e+00
4.783989787101745605e-01 6.534517407417297363e-01 3.229782283306121826e-01 1.000000000000000000e+00
4.848656058311462402e-01 6.551724076271057129e-01 3.242176473140716553e-01 1.000000000000000000e+00
4.913322627544403076e-01 6.568931341171264648e-01 3.254570960998535156e-01 1.000000000000000000e+00
4.977988898754119873e-01 6.586138010025024414e-01 3.266965150833129883e-01 1.000000000000000000e+00
5.042655467987060547e-01 6.603344678878784180e-01 3.279359340667724609e-01 1.000000000000000000e+00
5.107321739196777344e-01 6.620551943778991699e-01 3.291753530502319336e-01 1.000000000000000000e+00
5.171988010406494141e-01 6.637758612632751465e-01 3.304147720336914062e-01 1.000000000000000000e+00
5.236654281616210938e-01 6.654965877532958984e-01 3.316542208194732666e-01 1.000000000000000000e+00
5.301321148872375488e-01 6.672172546386718750e-01 3.328936398029327393e-01 1.000000000000000000e+00
5.365987420082092285e-01 6.689379215240478516e-01 3.341330587863922119e-01 1.000000000000000000e+00
5.430653691291809082e-01 6.706586480140686035e-01 3.353724777698516846e-01 1.000000000000000000e+00
5.495319962501525879e-01 6.723793148994445801e-01 3.366119265556335449e-01 1.000000000000000000e+00
5.559986829757690430e-01 6.740999817848205566e-01 3.378513455390930176e-01 1.000000000000000000e+00
5.624653100967407227e-01 6.758207082748413086e-01 3.390907645225524902e-01 1.000000000000000000e+00
5.689319372177124023e-01 6.775413751602172852e-01 3.403301835060119629e-01 1.000000000000000000e+00
5.753985643386840820e-01 6.792620420455932617e-01 3.415696024894714355e-01 1.000000000000000000e+00
5.818651914596557617e-01 6.809827685356140137e-01 3.428090512752532959e-01 1.000000000000000000e+00
5.883318781852722168e-01 6.827034354209899902e-01 3.440484702587127686e-01 1.000000000000000000e+00
5.947985053062438965e-01 6.844241023063659668e-01 3.452878892421722412e-01 1.000000000000000000e+00
6.012651324272155762e-01 6.861448287963867188e-01 3.465273082256317139e-01 1.000000000000000000e+00
6.077317595481872559e-01 6.878654956817626953e-01 3.477667272090911865e-01 1.000000000000000000e+00
6.141984462738037109e-01 6.895862221717834473e-01 3.490061759948730469e-01 1.000000000000000000e+00
6.206650733947753906e-01 6.913068890571594238e-01 3.502455949783325195e-01 1.000000000000000000e+00
6.271317005157470703e-01 6.930275559425354004e-01 3.514850139617919922e-01 1.000000000000000000e+00
6.335983276367187500e-01 6.947482824325561523e-01 3.527244329452514648e-01 1.000000000000000000e+00
6.400649547576904297e-01 6.964689493179321289e-01 3.539638817310333252e-01 1.000000000000000000e+00
6.465316414833068848e-01 6.981896162033081055e-01 3.552033007144927979e-01 1.000000000000000000e+00
6.529982686042785645e-01 6.999103426933288574e-01 3.564427196979522705e-01 1.000000000000000000e+00
6.594648957252502441e-01 7.016310095787048340e-01 3.576821386814117432e-01 1.000000000000000000e+00
6.659315228462219238e-01 7.033516764640808105e-01 3.589215576648712158e-01 1.000000000000000000e+00
6.723982095718383789e-01 7.050724029541015625e-01 3.601610064506530762e-01 1.000000000000000000e+00
6.788648366928100586e-01 7.067930698394775391e-01 3.614004254341125488e-01 1.000000000000000000e+00
6.853314638137817383e-01 7.085137367248535156e-01 3.626398444175720215e-01 1.000000000000000000e+00
6.917980909347534180e-01 7.102344632148742676e-01 3.638792634010314941e-01 1.000000000000000000e+00
6.982647180557250977e-01 7.119551301002502441e-01 3.651187121868133545e-01 1.000000000000000000e+00
7.047314047813415527e-01 7.136758565902709961e-01 3.663581311702728271e-01 1.000000000000000000e+00
7.111980319023132324e-01 7.153965234756469727e-01 3.675975501537322998e-01 1.000000000000000000e+00
7.176163792610168457e-01 7.170661091804504395e-01 3.688369691371917725e-01 1.000000000000000000e+00
7.192554473876953125e-01 7.136793136596679688e-01 3.700763881206512451e-01 1.000000000000000000e+00
7.208945155143737793e-01 7.102925181388854980e-01 3.713158369064331055e-01 1.000000000000000000e+00
7.225335836410522461e-01 7.069057226181030273e-01 3.725552558898925781e-01 1.000000000000000000e+00
7.241726517677307129e-01 7.035188674926757812e-01 3.737946748733520508e-01 1.000000000000000000e+00
7.258116602897644043e-01 7.001320719718933105e-01 3.750340938568115234e-01 1.000000000000000000e+00
7.274507284164428711e-01 6.967452764511108398e-01 3.762735426425933838e-01 1.000000000000000000e+00
7.290897965431213379e-01 6.933584809303283691e-01 3.775129616260528564e-01 1.000000000000000000e+00
7.307288646697998047e-01 6.899716854095458984e-01 3.787523806095123291e-01 1.000000000000000000e+00
7.323679327964782715e-01 6.865848302841186523e-01 3.799917995929718018e-01 1.000000000000000000e+00
7.340070009231567383e-01 6.831980347633361816e-01 3.812312185764312744e-01 1.000000000000000000e+00
7.356460690498352051e-01 6.798112392425537109e-01 3.824706673622131348e-01 1.000000000000000000e+00
7.372850775718688965e-01 6.764244437217712402e-01 3.837100863456726074e-01 1.000000000000000000e+00
7.389241456985473633e-01 6.730375885963439941e-01 3.849495053291320801e-01 1.000000000000000000e+00
7.405632138252258301e-01 6.696507930755615234e-01 3.861889243125915527e-01 1.000000000000000000e+00
7.422022819519042969e-01 6.662639975547790527e-01 3.874283730983734131e-01 1.000000000000000000e+00
7.438413500785827637e-01 6.628772020339965820e-01 3.886677920818328857e-01 1.000000000000000000e+00
7.454804182052612305e-01 6.594903469085693359e-01 3.899072110652923584e-01 1.000000000000000000e+00
7.471194267272949219e-01 6.561035513877868652e-01 3.911466300487518311e-01 1.000000000000000000e+00
7.487584948539733887e-01 6.527167558670043945e-01 3.923860490322113037e-01 1.000000000000000000e+00
7.503975629806518555e-01 6.493299603462219238e-01 3.936254978179931641e-01 1.000000000000000000e+00
7.520366311073303223e-01 6.459431648254394531e-01 3.948649168014526367e-01 1.000000000000000000e+00
7.536756992340087891e-01 6.425563097000122070e-01 3.961336314678192139e-01 1.000000000000000000e+00
7.553395032882690430e-01 6.392185091972351074e-01 4.057411253452301025e-01 1.000000000000000000e+00
7.597258090972900391e-01 6.412773728370666504e-01 4.153485894203186035e-01 1.000000000000000000e+00
7.641121149063110352e-01 6.429905891418457031e-01 4.249560832977294922e-01 1.000000000000000000e+00
7.684984207153320312e-01 6.446999907493591309e-01 4.345635771751403809e-01 1.000000000000000000e+00
7.728847265243530273e-01 6.464093923568725586e-01 4.441710412502288818e-01 1.000000000000000000e+00
7.772710323333740234e-01 6.481371521949768066e-01 4.537785351276397705e-01 1.000000000000000000e+00
7.816573381423950195e-01 6.515126824378967285e-01 4.633860290050506592e-01 1.000000000000000000e+00
7.860436439514160156e-01 6.548882126808166504e-01 4.729935228824615479e-01 1.000000000000000000e+00
7.904299497604370117e-01 6.582868099212646484e-01 4.826009869575500488e-01 1.000000000000000000e+00
7.948162555694580078e-01 6.616854667663574219e-01 4.922084808349609375e-01 1.000000000000000000e+00
7.992025613784790039e-01 6.650841832160949707e-01 5.018159747123718262e-01 1.000000000000000000e+00
8.035888671875000000e-01 6.684828996658325195e-01 5.114234685897827148e-01 1.000000000000000000e+00
8.079751729965209961e-01 6.718815565109252930e-01 5.210309624671936035e-01 1.000000000000000000e+00
8.123614788055419922e-01 6.752802729606628418e-01 5.306384563446044922e-01 1.000000000000000000e+00
8.167477846145629883e-01 6.786789298057556152e-01 5.402458906173706055e-01 1.000000000000000000e+00
8.211340904235839844e-01 6.820776462554931641e-01 5.498533844947814941e-01 1.000000000000000000e+00
8.255203962326049805e-01 6.854763627052307129e-01 5.594608783721923828e-01 1.000000000000000000e+00
8.299067020416259766e-01 6.888750195503234863e-01 5.690683722496032715e-01 1.000000000000000000e+00
8.342930078506469727e-01 6.922737360000610352e-01 5.786758661270141602e-01 1.000000000000000000e+00
8.386793136596679688e-01 6.956723928451538086e-01 5.882833600044250488e-01 1.000000000000000000e+00
8.430656194686889648e-01 6.990711092948913574e-01 5.978908538818359375e-01 1.000000000000000000e+00
8.474519252777099609e-01 7.046831250190734863e-01 6.074982881546020508e-01 1.000000000000000000e+00
8.518382310867309570e-01 7.103140354156494141e-01 6.171057820320129395e-01 1.000000000000000000e+00
8.562245368957519531e-01 7.159233689308166504e-01 6.267132759094238281e-01 1.000000000000000000e+00
8.606108427047729492e-01 7.215327024459838867e-01 6.363207697868347168e-01 1.000000000000000000e+00
8.649971485137939453e-01 7.269150614738464355e-01 6.459282636642456055e-01 1.000000000000000000e+00
8.693834543228149414e-01 7.322946190834045410e-01 6.555357575416564941e-01 1.000000000000000000e+00
8.737697601318359375e-01 7.376742362976074219e-01 6.651532053947448730e-01 1.000000000000000000e+00
8.781560659408569336e-01 7.430766820907592773e-01 6.769734621047973633e-01 1.000000000000000000e+00
8.825423717498779297e-01 7.507473826408386230e-01 6.887937188148498535e-01 1.000000000000000000e+00
8.869286775588989258e-01 7.584180235862731934e-01 7.006139755249023438e-01 1.000000000000000000e+00
8.913149833679199219e-01 7.660886645317077637e-01 7.124341726303100586e-01 1.000000000000000000e+00
8.957012891769409180e-01 7.737593650817871094e-01 7.242544293403625488e-01 1.000000000000000000e+00
9.000875949859619141e-01 7.814300060272216797e-01 7.360746860504150391e-01 1.000000000000000000e+00
9.044739007949829102e-01 7.891006469726562500e-01 7.478949427604675293e-01 1.000000000000000000e+00
9.088602066040039062e-01 7.967713475227355957e-01 7.597151994705200195e-01 1.000000000000000000e+00
9.132465124130249023e-01 8.044419884681701660e-01 7.715354561805725098e-01 1.000000000000000000e+00
9.176328182220458984e-01 8.121126294136047363e-01 7.833557128906250000e-01 1.000000000000000000e+00
9.220191240310668945e-01 8.197833299636840820e-01 7.951759696006774902e-01 1.000000000000000000e+00
9.264054298400878906e-01 8.274539709091186523e-01 8.069962263107299805e-01 1.000000000000000000e+00
9.307917356491088867e-01 8.364381790161132812e-01 8.188164830207824707e-01 1.000000000000000000e+00
9.351780414581298828e-01 8.454303145408630371e-01 8.306367397308349609e-01 1.000000000000000000e+00
9.395643472671508789e-01 8.544224500656127930e-01 8.424569964408874512e-01 1.000000000000000000e+00
9.439506530761718750e-01 8.634145855903625488e-01 8.542772531509399414e-01 1.000000000000000000e+00
9.483369588851928711e-01 8.725135922431945801e-01 8.660974502563476562e-01 1.000000000000000000e+00
9.527232646942138672e-01 8.816171884536743164e-01 8.779177069664001465e-01 1.000000000000000000e+00
9.571095705032348633e-01 8.930696845054626465e-01 8.897379636764526367e-01 1.000000000000000000e+00
9.614958763122558594e-01 9.045221209526062012e-01 9.015582203865051270e-01 1.000000000000000000e+00
9.658821821212768555e-01 9.159746170043945312e-01 9.133784770965576172e-01 1.000000000000000000e+00
9.702684879302978516e-01 9.274271130561828613e-01 9.251987338066101074e-01 1.000000000000000000e+00
9.746547937393188477e-01 9.388795495033264160e-01 9.370189905166625977e-01 1.000000000000000000e+00
9.790410995483398438e-01 9.503320455551147461e-01 9.488392472267150879e-01 1.000000000000000000e+00
9.834274053573608398e-01 9.617845416069030762e-01 9.606595039367675781e-01 1.000000000000000000e+00
9.878137111663818359e-01 9.732370376586914062e-01 9.724797606468200684e-01 1.000000000000000000e+00
9.922000169754028320e-01 9.843000173568725586e-01 9.843000173568725586e-01 1.000000000000000000e+00
