1.000000000000000000e+00 0.000000000000000000e+00 1.599999964237213135e-01 1.000000000000000000e+00
1.000000000000000000e+00 0.000000000000000000e+00 1.390849649906158447e-01 1.000000000000000000e+00
1.000000000000000000e+00 0.000000000000000000e+00 1.181699335575103760e-01 1.000000000000000000e+00
1.000000000000000000e+00 0.000000000000000000e+00 9.725490212440490723e-02 1.000000000000000000e+00
1.000000000000000000e+00 0.000000000000000000e+00 7.633987069129943848e-02 1.000000000000000000e+00
1.000000000000000000e+00 0.000000000000000000e+00 5.542483553290367126e-02 1.000000000000000000e+00
1.000000000000000000e+00 0.000000000000000000e+00 3.450980409979820251e-02 1.000000000000000000e+00
1.000000000000000000e+00 0.000000000000000000e+00 1.359477080404758453e-02 1.000000000000000000e+00
1.000000000000000000e+00 7.419183850288391113e-03 0.000000000000000000e+00 1.000000000000000000e+00
1.000000000000000000e+00 2.861685305833816528e-02 0.000000000000000000e+00 1.000000000000000000e+00
1.000000000000000000e+00 4.981451854109764099e-02 0.000000000000000000e+00 1.000000000000000000e+00
1.000000000000000000e+00 7.101219147443771362e-02 0.000000000000000000e+00 1.000000000000000000e+00
1.000000000000000000e+00 9.220985323190689087e-02 0.000000000000000000e+00 1.000000000000000000e+00
1.000000000000000000e+00 1.134075224399566650e-01 0.000000000000000000e+00 1.000000000000000000e+00
1.000000000000000000e+00 1.346051990985870361e-01 0.000000000000000000e+00 1.000000000000000000e+00
1.000000000000000000e+00 1.558028608560562134e-01 0.000000000000000000e+00 1.000000000000000000e+00
1.000000000000000000e+00 1.770005226135253906e-01 0.000000000000000000e+00 1.000000000000000000e+00
1.000000000000000000e+00 1.981981992721557617e-01 0.000000000000000000e+00 1.000000000000000000e+00
1.000000000000000000e+00 2.193958610296249390e-01 0.000000000000000000e+00 1.000000000000000000e+00
1.000000000000000000e+00 2.405935376882553101e-01 0.000000000000000000e+00 1.000000000000000000e+00
1.000000000000000000e+00 2.617911994457244873e-01 0.000000000000000000e+00 1.000000000000000000e+00
1.000000000000000000e+00 2.829888761043548584e-01 0.000000000000000000e+00 1.000000000000000000e+00
1.000000000000000000e+00 3.041865527629852295e-01 0.000000000000000000e+00 1.000000000000000000e+00
1.000000000000000000e+00 3.253841996192932129e-01 0.000000000000000000e+00 1.000000000000000000e+00
1.000000000000000000e+00 3.465818762779235840e-01 0.000000000000000000e+00 1.000000000000000000e+00
1.000000000000000000e+00 3.677795529365539551e-01 0.000000000000000000e+00 1.000000000000000000e+00
1.000000000000000000e+00 3.889771997928619385e-01 0.000000000000000000e+00 1.000000000000000000e+00
1.000000000000000000e+00 4.101748764514923096e-01 0.000000000000000000e+00 1.000000000000000000e+00
1.000000000000000000e+00 4.313725531101226807e-01 0.000000000000000000e+00 1.000000000000000000e+00
1.000000000000000000e+00 4.525702297687530518e-01 0.000000000000000000e+00 1.000000000000000000e+00
1.000000000000000000e+00 4.737678766250610352e-01 0.000000000000000000e+00 1.000000000000000000e+00
1.000000000000000000e+00 4.949655532836914062e-01 0.000000000000000000e+00 1.000000000000000000e+00
1.000000000000000000e+00 5.161632299423217773e-01 0.000000000000000000e+00 1.000000000000000000e+00
1.000000000000000000e+00 5.373609066009521484e-01 0.000000000000000000e+00 1.000000000000000000e+00
1.000000000000000000e+00 5.585585832595825195e-01 0.000000000000000000e+00 1.000000000000000000e+00
1.000000000000000000e+00 5.797562003135681152e-01 0.000000000000000000e+00 1.000000000000000000e+00
1.000000000000000000e+00 6.009538769721984863e-01 0.000000000000000000e+00 1.000000000000000000e+00
1.000000000000000000e+00 6.221515536308288574e-01 0.000000000000000000e+00 1.000000000000000000e+00
1.000000000000000000e+00 6.433492302894592285e-01 0.000000000000000000e+00 1.000000000000000000e+00
1.000000000000000000e+00 6.645469069480895996e-01 0.000000000000000000e+00 1.000000000000000000e+00
1.000000000000000000e+00 6.857445836067199707e-01 0.000000000000000000e+00 1.000000000000000000e+00
1.000000000000000000e+00 7.069422602653503418e-01 0.000000000000000000e+00 1.000000000000000000e+00
1.000000000000000000e+00 7.281398773193359375e-01 0.000000000000000000e+00 1.000000000000000000e+00
1.000000000000000000e+00 7.493375539779663086e-01 0.000000000000000000e+00 1.000000000000000000e+00
1.000000000000000000e+00 7.705352306365966797e-01 0.000000000000000000e+00 1.000000000000000000e+00
1.000000000000000000e+00 7.917329072952270508e-01 0.000000000000000000e+00 1.000000000000000000e+00
1.000000000000000000e+00 8.129305839538574219e-01 0.000000000000000000e+00 1.000000000000000000e+00
1.000000000000000000e+00 8.341282606124877930e-01 0.000000000000000000e+00 1.000000000000000000e+00
1.000000000000000000e+00 8.553259372711181641e-01 0.000000000000000000e+00 1.000000000000000000e+00
1.000000000000000000e+00 8.765235543251037598e-01 0.000000000000000000e+00 1.000000000000000000e+00
1.000000000000000000e+00 8.977212309837341309e-01 0.000000000000000000e+00 1.000000000000000000e+00
1.000000000000000000e+00 9.189189076423645020e-01 0.000000000000000000e+00 1.000000000000000000e+00
1.000000000000000000e+00 9.401165843009948730e-01 0.000000000000000000e+00 1.000000000000000000e+00
1.000000000000000000e+00 9.613142609596252441e-01 0.000000000000000000e+00 1.000000000000000000e+00
1.000000000000000000e+00 9.825119376182556152e-01 0.000000000000000000e+00 1.000000000000000000e+00
9.962903857231140137e-01 1.000000000000000000e+00 0.000000000000000000e+00 1.000000000000000000e+00
9.750927686691284180e-01 1.000000000000000000e+00 0.000000000000000000e+00 1.000000000000000000e+00
9.538950920104980469e-01 1.000000000000000000e+00 0.000000000000000000e+00 1.000000000000000000e+00
9.326974153518676758e-01 1.000000000000000000e+00 0.000000000000000000e+00 1.000000000000000000e+00
9.114997386932373047e-01 1.000000000000000000e+00 0.000000000000000000e+00 1.000000000000000000e+00
8.903020620346069336e-01 1.000000000000000000e+00 0.000000000000000000e+00 1.000000000000000000e+00
8.691043853759765625e-01 1.000000000000000000e+00 0.000000000000000000e+00 1.000000000000000000e+00
8.479067087173461914e-01 1.000000000000000000e+00 0.000000000000000000e+00 1.000000000000000000e+00
8.267090916633605957e-01 1.000000000000000000e+00 0.000000000000000000e+00 1.000000000000000000e+00
8.055114150047302246e-01 1.000000000000000000e+00 0.000000000000000000e+00 1.000000000000000000e+00
7.843137383460998535e-01 1.000000000000000000e+00 0.000000000000000000e+00 1.000000000000000000e+00
7.631160616874694824e-01 1.000000000000000000e+00 0.000000000000000000e+00 1.000000000000000000e+00
7.419183850288391113e-01 1.000000000000000000e+00 0.000000000000000000e+00 1.000000000000000000e+00
7.207207083702087402e-01 1.000000000000000000e+00 0.000000000000000000e+00 1.000000000000000000e+00
6.995230317115783691e-01 1.000000000000000000e+00 0.000000000000000000e+00 1.000000000000000000e+00
6.783253550529479980e-01 1.000000000000000000e+00 0.000000000000000000e+00 1.000000000000000000e+00
6.571277379989624023e-01 1.000000000000000000e+00 0.000000000000000000e+00 1.000000000000000000e+00
6.359300613403320312e-01 1.000000000000000000e+00 0.000000000000000000e+00 1.000000000000000000e+00
6.147323846817016602e-01 1.000000000000000000e+00 0.000000000000000000e+00 1.000000000000000000e+00
5.935347080230712891e-01 1.000000000000000000e+00 0.000000000000000000e+00 1.000000000000000000e+00
5.723370313644409180e-01 1.000000000000000000e+00 0.000000000000000000e+00 1.000000000000000000e+00
5.511393547058105469e-01 1.000000000000000000e+00 0.000000000000000000e+00 1.000000000000000000e+00
5.299416780471801758e-01 1.000000000000000000e+00 0.000000000000000000e+00 1.000000000000000000e+00
5.087440609931945801e-01 1.000000000000000000e+00 0.000000000000000000e+00 1.000000000000000000e+00
4.875463843345642090e-01 1.000000000000000000e+00 0.000000000000000000e+00 1.000000000000000000e+00
4.663487076759338379e-01 1.000000000000000000e+00 0.000000000000000000e+00 1.000000000000000000e+00
4.451510310173034668e-01 1.000000000000000000e+00 0.000000000000000000e+00 1.000000000000000000e+00
4.239533543586730957e-01 1.000000000000000000e+00 0.000000000000000000e+00 1.000000000000000000e+00
4.027557075023651123e-01 1.000000000000000000e+00 0.000000000000000000e+00 1.000000000000000000e+00
3.815580308437347412e-01 1.000000000000000000e+00 0.000000000000000000e+00 1.000000000000000000e+00
3.603603541851043701e-01 1.000000000000000000e+00 0.000000000000000000e+00 1.000000000000000000e+00
3.391626775264739990e-01 1.000000000000000000e+00 0.000000000000000000e+00 1.000000000000000000e+00
3.179650306701660156e-01 1.000000000000000000e+00 0.000000000000000000e+00 1.000000000000000000e+00
2.967673540115356445e-01 1.000000000000000000e+00 0.000000000000000000e+00 1.000000000000000000e+00
2.755696773529052734e-01 1.000000000000000000e+00 0.000000000000000000e+00 1.000000000000000000e+00
2.543720304965972900e-01 1.000000000000000000e+00 0.000000000000000000e+00 1.000000000000000000e+00
2.331743538379669189e-01 1.000000000000000000e+00 0.000000000000000000e+00 1.000000000000000000e+00
2.119766771793365479e-01 1.000000000000000000e+00 0.000000000000000000e+00 1.000000000000000000e+00
1.907790154218673706e-01 1.000000000000000000e+00 0.000000000000000000e+00 1.000000000000000000e+00
1.695813387632369995e-01 1.000000000000000000e+00 0.000000000000000000e+00 1.000000000000000000e+00
1.483836770057678223e-01 1.000000000000000000e+00 0.000000000000000000e+00 1.000000000000000000e+00
1.271860152482986450e-01 1.000000000000000000e+00 0.000000000000000000e+00 1.000000000000000000e+00
1.059883385896682739e-01 1.000000000000000000e+00 0.000000000000000000e+00 1.000000000000000000e+00
8.479066938161849976e-02 1.000000000000000000e+00 0.000000000000000000e+00 1.000000000000000000e+00
6.359300762414932251e-02 1.000000000000000000e+00 0.000000000000000000e+00 1.000000000000000000e+00
4.239533469080924988e-02 1.000000000000000000e+00 0.000000000000000000e+00 1.000000000000000000e+00
2.119766734540462494e-02 1.000000000000000000e+00 0.000000000000000000e+00 1.000000000000000000e+00
0.000000000000000000e+00 1.000000000000000000e+00 0.000000000000000000e+00 1.000000000000000000e+00
0.000000000000000000e+00 1.000000000000000000e+00 2.108370140194892883e-02 1.000000000000000000e+00
0.000000000000000000e+00 1.000000000000000000e+00 4.216740280389785767e-02 1.000000000000000000e+00
0.000000000000000000e+00 1.000000000000000000e+00 6.325110793113708496e-02 1.000000000000000000e+00
0.000000000000000000e+00 1.000000000000000000e+00 8.433480560779571533e-02 1.000000000000000000e+00
0.000000000000000000e+00 1.000000000000000000e+00 1.054185107350349426e-01 1.000000000000000000e+00
0.000000000000000000e+00 1.000000000000000000e+00 1.265022158622741699e-01 1.000000000000000000e+00
0.000000000000000000e+00 1.000000000000000000e+00 1.475859135389328003e-01 1.000000000000000000e+00
0.000000000000000000e+00 1.000000000000000000e+00 1.686696112155914307e-01 1.000000000000000000e+00
0.000000000000000000e+00 1.000000000000000000e+00 1.897533237934112549e-01 1.000000000000000000e+00
0.000000000000000000e+00 1.000000000000000000e+00 2.108370214700698853e-01 1.000000000000000000e+00
0.000000000000000000e+00 1.000000000000000000e+00 2.319207191467285156e-01 1.000000000000000000e+00
0.000000000000000000e+00 1.000000000000000000e+00 2.530044317245483398e-01 1.000000000000000000e+00
0.000000000000000000e+00 1.000000000000000000e+00 2.740881443023681641e-01 1.000000000000000000e+00
0.000000000000000000e+00 1.000000000000000000e+00 2.951718270778656006e-01 1.000000000000000000e+00
0.000000000000000000e+00 1.000000000000000000e+00 3.162555396556854248e-01 1.000000000000000000e+00
0.000000000000000000e+00 1.000000000000000000e+00 3.373392224311828613e-01 1.000000000000000000e+00
0.000000000000000000e+00 1.000000000000000000e+00 3.584229350090026855e-01 1.000000000000000000e+00
0.000000000000000000e+00 1.000000000000000000e+00 3.795066475868225098e-01 1.000000000000000000e+00
0.000000000000000000e+00 1.000000000000000000e+00 4.005903303623199463e-01 1.000000000000000000e+00
0.000000000000000000e+00 1.000000000000000000e+00 4.216740429401397705e-01 1.000000000000000000e+00
0.000000000000000000e+00 1.000000000000000000e+00 4.427577555179595947e-01 1.000000000000000000e+00
0.000000000000000000e+00 1.000000000000000000e+00 4.638414382934570312e-01 1.000000000000000000e+00
0.000000000000000000e+00 1.000000000000000000e+00 4.849251508712768555e-01 1.000000000000000000e+00
0.000000000000000000e+00 1.000000000000000000e+00 5.060088634490966797e-01 1.000000000000000000e+00
0.000000000000000000e+00 1.000000000000000000e+00 5.270925760269165039e-01 1.000000000000000000e+00
0.000000000000000000e+00 1.000000000000000000e+00 5.481762886047363281e-01 1.000000000000000000e+00
0.000000000000000000e+00 1.000000000000000000e+00 5.692599415779113770e-01 1.000000000000000000e+00
0.000000000000000000e+00 1.000000000000000000e+00 5.903436541557312012e-01 1.000000000000000000e+00
0.000000000000000000e+00 1.000000000000000000e+00 6.114273667335510254e-01 1.000000000000000000e+00
0.000000000000000000e+00 1.000000000000000000e+00 6.325110793113708496e-01 1.000000000000000000e+00
0.000000000000000000e+00 1.000000000000000000e+00 6.535947918891906738e-01 1.000000000000000000e+00
0.000000000000000000e+00 1.000000000000000000e+00 6.746784448623657227e-01 1.000000000000000000e+00
0.000000000000000000e+00 1.000000000000000000e+00 6.957621574401855469e-01 1.000000000000000000e+00
0.000000000000000000e+00 1.000000000000000000e+00 7.168458700180053711e-01 1.000000000000000000e+00
0.000000000000000000e+00 1.000000000000000000e+00 7.379295825958251953e-01 1.000000000000000000e+00
0.000000000000000000e+00 1.000000000000000000e+00 7.590132951736450195e-01 1.000000000000000000e+00
0.000000000000000000e+00 1.000000000000000000e+00 7.800970077514648438e-01 1.000000000000000000e+00
0.000000000000000000e+00 1.000000000000000000e+00 8.011806607246398926e-01 1.000000000000000000e+00
0.000000000000000000e+00 1.000000000000000000e+00 8.222643733024597168e-01 1.000000000000000000e+00
0.000000000000000000e+00 1.000000000000000000e+00 8.433480858802795410e-01 1.000000000000000000e+00
0.000000000000000000e+00 1.000000000000000000e+00 8.644317984580993652e-01 1.000000000000000000e+00
0.000000000000000000e+00 1.000000000000000000e+00 8.855155110359191895e-01 1.000000000000000000e+00
0.000000000000000000e+00 1.000000000000000000e+00 9.065992236137390137e-01 1.000000000000000000e+00
0.000000000000000000e+00 1.000000000000000000e+00 9.276828765869140625e-01 1.000000000000000000e+00
0.000000000000000000e+00 1.000000000000000000e+00 9.487665891647338867e-01 1.000000000000000000e+00
0.000000000000000000e+00 1.000000000000000000e+00 9.698503017425537109e-01 1.000000000000000000e+00
0.000000000000000000e+00 1.000000000000000000e+00 9.909340143203735352e-01 1.000000000000000000e+00
0.000000000000000000e+00 9.878516793251037598e-01 1.000000000000000000e+00 1.000000000000000000e+00
0.000000000000000000e+00 9.665387868881225586e-01 1.000000000000000000e+00 1.000000000000000000e+00
0.000000000000000000e+00 9.452258944511413574e-01 1.000000000000000000e+00 1.000000000000000000e+00
0.000000000000000000e+00 9.239130616188049316e-01 1.000000000000000000e+00 1.000000000000000000e+00
0.000000000000000000e+00 9.026001691818237305e-01 1.000000000000000000e+00 1.000000000000000000e+00
0.000000000000000000e+00 8.812872767448425293e-01 1.000000000000000000e+00 1.000000000000000000e+00
0.000000000000000000e+00 8.599744439125061035e-01 1.000000000000000000e+00 1.000000000000000000e+00
0.000000000000000000e+00 8.386615514755249023e-01 1.000000000000000000e+00 1.000000000000000000e+00
0.000000000000000000e+00 8.173486590385437012e-01 1.000000000000000000e+00 1.000000000000000000e+00
0.000000000000000000e+00 7.960358262062072754e-01 1.000000000000000000e+00 1.000000000000000000e+00
0.000000000000000000e+00 7.747229337692260742e-01 1.000000000000000000e+00 1.000000000000000000e+00
0.000000000000000000e+00 7.534100413322448730e-01 1.000000000000000000e+00 1.000000000000000000e+00
0.000000000000000000e+00 7.320972084999084473e-01 1.000000000000000000e+00 1.000000000000000000e+00
0.000000000000000000e+00 7.107843160629272461e-01 1.000000000000000000e+00 1.000000000000000000e+00
0.000000000000000000e+00 6.894714236259460449e-01 1.000000000000000000e+00 1.000000000000000000e+00
0.000000000000000000e+00 6.681585907936096191e-01 1.000000000000000000e+00 1.000000000000000000e+00
0.000000000000000000e+00 6.468456983566284180e-01 1.000000000000000000e+00 1.000000000000000000e+00
0.000000000000000000e+00 6.255328059196472168e-01 1.000000000000000000e+00 1.000000000000000000e+00
0.000000000000000000e+00 6.042199730873107910e-01 1.000000000000000000e+00 1.000000000000000000e+00
0.000000000000000000e+00 5.829070806503295898e-01 1.000000000000000000e+00 1.000000000000000000e+00
0.000000000000000000e+00 5.615941882133483887e-01 1.000000000000000000e+00 1.000000000000000000e+00
0.000000000000000000e+00 5.402813553810119629e-01 1.000000000000000000e+00 1.000000000000000000e+00
0.000000000000000000e+00 5.189684629440307617e-01 1.000000000000000000e+00 1.000000000000000000e+00
0.000000000000000000e+00 4.976555705070495605e-01 1.000000000000000000e+00 1.000000000000000000e+00
0.000000000000000000e+00 4.763427078723907471e-01 1.000000000000000000e+00 1.000000000000000000e+00
0.000000000000000000e+00 4.550298452377319336e-01 1.000000000000000000e+00 1.000000000000000000e+00
0.000000000000000000e+00 4.337169528007507324e-01 1.000000000000000000e+00 1.000000000000000000e+00
0.000000000000000000e+00 4.124040901660919189e-01 1.000000000000000000e+00 1.000000000000000000e+00
0.000000000000000000e+00 3.910912275314331055e-01 1.000000000000000000e+00 1.000000000000000000e+00
0.000000000000000000e+00 3.697783350944519043e-01 1.000000000000000000e+00 1.000000000000000000e+00
0.000000000000000000e+00 3.484654724597930908e-01 1.000000000000000000e+00 1.000000000000000000e+00
0.000000000000000000e+00 3.271526098251342773e-01 1.000000000000000000e+00 1.000000000000000000e+00
0.000000000000000000e+00 3.058397173881530762e-01 1.000000000000000000e+00 1.000000000000000000e+00
0.000000000000000000e+00 2.845268547534942627e-01 1.000000000000000000e+00 1.000000000000000000e+00
0.000000000000000000e+00 2.632139921188354492e-01 1.000000000000000000e+00 1.000000000000000000e+00
0.000000000000000000e+00 2.419011145830154419e-01 1.000000000000000000e+00 1.000000000000000000e+00
0.000000000000000000e+00 2.205882370471954346e-01 1.000000000000000000e+00 1.000000000000000000e+00
0.000000000000000000e+00 1.992753595113754272e-01 1.000000000000000000e+00 1.000000000000000000e+00
0.000000000000000000e+00 1.779624819755554199e-01 1.000000000000000000e+00 1.000000000000000000e+00
0.000000000000000000e+00 1.566496193408966064e-01 1.000000000000000000e+00 1.000000000000000000e+00
0.000000000000000000e+00 1.353367418050765991e-01 1.000000000000000000e+00 1.000000000000000000e+00
0.000000000000000000e+00 1.140238717198371887e-01 1.000000000000000000e+00 1.000000000000000000e+00
0.000000000000000000e+00 9.271099418401718140e-02 1.000000000000000000e+00 1.000000000000000000e+00
0.000000000000000000e+00 7.139812409877777100e-02 1.000000000000000000e+00 1.000000000000000000e+00
0.000000000000000000e+00 5.008525028824806213e-02 1.000000000000000000e+00 1.000000000000000000e+00
0.000000000000000000e+00 2.877237834036350250e-02 1.000000000000000000e+00 1.000000000000000000e+00
0.000000000000000000e+00 7.459505461156368256e-03 1.000000000000000000e+00 1.000000000000000000e+00
1.385336741805076599e-02 0.000000000000000000e+00 1.000000000000000000e+00 1.000000000000000000e+00
3.516624122858047485e-02 0.000000000000000000e+00 1.000000000000000000e+00 1.000000000000000000e+00
5.647911503911018372e-02 0.000000000000000000e+00 1.000000000000000000e+00 1.000000000000000000e+00
7.779198884963989258e-02 0.000000000000000000e+00 1.000000000000000000e+00 1.000000000000000000e+00
9.910485893487930298e-02 0.000000000000000000e+00 1.000000000000000000e+00 1.000000000000000000e+00
1.204177290201187134e-01 0.000000000000000000e+00 1.000000000000000000e+00 1.000000000000000000e+00
1.417306065559387207e-01 0.000000000000000000e+00 1.000000000000000000e+00 1.000000000000000000e+00
1.630434840917587280e-01 0.000000000000000000e+00 1.000000000000000000e+00 1.000000000000000000e+00
1.843563467264175415e-01 0.000000000000000000e+00 1.000000000000000000e+00 1.000000000000000000e+00
2.056692242622375488e-01 0.000000000000000000e+00 1.000000000000000000e+00 1.000000000000000000e+00
2.269821017980575562e-01 0.000000000000000000e+00 1.000000000000000000e+00 1.000000000000000000e+00
2.482949644327163696e-01 0.000000000000000000e+00 1.000000000000000000e+00 1.000000000000000000e+00
2.696078419685363770e-01 0.000000000000000000e+00 1.000000000000000000e+00 1.000000000000000000e+00
2.909207046031951904e-01 0.000000000000000000e+00 1.000000000000000000e+00 1.000000000000000000e+00
3.122335970401763916e-01 0.000000000000000000e+00 1.000000000000000000e+00 1.000000000000000000e+00
3.335464596748352051e-01 0.000000000000000000e+00 1.000000000000000000e+00 1.000000000000000000e+00
3.548593223094940186e-01 0.000000000000000000e+00 1.000000000000000000e+00 1.000000000000000000e+00
3.761722147464752197e-01 0.000000000000000000e+00 1.000000000000000000e+00 1.000000000000000000e+00
3.974850773811340332e-01 0.000000000000000000e+00 1.000000000000000000e+00 1.000000000000000000e+00
4.187979400157928467e-01 0.000000000000000000e+00 1.000000000000000000e+00 1.000000000000000000e+00
4.401108324527740479e-01 0.000000000000000000e+00 1.000000000000000000e+00 1.000000000000000000e+00
4.614236950874328613e-01 0.000000000000000000e+00 1.000000000000000000e+00 1.000000000000000000e+00
4.827365875244140625e-01 0.000000000000000000e+00 1.000000000000000000e+00 1.000000000000000000e+00
5.040494203567504883e-01 0.000000000000000000e+00 1.000000000000000000e+00 1.000000000000000000e+00
5.253623127937316895e-01 0.000000000000000000e+00 1.000000000000000000e+00 1.000000000000000000e+00
5.466752052307128906e-01 0.000000000000000000e+00 1.000000000000000000e+00 1.000000000000000000e+00
5.679880380630493164e-01 0.000000000000000000e+00 1.000000000000000000e+00 1.000000000000000000e+00
5.893009305000305176e-01 0.000000000000000000e+00 1.000000000000000000e+00 1.000000000000000000e+00
6.106138229370117188e-01 0.000000000000000000e+00 1.000000000000000000e+00 1.000000000000000000e+00
6.319266557693481445e-01 0.000000000000000000e+00 1.000000000000000000e+00 1.000000000000000000e+00
6.532395482063293457e-01 0.000000000000000000e+00 1.000000000000000000e+00 1.000000000000000000e+00
6.745524406433105469e-01 0.000000000000000000e+00 1.000000000000000000e+00 1.000000000000000000e+00
6.958652734756469727e-01 0.000000000000000000e+00 1.000000000000000000e+00 1.000000000000000000e+00
7.171781659126281738e-01 0.000000000000000000e+00 1.000000000000000000e+00 1.000000000000000000e+00
7.384910583496093750e-01 0.000000000000000000e+00 1.000000000000000000e+00 1.000000000000000000e+00
7.598039507865905762e-01 0.000000000000000000e+00 1.000000000000000000e+00 1.000000000000000000e+00
7.811167836189270020e-01 0.000000000000000000e+00 1.000000000000000000e+00 1.000000000000000000e+00
8.024296760559082031e-01 0.000000000000000000e+00 1.000000000000000000e+00 1.000000000000000000e+00
8.237425684928894043e-01 0.000000000000000000e+00 1.000000000000000000e+00 1.000000000000000000e+00
8.450554013252258301e-01 0.000000000000000000e+00 1.000000000000000000e+00 1.000000000000000000e+00
8.663682937622070312e-01 0.000000000000000000e+00 1.000000000000000000e+00 1.000000000000000000e+00
8.876811861991882324e-01 0.000000000000000000e+00 1.000000000000000000e+00 1.000000000000000000e+00
9.089940190315246582e-01 0.000000000000000000e+00 1.000000000000000000e+00 1.000000000000000000e+00
9.303069114685058594e-01 0.000000000000000000e+00 1.000000000000000000e+00 1.000000000000000000e+00
9.516198039054870605e-01 0.000000000000000000e+00 1.000000000000000000e+00 1.000000000000000000e+00
9.729326367378234863e-01 0.000000000000000000e+00 1.000000000000000000e+00 1.000000000000000000e+00
9.942455291748046875e-01 0.000000000000000000e+00 1.000000000000000000e+00 1.000000000000000000e+00
1.000000000000000000e+00 0.000000000000000000e+00 9.844415783882141113e-01 1.000000000000000000e+00
1.000000000000000000e+00 0.000000000000000000e+00 9.631287455558776855e-01 1.000000000000000000e+00
1.000000000000000000e+00 0.000000000000000000e+00 9.418158531188964844e-01 1.000000000000000000e+00
1.000000000000000000e+00 0.000000000000000000e+00 9.205029606819152832e-01 1.000000000000000000e+00
1.000000000000000000e+00 0.000000000000000000e+00 8.991901278495788574e-01 1.000000000000000000e+00
1.000000000000000000e+00 0.000000000000000000e+00 8.778772354125976562e-01 1.000000000000000000e+00
1.000000000000000000e+00 0.000000000000000000e+00 8.565643429756164551e-01 1.000000000000000000e+00
1.000000000000000000e+00 0.000000000000000000e+00 8.352515101432800293e-01 1.000000000000000000e+00
1.000000000000000000e+00 0.000000000000000000e+00 8.139386177062988281e-01 1.000000000000000000e+00
1.000000000000000000e+00 0.000000000000000000e+00 7.926257252693176270e-01 1.000000000000000000e+00
1.000000000000000000e+00 0.000000000000000000e+00 7.713128924369812012e-01 1.000000000000000000e+00
1.000000000000000000e+00 0.000000000000000000e+00 7.500000000000000000e-01 1.000000000000000000e+00
