0.000000000000000000e+00 0.000000000000000000e+00 5.019999742507934570e-01 1.000000000000000000e+00
0.000000000000000000e+00 2.861976251006126404e-02 4.651064872741699219e-01 1.000000000000000000e+00
0.000000000000000000e+00 5.723952502012252808e-02 4.282130002975463867e-01 1.000000000000000000e+00
0.000000000000000000e+00 8.585928380489349365e-02 3.913194835186004639e-01 1.000000000000000000e+00
0.000000000000000000e+00 1.144790500402450562e-01 3.544259965419769287e-01 1.000000000000000000e+00
0.000000000000000000e+00 1.430988013744354248e-01 3.175324797630310059e-01 1.000000000000000000e+00
0.000000000000000000e+00 1.717185676097869873e-01 2.806389927864074707e-01 1.000000000000000000e+00
0.000000000000000000e+00 2.003383338451385498e-01 2.437454760074615479e-01 1.000000000000000000e+00
0.000000000000000000e+00 2.289581000804901123e-01 2.068519741296768188e-01 1.000000000000000000e+00
0.000000000000000000e+00 2.575778663158416748e-01 1.699584722518920898e-01 1.000000000000000000e+00
0.000000000000000000e+00 2.861976027488708496e-01 1.330649703741073608e-01 1.000000000000000000e+00
0.000000000000000000e+00 3.148173689842224121e-01 9.617147594690322876e-02 1.000000000000000000e+00
0.000000000000000000e+00 3.434371352195739746e-01 5.927797034382820129e-02 1.000000000000000000e+00
0.000000000000000000e+00 3.720569014549255371e-01 2.238446660339832306e-02 1.000000000000000000e+00
0.000000000000000000e+00 3.457462787628173828e-01 8.708668500185012817e-02 1.000000000000000000e+00
0.000000000000000000e+00 3.191595971584320068e-01 1.522994339466094971e-01 1.000000000000000000e+00
0.000000000000000000e+00 2.925729453563690186e-01 2.175121903419494629e-01 1.000000000000000000e+00
0.000000000000000000e+00 2.659862637519836426e-01 2.827249467372894287e-01 1.000000000000000000e+00
0.000000000000000000e+00 2.393996119499206543e-01 3.479377031326293945e-01 1.000000000000000000e+00
0.000000000000000000e+00 2.128129452466964722e-01 4.131504595279693604e-01 1.000000000000000000e+00
0.000000000000000000e+00 1.862262934446334839e-01 4.783631861209869385e-01 1.000000000000000000e+00
0.000000000000000000e+00 1.596396267414093018e-01 5.435759425163269043e-01 1.000000000000000000e+00
0.000000000000000000e+00 1.330529600381851196e-01 6.087887287139892578e-01 1.000000000000000000e+00
0.000000000000000000e+00 1.064662933349609375e-01 6.740014553070068359e-01 1.000000000000000000e+00
0.000000000000000000e+00 7.987963408231735229e-02 7.392141819000244141e-01 1.000000000000000000e+00
0.000000000000000000e+00 5.329296737909317017e-02 8.044269680976867676e-01 1.000000000000000000e+00
0.000000000000000000e+00 2.670630440115928650e-02 8.696396946907043457e-01 1.000000000000000000e+00
0.000000000000000000e+00 1.196399898617528379e-04 9.348524808883666992e-01 1.000000000000000000e+00
0.000000000000000000e+00 5.512949451804161072e-02 1.000000000000000000e+00 1.000000000000000000e+00
0.000000000000000000e+00 1.105081960558891296e-01 1.000000000000000000e+00 1.000000000000000000e+00
0.000000000000000000e+00 1.658868938684463501e-01 1.000000000000000000e+00 1.000000000000000000e+00
0.000000000000000000e+00 2.212655991315841675e-01 1.000000000000000000e+00 1.000000000000000000e+00
0.000000000000000000e+00 2.766442894935607910e-01 1.000000000000000000e+00 1.000000000000000000e+00
0.000000000000000000e+00 3.320229947566986084e-01 1.000000000000000000e+00 1.000000000000000000e+00
0.000000000000000000e+00 3.874017000198364258e-01 1.000000000000000000e+00 1.000000000000000000e+00
0.000000000000000000e+00 4.427804052829742432e-01 1.000000000000000000e+00 1.000000000000000000e+00
0.000000000000000000e+00 4.981591105461120605e-01 1.000000000000000000e+00 1.000000000000000000e+00
0.000000000000000000e+00 5.535377860069274902e-01 1.000000000000000000e+00 1.000000000000000000e+00
0.000000000000000000e+00 6.089165210723876953e-01 1.000000000000000000e+00 1.000000000000000000e+00
0.000000000000000000e+00 6.642951965332031250e-01 1.000000000000000000e+00 1.000000000000000000e+00
0.000000000000000000e+00 7.196739315986633301e-01 1.000000000000000000e+00 1.000000000000000000e+00
0.000000000000000000e+00 7.535652518272399902e-01 1.000000000000000000e+00 1.000000000000000000e+00
0.000000000000000000e+00 7.752259373664855957e-01 1.000000000000000000e+00 1.000000000000000000e+00
0.000000000000000000e+00 7.925115823745727539e-01 1.000000000000000000e+00 1.000000000000000000e+00
0.000000000000000000e+00 8.097972273826599121e-01 1.000000000000000000e+00 1.000000000000000000e+00
0.000000000000000000e+00 8.270829319953918457e-01 1.000000000000000000e+00 1.000000000000000000e+00
0.000000000000000000e+00 8.443685770034790039e-01 1.000000000000000000e+00 1.000000000000000000e+00
0.000000000000000000e+00 8.616542220115661621e-01 1.000000000000000000e+00 1.000000000000000000e+00
0.000000000000000000e+00 8.789398670196533203e-01 1.000000000000000000e+00 1.000000000000000000e+00
0.000000000000000000e+00 8.962255716323852539e-01 1.000000000000000000e+00 1.000000000000000000e+00
0.000000000000000000e+00 9.135112166404724121e-01 1.000000000000000000e+00 1.000000000000000000e+00
0.000000000000000000e+00 9.307968616485595703e-01 1.000000000000000000e+00 1.000000000000000000e+00
0.000000000000000000e+00 9.480825066566467285e-01 9.998586177825927734e-01 1.000000000000000000e+00
0.000000000000000000e+00 9.653682112693786621e-01 9.741483330726623535e-01 1.000000000000000000e+00
0.000000000000000000e+00 9.826538562774658203e-01 9.484380483627319336e-01 1.000000000000000000e+00
0.000000000000000000e+00 9.999395012855529785e-01 9.227277636528015137e-01 1.000000000000000000e+00
0.000000000000000000e+00 9.982228875160217285e-01 8.970174789428710938e-01 1.000000000000000000e+00
0.000000000000000000e+00 9.964395165443420410e-01 8.713071942329406738e-01 1.000000000000000000e+00
0.000000000000000000e+00 9.946561455726623535e-01 8.455969095230102539e-01 1.000000000000000000e+00
0.000000000000000000e+00 9.928728342056274414e-01 8.198866248130798340e-01 1.000000000000000000e+00
0.000000000000000000e+00 9.910894632339477539e-01 7.941763401031494141e-01 1.000000000000000000e+00
0.000000000000000000e+00 9.893060922622680664e-01 7.684660553932189941e-01 1.000000000000000000e+00
0.000000000000000000e+00 9.875227212905883789e-01 7.427557706832885742e-01 1.000000000000000000e+00
0.000000000000000000e+00 9.857393503189086914e-01 7.170454859733581543e-01 1.000000000000000000e+00
0.000000000000000000e+00 9.839560389518737793e-01 6.913352012634277344e-01 1.000000000000000000e+00
0.000000000000000000e+00 9.821726679801940918e-01 6.656249165534973145e-01 1.000000000000000000e+00
0.000000000000000000e+00 9.804000258445739746e-01 6.399146318435668945e-01 1.000000000000000000e+00
0.000000000000000000e+00 9.804000258445739746e-01 6.140294671058654785e-01 1.000000000000000000e+00
0.000000000000000000e+00 9.804000258445739746e-01 5.731160044670104980e-01 1.000000000000000000e+00
0.000000000000000000e+00 9.804000258445739746e-01 5.322025418281555176e-01 1.000000000000000000e+00
0.000000000000000000e+00 9.820304512977600098e-01 4.912890493869781494e-01 1.000000000000000000e+00
0.000000000000000000e+00 9.836658239364624023e-01 4.503755867481231689e-01 1.000000000000000000e+00
0.000000000000000000e+00 9.853012561798095703e-01 4.094620943069458008e-01 1.000000000000000000e+00
0.000000000000000000e+00 9.869366288185119629e-01 3.685486316680908203e-01 1.000000000000000000e+00
0.000000000000000000e+00 9.885720014572143555e-01 3.276351392269134521e-01 1.000000000000000000e+00
0.000000000000000000e+00 9.902073740959167480e-01 2.867216765880584717e-01 1.000000000000000000e+00
0.000000000000000000e+00 9.918427467346191406e-01 2.458081841468811035e-01 1.000000000000000000e+00
0.000000000000000000e+00 9.934781193733215332e-01 2.048947066068649292e-01 1.000000000000000000e+00
0.000000000000000000e+00 9.951134920120239258e-01 1.639812290668487549e-01 1.000000000000000000e+00
2.497420064173638821e-05 9.967488646507263184e-01 1.230677440762519836e-01 1.000000000000000000e+00
2.499917522072792053e-02 9.983842372894287109e-01 8.215426653623580933e-02 1.000000000000000000e+00
4.997337609529495239e-02 9.998229146003723145e-01 4.124078527092933655e-02 1.000000000000000000e+00
7.494757324457168579e-02 9.850670695304870605e-01 3.273078473284840584e-04 1.000000000000000000e+00
9.992177784442901611e-02 9.703112244606018066e-01 0.000000000000000000e+00 1.000000000000000000e+00
1.248959749937057495e-01 9.555553197860717773e-01 0.000000000000000000e+00 1.000000000000000000e+00
1.498701721429824829e-01 9.407994747161865234e-01 0.000000000000000000e+00 1.000000000000000000e+00
1.748443692922592163e-01 9.260436296463012695e-01 0.000000000000000000e+00 1.000000000000000000e+00
1.998185813426971436e-01 9.112877249717712402e-01 0.000000000000000000e+00 1.000000000000000000e+00
2.247927784919738770e-01 8.965318799018859863e-01 0.000000000000000000e+00 1.000000000000000000e+00
2.497669756412506104e-01 8.817760348320007324e-01 0.000000000000000000e+00 1.000000000000000000e+00
2.747411727905273438e-01 8.670201897621154785e-01 0.000000000000000000e+00 1.000000000000000000e+00
2.997153699398040771e-01 8.522642850875854492e-01 0.000000000000000000e+00 1.000000000000000000e+00
3.246895670890808105e-01 8.375084400177001953e-01 0.000000000000000000e+00 1.000000000000000000e+00
3.496637642383575439e-01 8.227525949478149414e-01 0.000000000000000000e+00 1.000000000000000000e+00
3.746379911899566650e-01 8.081894516944885254e-01 0.000000000000000000e+00 1.000000000000000000e+00
3.993970751762390137e-01 8.209661841392517090e-01 0.000000000000000000e+00 1.000000000000000000e+00
4.071633219718933105e-01 8.337428569793701172e-01 0.000000000000000000e+00 1.000000000000000000e+00
4.149295687675476074e-01 8.465195894241333008e-01 0.000000000000000000e+00 1.000000000000000000e+00
4.226958155632019043e-01 8.592963218688964844e-01 0.000000000000000000e+00 1.000000000000000000e+00
4.304620623588562012e-01 8.720730543136596680e-01 0.000000000000000000e+00 1.000000000000000000e+00
4.382283091545104980e-01 8.848497867584228516e-01 0.000000000000000000e+00 1.000000000000000000e+00
4.459945261478424072e-01 8.976265192031860352e-01 0.000000000000000000e+00 1.000000000000000000e+00
4.537607729434967041e-01 9.104032516479492188e-01 0.000000000000000000e+00 1.000000000000000000e+00
4.615270197391510010e-01 9.231799244880676270e-01 0.000000000000000000e+00 1.000000000000000000e+00
4.692932665348052979e-01 9.359566569328308105e-01 0.000000000000000000e+00 1.000000000000000000e+00
4.770595133304595947e-01 9.487333893775939941e-01 0.000000000000000000e+00 1.000000000000000000e+00
4.848257601261138916e-01 9.615101218223571777e-01 0.000000000000000000e+00 1.000000000000000000e+00
4.925920069217681885e-01 9.742868542671203613e-01 1.556491293013095856e-02 1.000000000000000000e+00
5.004338622093200684e-01 9.870635867118835449e-01 3.118449449539184570e-02 1.000000000000000000e+00
5.182809233665466309e-01 9.998403191566467285e-01 4.680407419800758362e-02 1.000000000000000000e+00
5.361279845237731934e-01 1.000000000000000000e+00 6.242365762591362000e-02 1.000000000000000000e+00
5.539750456809997559e-01 1.000000000000000000e+00 7.804323732852935791e-02 1.000000000000000000e+00
5.718221068382263184e-01 1.000000000000000000e+00 9.366282075643539429e-02 1.000000000000000000e+00
5.896691679954528809e-01 1.000000000000000000e+00 1.092823967337608337e-01 1.000000000000000000e+00
6.075162291526794434e-01 1.000000000000000000e+00 1.249019801616668701e-01 1.000000000000000000e+00
6.253632903099060059e-01 1.000000000000000000e+00 1.405215561389923096e-01 1.000000000000000000e+00
6.432103514671325684e-01 1.000000000000000000e+00 1.561411470174789429e-01 1.000000000000000000e+00
6.610574722290039062e-01 1.000000000000000000e+00 1.717607229948043823e-01 1.000000000000000000e+00
6.789045333862304688e-01 1.000000000000000000e+00 1.873802989721298218e-01 1.000000000000000000e+00
6.967515945434570312e-01 1.000000000000000000e+00 2.029998898506164551e-01 1.000000000000000000e+00
7.145986557006835938e-01 1.000000000000000000e+00 2.186194658279418945e-01 1.000000000000000000e+00
7.324457168579101562e-01 1.000000000000000000e+00 2.341609448194503784e-01 1.000000000000000000e+00
7.502927780151367188e-01 1.000000000000000000e+00 2.185413688421249390e-01 1.000000000000000000e+00
7.681398391723632812e-01 1.000000000000000000e+00 2.029217928647994995e-01 1.000000000000000000e+00
7.859869003295898438e-01 1.000000000000000000e+00 1.873022019863128662e-01 1.000000000000000000e+00
8.038339614868164062e-01 1.000000000000000000e+00 1.716826260089874268e-01 1.000000000000000000e+00
8.216810226440429688e-01 1.000000000000000000e+00 1.560630500316619873e-01 1.000000000000000000e+00
8.395280838012695312e-01 1.000000000000000000e+00 1.404434591531753540e-01 1.000000000000000000e+00
8.573751449584960938e-01 1.000000000000000000e+00 1.248238831758499146e-01 1.000000000000000000e+00
8.752222657203674316e-01 1.000000000000000000e+00 1.092042997479438782e-01 1.000000000000000000e+00
8.930693268775939941e-01 1.000000000000000000e+00 9.358472377061843872e-02 1.000000000000000000e+00
9.109163880348205566e-01 1.000000000000000000e+00 7.796514034271240234e-02 1.000000000000000000e+00
9.287634491920471191e-01 1.000000000000000000e+00 6.234555691480636597e-02 1.000000000000000000e+00
9.466105103492736816e-01 1.000000000000000000e+00 4.672597721219062805e-02 1.000000000000000000e+00
9.644575715065002441e-01 9.904056191444396973e-01 3.110639564692974091e-02 1.000000000000000000e+00
9.823046326637268066e-01 9.807338118553161621e-01 1.548681501299142838e-02 1.000000000000000000e+00
1.000000000000000000e+00 9.710620641708374023e-01 0.000000000000000000e+00 1.000000000000000000e+00
1.000000000000000000e+00 9.613902568817138672e-01 0.000000000000000000e+00 1.000000000000000000e+00
1.000000000000000000e+00 9.517185091972351074e-01 0.000000000000000000e+00 1.000000000000000000e+00
1.000000000000000000e+00 9.420467019081115723e-01 0.000000000000000000e+00 1.000000000000000000e+00
1.000000000000000000e+00 9.323749542236328125e-01 0.000000000000000000e+00 1.000000000000000000e+00
1.000000000000000000e+00 9.227032065391540527e-01 0.000000000000000000e+00 1.000000000000000000e+00
1.000000000000000000e+00 9.130313992500305176e-01 0.000000000000000000e+00 1.000000000000000000e+00
1.000000000000000000e+00 9.033596515655517578e-01 0.000000000000000000e+00 1.000000000000000000e+00
1.000000000000000000e+00 8.936878442764282227e-01 0.000000000000000000e+00 1.000000000000000000e+00
1.000000000000000000e+00 8.840160965919494629e-01 0.000000000000000000e+00 1.000000000000000000e+00
1.000000000000000000e+00 8.743442893028259277e-01 0.000000000000000000e+00 1.000000000000000000e+00
1.000000000000000000e+00 8.646725416183471680e-01 0.000000000000000000e+00 1.000000000000000000e+00
1.000000000000000000e+00 8.550007939338684082e-01 0.000000000000000000e+00 1.000000000000000000e+00
1.000000000000000000e+00 8.453289866447448730e-01 4.213010426610708237e-03 1.000000000000000000e+00
1.000000000000000000e+00 8.356572389602661133e-01 8.434463292360305786e-03 1.000000000000000000e+00
1.000000000000000000e+00 8.259854316711425781e-01 1.265591662377119064e-02 1.000000000000000000e+00
1.000000000000000000e+00 8.163136839866638184e-01 1.687736995518207550e-02 1.000000000000000000e+00
1.000000000000000000e+00 8.066418766975402832e-01 2.109882421791553497e-02 1.000000000000000000e+00
1.000000000000000000e+00 7.969701290130615234e-01 2.532027661800384521e-02 1.000000000000000000e+00
1.000000000000000000e+00 7.872983217239379883e-01 2.954173088073730469e-02 1.000000000000000000e+00
1.000000000000000000e+00 7.776265740394592285e-01 3.376318514347076416e-02 1.000000000000000000e+00
1.000000000000000000e+00 7.679548263549804688e-01 3.798463568091392517e-02 1.000000000000000000e+00
1.000000000000000000e+00 7.582830190658569336e-01 4.220608994364738464e-02 1.000000000000000000e+00
1.000000000000000000e+00 7.486112713813781738e-01 4.642754420638084412e-02 1.000000000000000000e+00
1.000000000000000000e+00 7.389394640922546387e-01 5.064899474382400513e-02 1.000000000000000000e+00
1.000000000000000000e+00 7.292677164077758789e-01 5.487044900655746460e-02 1.000000000000000000e+00
1.000000000000000000e+00 6.973093748092651367e-01 5.126416683197021484e-02 1.000000000000000000e+00
1.000000000000000000e+00 6.651939153671264648e-01 4.760270193219184875e-02 1.000000000000000000e+00
1.000000000000000000e+00 6.330785155296325684e-01 4.394123703241348267e-02 1.000000000000000000e+00
1.000000000000000000e+00 6.009630560874938965e-01 4.027977213263511658e-02 1.000000000000000000e+00
1.000000000000000000e+00 5.688476562500000000e-01 3.661830723285675049e-02 1.000000000000000000e+00
1.000000000000000000e+00 5.367321968078613281e-01 3.295684233307838440e-02 1.000000000000000000e+00
1.000000000000000000e+00 5.046167969703674316e-01 2.929537743330001831e-02 1.000000000000000000e+00
1.000000000000000000e+00 4.725013375282287598e-01 2.563391439616680145e-02 1.000000000000000000e+00
1.000000000000000000e+00 4.403859078884124756e-01 2.197244949638843536e-02 1.000000000000000000e+00
1.000000000000000000e+00 4.082704782485961914e-01 1.831098459661006927e-02 1.000000000000000000e+00
1.000000000000000000e+00 3.761550486087799072e-01 1.464951969683170319e-02 1.000000000000000000e+00
1.000000000000000000e+00 3.440396189689636230e-01 1.098805479705333710e-02 1.000000000000000000e+00
1.000000000000000000e+00 3.119241893291473389e-01 7.326590828597545624e-03 1.000000000000000000e+00
1.000000000000000000e+00 2.798087596893310547e-01 3.665126161649823189e-03 1.000000000000000000e+00
1.000000000000000000e+00 2.610737383365631104e-01 3.661464688775595278e-06 1.000000000000000000e+00
1.000000000000000000e+00 2.424262911081314087e-01 0.000000000000000000e+00 1.000000000000000000e+00
1.000000000000000000e+00 2.237788289785385132e-01 0.000000000000000000e+00 1.000000000000000000e+00
1.000000000000000000e+00 2.051313668489456177e-01 0.000000000000000000e+00 1.000000000000000000e+00
1.000000000000000000e+00 1.864839196205139160e-01 0.000000000000000000e+00 1.000000000000000000e+00
1.000000000000000000e+00 1.678364574909210205e-01 0.000000000000000000e+00 1.000000000000000000e+00
1.000000000000000000e+00 1.491889953613281250e-01 0.000000000000000000e+00 1.000000000000000000e+00
1.000000000000000000e+00 1.305415332317352295e-01 0.000000000000000000e+00 1.000000000000000000e+00
1.000000000000000000e+00 1.118940785527229309e-01 0.000000000000000000e+00 1.000000000000000000e+00
1.000000000000000000e+00 9.324661642313003540e-02 0.000000000000000000e+00 1.000000000000000000e+00
1.000000000000000000e+00 7.459916174411773682e-02 0.000000000000000000e+00 1.000000000000000000e+00
1.000000000000000000e+00 5.595169961452484131e-02 0.000000000000000000e+00 1.000000000000000000e+00
1.000000000000000000e+00 3.730424121022224426e-02 0.000000000000000000e+00 1.000000000000000000e+00
1.000000000000000000e+00 1.865678280591964722e-02 6.875969469547271729e-02 1.000000000000000000e+00
1.000000000000000000e+00 9.323729500465560704e-06 1.383193135261535645e-01 1.000000000000000000e+00
1.000000000000000000e+00 0.000000000000000000e+00 2.078789472579956055e-01 1.000000000000000000e+00
1.000000000000000000e+00 0.000000000000000000e+00 2.774385809898376465e-01 1.000000000000000000e+00
1.000000000000000000e+00 0.000000000000000000e+00 3.469982147216796875e-01 1.000000000000000000e+00
1.000000000000000000e+00 0.000000000000000000e+00 4.165578186511993408e-01 1.000000000000000000e+00
1.000000000000000000e+00 0.000000000000000000e+00 4.861174523830413818e-01 1.000000000000000000e+00
1.000000000000000000e+00 0.000000000000000000e+00 5.556770563125610352e-01 1.000000000000000000e+00
1.000000000000000000e+00 0.000000000000000000e+00 6.252366900444030762e-01 1.000000000000000000e+00
1.000000000000000000e+00 0.000000000000000000e+00 6.947963237762451172e-01 1.000000000000000000e+00
1.000000000000000000e+00 0.000000000000000000e+00 7.643559575080871582e-01 1.000000000000000000e+00
1.000000000000000000e+00 0.000000000000000000e+00 8.339155912399291992e-01 1.000000000000000000e+00
1.000000000000000000e+00 0.000000000000000000e+00 9.034752249717712402e-01 1.000000000000000000e+00
1.000000000000000000e+00 0.000000000000000000e+00 9.730348587036132812e-01 1.000000000000000000e+00
9.732819199562072754e-01 1.335734780877828598e-02 9.868275523185729980e-01 1.000000000000000000e+00
9.462666511535644531e-01 2.686326205730438232e-02 1.000000000000000000e+00 1.000000000000000000e+00
9.192514419555664062e-01 4.036917537450790405e-02 1.000000000000000000e+00 1.000000000000000000e+00
8.922361731529235840e-01 5.387508869171142578e-02 1.000000000000000000e+00 1.000000000000000000e+00
8.652209043502807617e-01 6.738100200891494751e-02 1.000000000000000000e+00 1.000000000000000000e+00
8.382056355476379395e-01 8.088691532611846924e-02 1.000000000000000000e+00 1.000000000000000000e+00
8.111904263496398926e-01 9.439282864332199097e-02 1.000000000000000000e+00 1.000000000000000000e+00
7.841751575469970703e-01 1.078987419605255127e-01 1.000000000000000000e+00 1.000000000000000000e+00
7.571598887443542480e-01 1.214046552777290344e-01 1.000000000000000000e+00 1.000000000000000000e+00
7.301446795463562012e-01 1.349105685949325562e-01 1.000000000000000000e+00 1.000000000000000000e+00
7.031294107437133789e-01 1.484164744615554810e-01 1.000000000000000000e+00 1.000000000000000000e+00
6.761141419410705566e-01 1.619223952293395996e-01 1.000000000000000000e+00 1.000000000000000000e+00
6.490989327430725098e-01 1.755203455686569214e-01 9.999552965164184570e-01 1.000000000000000000e+00
6.220836639404296875e-01 1.987140327692031860e-01 9.952479600906372070e-01 1.000000000000000000e+00
6.448003053665161133e-01 2.219077050685882568e-01 9.905406832695007324e-01 1.000000000000000000e+00
6.680446267127990723e-01 2.451013922691345215e-01 9.858333468437194824e-01 1.000000000000000000e+00
6.912889480590820312e-01 2.682950794696807861e-01 9.811260104179382324e-01 1.000000000000000000e+00
7.145333290100097656e-01 2.914887666702270508e-01 9.764187335968017578e-01 1.000000000000000000e+00
7.377776503562927246e-01 3.146824538707733154e-01 9.717113971710205078e-01 1.000000000000000000e+00
7.610220313072204590e-01 3.378761410713195801e-01 9.670041203498840332e-01 1.000000000000000000e+00
7.842663526535034180e-01 3.610698282718658447e-01 9.622967839241027832e-01 1.000000000000000000e+00
8.075107336044311523e-01 3.842635154724121094e-01 9.575895071029663086e-01 1.000000000000000000e+00
8.307550549507141113e-01 4.074572026729583740e-01 9.528821706771850586e-01 1.000000000000000000e+00
8.539993762969970703e-01 4.306508898735046387e-01 9.481748342514038086e-01 1.000000000000000000e+00
8.772437572479248047e-01 4.538445770740509033e-01 9.434675574302673340e-01 1.000000000000000000e+00
9.004880785942077637e-01 4.770382642745971680e-01 9.387602210044860840e-01 1.000000000000000000e+00
9.235278964042663574e-01 5.001816749572753906e-01 9.341238141059875488e-01 1.000000000000000000e+00
9.263191223144531250e-01 5.183477401733398438e-01 9.365075230598449707e-01 1.000000000000000000e+00
9.291104078292846680e-01 5.365138649940490723e-01 9.388912320137023926e-01 1.000000000000000000e+00
9.319016337394714355e-01 5.546799302101135254e-01 9.412749409675598145e-01 1.000000000000000000e+00
9.346928596496582031e-01 5.728459954261779785e-01 9.436586499214172363e-01 1.000000000000000000e+00
9.374840855598449707e-01 5.910121202468872070e-01 9.460423588752746582e-01 1.000000000000000000e+00
9.402753114700317383e-01 6.091781854629516602e-01 9.484260082244873047e-01 1.000000000000000000e+00
9.430665373802185059e-01 6.273443102836608887e-01 9.508097171783447266e-01 1.000000000000000000e+00
9.458577632904052734e-01 6.455103754997253418e-01 9.531934261322021484e-01 1.000000000000000000e+00
9.486490488052368164e-01 6.636765003204345703e-01 9.555771350860595703e-01 1.000000000000000000e+00
9.514402747154235840e-01 6.818425655364990234e-01 9.579608440399169922e-01 1.000000000000000000e+00
9.542315006256103516e-01 7.000086307525634766e-01 9.603444933891296387e-01 1.000000000000000000e+00
9.570227265357971191e-01 7.181747555732727051e-01 9.627282023429870605e-01 1.000000000000000000e+00
9.598139524459838867e-01 7.363408207893371582e-01 9.651119112968444824e-01 1.000000000000000000e+00
9.626051783561706543e-01 7.545069456100463867e-01 9.674956202507019043e-01 1.000000000000000000e+00
9.653964042663574219e-01 7.726730108261108398e-01 9.698793292045593262e-01 1.000000000000000000e+00
9.681876301765441895e-01 7.908390760421752930e-01 9.722630381584167480e-01 1.000000000000000000e+00
9.709789156913757324e-01 8.090052008628845215e-01 9.746466875076293945e-01 1.000000000000000000e+00
9.737701416015625000e-01 8.271712660789489746e-01 9.770303964614868164e-01 1.000000000000000000e+00
9.765613675117492676e-01 8.453373908996582031e-01 9.794141054153442383e-01 1.000000000000000000e+00
9.793525934219360352e-01 8.635034561157226562e-01 9.817978143692016602e-01 1.000000000000000000e+00
9.821438193321228027e-01 8.816695213317871094e-01 9.841815233230590820e-01 1.000000000000000000e+00
9.849350452423095703e-01 8.998356461524963379e-01 9.865652322769165039e-01 1.000000000000000000e+00
9.877262711524963379e-01 9.180017113685607910e-01 9.889488816261291504e-01 1.000000000000000000e+00
9.905175566673278809e-01 9.361678361892700195e-01 9.913325905799865723e-01 1.000000000000000000e+00
9.933087825775146484e-01 9.543339014053344727e-01 9.937162995338439941e-01 1.000000000000000000e+00
9.961000084877014160e-01 9.725000262260437012e-01 9.961000084877014160e-01 1.000000000000000000e+00
