0.000000000000000000e+00 0.000000000000000000e+00 0.000000000000000000e+00 1.000000000000000000e+00
7.169229537248611450e-02 3.921568859368562698e-03 7.843137718737125397e-03 1.000000000000000000e+00
1.433845907449722290e-01 7.843137718737125397e-03 1.568627543747425079e-02 1.000000000000000000e+00
2.150768935680389404e-01 1.176470611244440079e-02 2.352941222488880157e-02 1.000000000000000000e+00
2.867691814899444580e-01 1.568627543747425079e-02 3.137255087494850159e-02 1.000000000000000000e+00
3.584614694118499756e-01 1.960784383118152618e-02 3.921568766236305237e-02 1.000000000000000000e+00
4.301537871360778809e-01 2.352941222488880157e-02 4.705882444977760315e-02 1.000000000000000000e+00
5.018460750579833984e-01 2.745098061859607697e-02 5.490196123719215393e-02 1.000000000000000000e+00
5.735383629798889160e-01 3.137255087494850159e-02 6.274510174989700317e-02 1.000000000000000000e+00
6.452306509017944336e-01 3.529411926865577698e-02 7.058823853731155396e-02 1.000000000000000000e+00
7.169229388236999512e-01 3.921568766236305237e-02 7.843137532472610474e-02 1.000000000000000000e+00
7.886152863502502441e-01 4.313725605607032776e-02 8.627451211214065552e-02 1.000000000000000000e+00
8.603075742721557617e-01 4.705882444977760315e-02 9.411764889955520630e-02 1.000000000000000000e+00
9.319998621940612793e-01 5.098039284348487854e-02 1.019607856869697571e-01 1.000000000000000000e+00
9.989938139915466309e-01 5.490196123719215393e-02 1.098039224743843079e-01 1.000000000000000000e+00
9.794562458992004395e-01 5.882352963089942932e-02 1.176470592617988586e-01 1.000000000000000000e+00
9.599186778068542480e-01 6.274510174989700317e-02 1.254902034997940063e-01 1.000000000000000000e+00
9.403811097145080566e-01 6.666667014360427856e-02 1.333333402872085571e-01 1.000000000000000000e+00
9.208435416221618652e-01 7.058823853731155396e-02 1.411764770746231079e-01 1.000000000000000000e+00
9.013059735298156738e-01 7.450980693101882935e-02 1.490196138620376587e-01 1.000000000000000000e+00
8.817684054374694824e-01 7.843137532472610474e-02 1.568627506494522095e-01 1.000000000000000000e+00
8.622308373451232910e-01 8.235294371843338013e-02 1.647058874368667603e-01 1.000000000000000000e+00
8.426933288574218750e-01 8.627451211214065552e-02 1.725490242242813110e-01 1.000000000000000000e+00
8.231557607650756836e-01 9.019608050584793091e-02 1.803921610116958618e-01 1.000000000000000000e+00
8.036181926727294922e-01 9.411764889955520630e-02 1.882352977991104126e-01 1.000000000000000000e+00
7.840806245803833008e-01 9.803921729326248169e-02 1.960784345865249634e-01 1.000000000000000000e+00
7.645430564880371094e-01 1.019607856869697571e-01 2.039215713739395142e-01 1.000000000000000000e+00
7.450054883956909180e-01 1.058823540806770325e-01 2.117647081613540649e-01 1.000000000000000000e+00
7.254679203033447266e-01 1.098039224743843079e-01 2.196078449487686157e-01 1.000000000000000000e+00
7.059303522109985352e-01 1.137254908680915833e-01 2.274509817361831665e-01 1.000000000000000000e+00
6.863927841186523438e-01 1.176470592617988586e-01 2.352941185235977173e-01 1.000000000000000000e+00
6.668552160263061523e-01 1.215686276555061340e-01 2.431372553110122681e-01 1.000000000000000000e+00
6.473176479339599609e-01 1.254902034997940063e-01 2.509804069995880127e-01 1.000000000000000000e+00
6.277800798416137695e-01 1.294117718935012817e-01 2.588235437870025635e-01 1.000000000000000000e+00
6.082425117492675781e-01 1.333333402872085571e-01 2.666666805744171143e-01 1.000000000000000000e+00
5.887049436569213867e-01 1.372549086809158325e-01 2.745098173618316650e-01 1.000000000000000000e+00
5.691673755645751953e-01 1.411764770746231079e-01 2.823529541492462158e-01 1.000000000000000000e+00
5.496298670768737793e-01 1.450980454683303833e-01 2.901960909366607666e-01 1.000000000000000000e+00
5.300922989845275879e-01 1.490196138620376587e-01 2.980392277240753174e-01 1.000000000000000000e+00
5.105547308921813965e-01 1.529411822557449341e-01 3.058823645114898682e-01 1.000000000000000000e+00
4.910171627998352051e-01 1.568627506494522095e-01 3.137255012989044189e-01 1.000000000000000000e+00
4.714795947074890137e-01 1.607843190431594849e-01 3.215686380863189697e-01 1.000000000000000000e+00
4.519420266151428223e-01 1.647058874368667603e-01 3.294117748737335205e-01 1.000000000000000000e+00
4.324044585227966309e-01 1.686274558305740356e-01 3.372549116611480713e-01 1.000000000000000000e+00
4.128668904304504395e-01 1.725490242242813110e-01 3.450980484485626221e-01 1.000000000000000000e+00
3.933293223381042480e-01 1.764705926179885864e-01 3.529411852359771729e-01 1.000000000000000000e+00
3.737917542457580566e-01 1.803921610116958618e-01 3.607843220233917236e-01 1.000000000000000000e+00
3.542541861534118652e-01 1.843137294054031372e-01 3.686274588108062744e-01 1.000000000000000000e+00
3.347166478633880615e-01 1.882352977991104126e-01 3.764705955982208252e-01 1.000000000000000000e+00
3.151790797710418701e-01 1.921568661928176880e-01 3.843137323856353760e-01 1.000000000000000000e+00
2.956415116786956787e-01 1.960784345865249634e-01 3.921568691730499268e-01 1.000000000000000000e+00
2.761039435863494873e-01 2.000000029802322388e-01 4.000000059604644775e-01 1.000000000000000000e+00
2.565663754940032959e-01 2.039215713739395142e-01 4.078431427478790283e-01 1.000000000000000000e+00
2.370288074016571045e-01 2.078431397676467896e-01 4.156862795352935791e-01 1.000000000000000000e+00
2.174912542104721069e-01 2.117647081613540649e-01 4.235294163227081299e-01 1.000000000000000000e+00
1.979536861181259155e-01 2.156862765550613403e-01 4.313725531101226807e-01 1.000000000000000000e+00
1.784161180257797241e-01 2.196078449487686157e-01 4.392156898975372314e-01 1.000000000000000000e+00
1.588785648345947266e-01 2.235294133424758911e-01 4.470588266849517822e-01 1.000000000000000000e+00
1.393409967422485352e-01 2.274509817361831665e-01 4.549019634723663330e-01 1.000000000000000000e+00
1.198034286499023438e-01 2.313725501298904419e-01 4.627451002597808838e-01 1.000000000000000000e+00
1.002658680081367493e-01 2.352941185235977173e-01 4.705882370471954346e-01 1.000000000000000000e+00
8.072829991579055786e-02 2.392156869173049927e-01 4.784313738346099854e-01 1.000000000000000000e+00
6.119073554873466492e-02 2.431372553110122681e-01 4.862745106220245361e-01 1.000000000000000000e+00
4.165317490696907043e-02 2.470588237047195435e-01 4.941176474094390869e-01 1.000000000000000000e+00
2.509804069995880127e-01 2.509804069995880127e-01 5.019608139991760254e-01 1.000000000000000000e+00
2.549019753932952881e-01 2.549019753932952881e-01 5.098039507865905762e-01 1.000000000000000000e+00
2.588235437870025635e-01 2.588235437870025635e-01 5.176470875740051270e-01 1.000000000000000000e+00
2.627451121807098389e-01 2.627451121807098389e-01 5.254902243614196777e-01 1.000000000000000000e+00
2.666666805744171143e-01 2.666666805744171143e-01 5.333333611488342285e-01 1.000000000000000000e+00
2.705882489681243896e-01 2.705882489681243896e-01 5.411764979362487793e-01 1.000000000000000000e+00
2.745098173618316650e-01 2.745098173618316650e-01 5.490196347236633301e-01 1.000000000000000000e+00
2.784313857555389404e-01 2.784313857555389404e-01 5.568627715110778809e-01 1.000000000000000000e+00
2.823529541492462158e-01 2.823529541492462158e-01 5.647059082984924316e-01 1.000000000000000000e+00
2.862745225429534912e-01 2.862745225429534912e-01 5.725490450859069824e-01 1.000000000000000000e+00
2.901960909366607666e-01 2.901960909366607666e-01 5.803921818733215332e-01 1.000000000000000000e+00
2.941176593303680420e-01 2.941176593303680420e-01 5.882353186607360840e-01 1.000000000000000000e+00
2.980392277240753174e-01 2.980392277240753174e-01 5.960784554481506348e-01 1.000000000000000000e+00
3.019607961177825928e-01 3.019607961177825928e-01 6.039215922355651855e-01 1.000000000000000000e+00
3.058823645114898682e-01 3.058823645114898682e-01 6.117647290229797363e-01 1.000000000000000000e+00
3.098039329051971436e-01 3.098039329051971436e-01 6.196078658103942871e-01 1.000000000000000000e+00
3.137255012989044189e-01 3.137255012989044189e-01 6.274510025978088379e-01 1.000000000000000000e+00
3.176470696926116943e-01 3.176470696926116943e-01 6.352941393852233887e-01 1.000000000000000000e+00
3.215686380863189697e-01 3.215686380863189697e-01 6.431372761726379395e-01 1.000000000000000000e+00
3.254902064800262451e-01 3.254902064800262451e-01 6.509804129600524902e-01 1.000000000000000000e+00
3.294117748737335205e-01 3.294117748737335205e-01 6.588235497474670410e-01 1.000000000000000000e+00
3.333333432674407959e-01 3.333333432674407959e-01 6.666666865348815918e-01 1.000000000000000000e+00
3.372549116611480713e-01 3.372549116611480713e-01 6.745098233222961426e-01 1.000000000000000000e+00
3.411764800548553467e-01 3.411764800548553467e-01 6.823529601097106934e-01 1.000000000000000000e+00
3.450980484485626221e-01 3.450980484485626221e-01 6.901960968971252441e-01 1.000000000000000000e+00
3.490196168422698975e-01 3.490196168422698975e-01 6.980392336845397949e-01 1.000000000000000000e+00
3.529411852359771729e-01 3.529411852359771729e-01 7.058823704719543457e-01 1.000000000000000000e+00
3.568627536296844482e-01 3.568627536296844482e-01 7.137255072593688965e-01 1.000000000000000000e+00
3.607843220233917236e-01 3.607843220233917236e-01 7.215686440467834473e-01 1.000000000000000000e+00
3.647058904170989990e-01 3.647058904170989990e-01 7.294117808341979980e-01 1.000000000000000000e+00
3.686274588108062744e-01 3.686274588108062744e-01 7.372549176216125488e-01 1.000000000000000000e+00
3.725490272045135498e-01 3.725490272045135498e-01 7.450980544090270996e-01 1.000000000000000000e+00
3.764705955982208252e-01 3.764705955982208252e-01 7.529411911964416504e-01 1.000000000000000000e+00
3.803921639919281006e-01 3.803921639919281006e-01 7.607843279838562012e-01 1.000000000000000000e+00
3.843137323856353760e-01 3.843137323856353760e-01 7.686274647712707520e-01 1.000000000000000000e+00
3.882353007793426514e-01 3.882353007793426514e-01 7.764706015586853027e-01 1.000000000000000000e+00
3.921568691730499268e-01 3.921568691730499268e-01 7.843137383460998535e-01 1.000000000000000000e+00
3.960784375667572021e-01 3.960784375667572021e-01 7.921568751335144043e-01 1.000000000000000000e+00
4.000000059604644775e-01 4.000000059604644775e-01 8.000000119209289551e-01 1.000000000000000000e+00
4.039215743541717529e-01 4.039215743541717529e-01 8.078431487083435059e-01 1.000000000000000000e+00
4.078431427478790283e-01 4.078431427478790283e-01 8.156862854957580566e-01 1.000000000000000000e+00
4.117647111415863037e-01 4.117647111415863037e-01 8.235294222831726074e-01 1.000000000000000000e+00
4.156862795352935791e-01 4.156862795352935791e-01 8.313725590705871582e-01 1.000000000000000000e+00
4.196078479290008545e-01 4.196078479290008545e-01 8.392156958580017090e-01 1.000000000000000000e+00
4.235294163227081299e-01 4.235294163227081299e-01 8.470588326454162598e-01 1.000000000000000000e+00
4.274509847164154053e-01 4.274509847164154053e-01 8.549019694328308105e-01 1.000000000000000000e+00
4.313725531101226807e-01 4.313725531101226807e-01 8.627451062202453613e-01 1.000000000000000000e+00
4.352941215038299561e-01 4.352941215038299561e-01 8.705882430076599121e-01 1.000000000000000000e+00
4.392156898975372314e-01 4.392156898975372314e-01 8.784313797950744629e-01 1.000000000000000000e+00
4.431372582912445068e-01 4.431372582912445068e-01 8.862745165824890137e-01 1.000000000000000000e+00
4.470588266849517822e-01 4.470588266849517822e-01 8.941176533699035645e-01 1.000000000000000000e+00
4.509803950786590576e-01 4.509803950786590576e-01 9.019607901573181152e-01 1.000000000000000000e+00
4.549019634723663330e-01 4.549019634723663330e-01 9.098039269447326660e-01 1.000000000000000000e+00
4.588235318660736084e-01 4.588235318660736084e-01 9.176470637321472168e-01 1.000000000000000000e+00
4.627451002597808838e-01 4.627451002597808838e-01 9.254902005195617676e-01 1.000000000000000000e+00
4.666666686534881592e-01 4.666666686534881592e-01 9.333333373069763184e-01 1.000000000000000000e+00
4.705882370471954346e-01 4.705882370471954346e-01 9.411764740943908691e-01 1.000000000000000000e+00
4.745098054409027100e-01 4.745098054409027100e-01 9.490196108818054199e-01 1.000000000000000000e+00
4.784313738346099854e-01 4.784313738346099854e-01 9.568627476692199707e-01 1.000000000000000000e+00
4.823529422283172607e-01 4.823529422283172607e-01 9.647058844566345215e-01 1.000000000000000000e+00
4.862745106220245361e-01 4.862745106220245361e-01 9.725490212440490723e-01 1.000000000000000000e+00
4.901960790157318115e-01 4.901960790157318115e-01 9.803921580314636230e-01 1.000000000000000000e+00
4.941176474094390869e-01 4.941176474094390869e-01 9.882352948188781738e-01 1.000000000000000000e+00
4.980392158031463623e-01 4.980392158031463623e-01 9.960784316062927246e-01 1.000000000000000000e+00
5.019608139991760254e-01 5.019608139991760254e-01 9.916562438011169434e-01 1.000000000000000000e+00
5.058823823928833008e-01 5.058823823928833008e-01 9.749687314033508301e-01 1.000000000000000000e+00
5.098039507865905762e-01 5.098039507865905762e-01 9.582811594009399414e-01 1.000000000000000000e+00
5.137255191802978516e-01 5.137255191802978516e-01 9.415936470031738281e-01 1.000000000000000000e+00
5.176470875740051270e-01 5.176470875740051270e-01 9.249061346054077148e-01 1.000000000000000000e+00
5.215686559677124023e-01 5.215686559677124023e-01 9.082186222076416016e-01 1.000000000000000000e+00
5.254902243614196777e-01 5.254902243614196777e-01 8.915311098098754883e-01 1.000000000000000000e+00
5.294117927551269531e-01 5.294117927551269531e-01 8.748435378074645996e-01 1.000000000000000000e+00
5.333333611488342285e-01 5.333333611488342285e-01 8.581560254096984863e-01 1.000000000000000000e+00
5.372549295425415039e-01 5.372549295425415039e-01 8.414685130119323730e-01 1.000000000000000000e+00
5.411764979362487793e-01 5.411764979362487793e-01 8.247810006141662598e-01 1.000000000000000000e+00
5.450980663299560547e-01 5.450980663299560547e-01 8.080934286117553711e-01 1.000000000000000000e+00
5.490196347236633301e-01 5.490196347236633301e-01 7.914059162139892578e-01 1.000000000000000000e+00
5.529412031173706055e-01 5.529412031173706055e-01 7.747184038162231445e-01 1.000000000000000000e+00
5.568627715110778809e-01 5.568627715110778809e-01 7.580308914184570312e-01 1.000000000000000000e+00
5.607843399047851562e-01 5.607843399047851562e-01 7.413433194160461426e-01 1.000000000000000000e+00
5.647059082984924316e-01 5.647059082984924316e-01 7.246558070182800293e-01 1.000000000000000000e+00
5.686274766921997070e-01 5.686274766921997070e-01 7.079682946205139160e-01 1.000000000000000000e+00
5.725490450859069824e-01 5.725490450859069824e-01 6.912807822227478027e-01 1.000000000000000000e+00
5.764706134796142578e-01 5.764706134796142578e-01 6.745932698249816895e-01 1.000000000000000000e+00
5.803921818733215332e-01 5.803921818733215332e-01 6.579056978225708008e-01 1.000000000000000000e+00
5.843137502670288086e-01 5.843137502670288086e-01 6.412181854248046875e-01 1.000000000000000000e+00
5.882353186607360840e-01 5.882353186607360840e-01 6.245306730270385742e-01 1.000000000000000000e+00
5.921568870544433594e-01 5.921568870544433594e-01 6.078431606292724609e-01 1.000000000000000000e+00
5.960784554481506348e-01 5.960784554481506348e-01 5.911555886268615723e-01 1.000000000000000000e+00
6.000000238418579102e-01 6.000000238418579102e-01 5.744680762290954590e-01 1.000000000000000000e+00
6.039215922355651855e-01 6.039215922355651855e-01 5.577805638313293457e-01 1.000000000000000000e+00
6.078431606292724609e-01 6.078431606292724609e-01 5.410930514335632324e-01 1.000000000000000000e+00
6.117647290229797363e-01 6.117647290229797363e-01 5.244054794311523438e-01 1.000000000000000000e+00
6.156862974166870117e-01 6.156862974166870117e-01 5.077179670333862305e-01 1.000000000000000000e+00
6.196078658103942871e-01 6.196078658103942871e-01 4.910304546356201172e-01 1.000000000000000000e+00
6.235294342041015625e-01 6.235294342041015625e-01 4.743429422378540039e-01 1.000000000000000000e+00
6.274510025978088379e-01 6.274510025978088379e-01 4.576554000377655029e-01 1.000000000000000000e+00
6.313725709915161133e-01 6.313725709915161133e-01 4.409678876399993896e-01 1.000000000000000000e+00
6.352941393852233887e-01 6.352941393852233887e-01 4.242803454399108887e-01 1.000000000000000000e+00
6.392157077789306641e-01 6.392157077789306641e-01 4.075928330421447754e-01 1.000000000000000000e+00
6.431372761726379395e-01 6.431372761726379395e-01 3.909052908420562744e-01 1.000000000000000000e+00
6.470588445663452148e-01 6.470588445663452148e-01 3.742177784442901611e-01 1.000000000000000000e+00
6.509804129600524902e-01 6.509804129600524902e-01 3.575302362442016602e-01 1.000000000000000000e+00
6.549019813537597656e-01 6.549019813537597656e-01 3.408427238464355469e-01 1.000000000000000000e+00
6.588235497474670410e-01 6.588235497474670410e-01 3.241551816463470459e-01 1.000000000000000000e+00
6.627451181411743164e-01 6.627451181411743164e-01 3.074676692485809326e-01 1.000000000000000000e+00
6.666666865348815918e-01 6.666666865348815918e-01 2.907801270484924316e-01 1.000000000000000000e+00
6.705882549285888672e-01 6.705882549285888672e-01 2.740926146507263184e-01 1.000000000000000000e+00
6.745098233222961426e-01 6.745098233222961426e-01 2.574051022529602051e-01 1.000000000000000000e+00
6.784313917160034180e-01 6.784313917160034180e-01 2.407175600528717041e-01 1.000000000000000000e+00
6.823529601097106934e-01 6.823529601097106934e-01 2.240300327539443970e-01 1.000000000000000000e+00
6.862745285034179688e-01 6.862745285034179688e-01 2.073425054550170898e-01 1.000000000000000000e+00
6.901960968971252441e-01 6.901960968971252441e-01 1.906549781560897827e-01 1.000000000000000000e+00
6.941176652908325195e-01 6.941176652908325195e-01 1.739674657583236694e-01 1.000000000000000000e+00
6.980392336845397949e-01 6.980392336845397949e-01 1.572799384593963623e-01 1.000000000000000000e+00
7.019608020782470703e-01 7.019608020782470703e-01 1.405924111604690552e-01 1.000000000000000000e+00
7.058823704719543457e-01 7.058823704719543457e-01 1.239048838615417480e-01 1.000000000000000000e+00
7.098039388656616211e-01 7.098039388656616211e-01 1.072173565626144409e-01 1.000000000000000000e+00
7.137255072593688965e-01 7.137255072593688965e-01 9.052982926368713379e-02 1.000000000000000000e+00
7.176470756530761719e-01 7.176470756530761719e-01 7.384230196475982666e-02 1.000000000000000000e+00
7.215686440467834473e-01 7.215686440467834473e-01 5.715477839112281799e-02 1.000000000000000000e+00
7.254902124404907227e-01 7.254902124404907227e-01 4.046725109219551086e-02 1.000000000000000000e+00
7.294117808341979980e-01 7.294117808341979980e-01 2.377972379326820374e-02 1.000000000000000000e+00
7.333333492279052734e-01 7.333333492279052734e-01 7.092198356986045837e-03 1.000000000000000000e+00
7.372549176216125488e-01 7.372549176216125488e-01 8.509064093232154846e-03 1.000000000000000000e+00
7.411764860153198242e-01 7.411764860153198242e-01 2.330743707716464996e-02 1.000000000000000000e+00
7.450980544090270996e-01 7.450980544090270996e-01 3.810580819845199585e-02 1.000000000000000000e+00
7.490196228027343750e-01 7.490196228027343750e-01 5.290418118238449097e-02 1.000000000000000000e+00
7.529411911964416504e-01 7.529411911964416504e-01 6.770255416631698608e-02 1.000000000000000000e+00
7.568627595901489258e-01 7.568627595901489258e-01 8.250092715024948120e-02 1.000000000000000000e+00
7.607843279838562012e-01 7.607843279838562012e-01 9.729930013418197632e-02 1.000000000000000000e+00
7.647058963775634766e-01 7.647058963775634766e-01 1.120976656675338745e-01 1.000000000000000000e+00
7.686274647712707520e-01 7.686274647712707520e-01 1.268960386514663696e-01 1.000000000000000000e+00
7.725490331649780273e-01 7.725490331649780273e-01 1.416944116353988647e-01 1.000000000000000000e+00
7.764706015586853027e-01 7.764706015586853027e-01 1.564927846193313599e-01 1.000000000000000000e+00
7.803921699523925781e-01 7.803921699523925781e-01 1.712911576032638550e-01 1.000000000000000000e+00
7.843137383460998535e-01 7.843137383460998535e-01 1.860895305871963501e-01 1.000000000000000000e+00
7.882353067398071289e-01 7.882353067398071289e-01 2.008879035711288452e-01 1.000000000000000000e+00
7.921568751335144043e-01 7.921568751335144043e-01 2.156862765550613403e-01 1.000000000000000000e+00
7.960784435272216797e-01 7.960784435272216797e-01 2.304846495389938354e-01 1.000000000000000000e+00
8.000000119209289551e-01 8.000000119209289551e-01 2.452830225229263306e-01 1.000000000000000000e+00
8.039215803146362305e-01 8.039215803146362305e-01 2.600813806056976318e-01 1.000000000000000000e+00
8.078431487083435059e-01 8.078431487083435059e-01 2.748797535896301270e-01 1.000000000000000000e+00
8.117647171020507812e-01 8.117647171020507812e-01 2.896781265735626221e-01 1.000000000000000000e+00
8.156862854957580566e-01 8.156862854957580566e-01 3.044764995574951172e-01 1.000000000000000000e+00
8.196078538894653320e-01 8.196078538894653320e-01 3.192748725414276123e-01 1.000000000000000000e+00
8.235294222831726074e-01 8.235294222831726074e-01 3.340732455253601074e-01 1.000000000000000000e+00
8.274509906768798828e-01 8.274509906768798828e-01 3.488716185092926025e-01 1.000000000000000000e+00
8.313725590705871582e-01 8.313725590705871582e-01 3.636699914932250977e-01 1.000000000000000000e+00
8.352941274642944336e-01 8.352941274642944336e-01 3.784683644771575928e-01 1.000000000000000000e+00
8.392156958580017090e-01 8.392156958580017090e-01 3.932667374610900879e-01 1.000000000000000000e+00
8.431372642517089844e-01 8.431372642517089844e-01 4.080651104450225830e-01 1.000000000000000000e+00
8.470588326454162598e-01 8.470588326454162598e-01 4.228634834289550781e-01 1.000000000000000000e+00
8.509804010391235352e-01 8.509804010391235352e-01 4.376618564128875732e-01 1.000000000000000000e+00
8.549019694328308105e-01 8.549019694328308105e-01 4.524602293968200684e-01 1.000000000000000000e+00
8.588235378265380859e-01 8.588235378265380859e-01 4.672586023807525635e-01 1.000000000000000000e+00
8.627451062202453613e-01 8.627451062202453613e-01 4.820569753646850586e-01 1.000000000000000000e+00
8.666666746139526367e-01 8.666666746139526367e-01 4.968553483486175537e-01 1.000000000000000000e+00
8.705882430076599121e-01 8.705882430076599121e-01 5.116537213325500488e-01 1.000000000000000000e+00
8.745098114013671875e-01 8.745098114013671875e-01 5.264520645141601562e-01 1.000000000000000000e+00
8.784313797950744629e-01 8.784313797950744629e-01 5.412504673004150391e-01 1.000000000000000000e+00
8.823529481887817383e-01 8.823529481887817383e-01 5.560488104820251465e-01 1.000000000000000000e+00
8.862745165824890137e-01 8.862745165824890137e-01 5.708472132682800293e-01 1.000000000000000000e+00
8.901960849761962891e-01 8.901960849761962891e-01 5.856455564498901367e-01 1.000000000000000000e+00
8.941176533699035645e-01 8.941176533699035645e-01 6.004439592361450195e-01 1.000000000000000000e+00
8.980392217636108398e-01 8.980392217636108398e-01 6.152423024177551270e-01 1.000000000000000000e+00
9.019607901573181152e-01 9.019607901573181152e-01 6.300407052040100098e-01 1.000000000000000000e+00
9.058823585510253906e-01 9.058823585510253906e-01 6.448390483856201172e-01 1.000000000000000000e+00
9.098039269447326660e-01 9.098039269447326660e-01 6.596374511718750000e-01 1.000000000000000000e+00
9.137254953384399414e-01 9.137254953384399414e-01 6.744357943534851074e-01 1.000000000000000000e+00
9.176470637321472168e-01 9.176470637321472168e-01 6.892341971397399902e-01 1.000000000000000000e+00
9.215686321258544922e-01 9.215686321258544922e-01 7.040325403213500977e-01 1.000000000000000000e+00
9.254902005195617676e-01 9.254902005195617676e-01 7.188309431076049805e-01 1.000000000000000000e+00
9.294117689132690430e-01 9.294117689132690430e-01 7.336292862892150879e-01 1.000000000000000000e+00
9.333333373069763184e-01 9.333333373069763184e-01 7.484276890754699707e-01 1.000000000000000000e+00
9.372549057006835938e-01 9.372549057006835938e-01 7.632260322570800781e-01 1.000000000000000000e+00
9.411764740943908691e-01 9.411764740943908691e-01 7.780244350433349609e-01 1.000000000000000000e+00
9.450980424880981445e-01 9.450980424880981445e-01 7.928227782249450684e-01 1.000000000000000000e+00
9.490196108818054199e-01 9.490196108818054199e-01 8.076211810111999512e-01 1.000000000000000000e+00
9.529411792755126953e-01 9.529411792755126953e-01 8.224195241928100586e-01 1.000000000000000000e+00
9.568627476692199707e-01 9.568627476692199707e-01 8.372179269790649414e-01 1.000000000000000000e+00
9.607843160629272461e-01 9.607843160629272461e-01 8.520162701606750488e-01 1.000000000000000000e+00
9.647058844566345215e-01 9.647058844566345215e-01 8.668146729469299316e-01 1.000000000000000000e+00
9.686274528503417969e-01 9.686274528503417969e-01 8.816130161285400391e-01 1.000000000000000000e+00
9.725490212440490723e-01 9.725490212440490723e-01 8.964114189147949219e-01 1.000000000000000000e+00
9.764705896377563477e-01 9.764705896377563477e-01 9.112097620964050293e-01 1.000000000000000000e+00
9.803921580314636230e-01 9.803921580314636230e-01 9.260081648826599121e-01 1.000000000000000000e+00
9.843137264251708984e-01 9.843137264251708984e-01 9.408065080642700195e-01 1.000000000000000000e+00
9.882352948188781738e-01 9.882352948188781738e-01 9.556049108505249023e-01 1.000000000000000000e+00
9.921568632125854492e-01 9.921568632125854492e-01 9.704032540321350098e-01 1.000000000000000000e+00
9.960784316062927246e-01 9.960784316062927246e-01 9.852016568183898926e-01 1.000000000000000000e+00
1.000000000000000000e+00 1.000000000000000000e+00 1.000000000000000000e+00 1.000000000000000000e+00
