9.686274528503417969e-01 9.882352948188781738e-01 9.411764740943908691e-01 1.000000000000000000e+00
9.657977819442749023e-01 9.871280193328857422e-01 9.385928511619567871e-01 1.000000000000000000e+00
9.629681110382080078e-01 9.860207438468933105e-01 9.360092282295227051e-01 1.000000000000000000e+00
9.601383805274963379e-01 9.849134683609008789e-01 9.334256052970886230e-01 1.000000000000000000e+00
9.573087096214294434e-01 9.838062524795532227e-01 9.308419823646545410e-01 1.000000000000000000e+00
9.544790387153625488e-01 9.826989769935607910e-01 9.282583594322204590e-01 1.000000000000000000e+00
9.516493678092956543e-01 9.815917015075683594e-01 9.256747364997863770e-01 1.000000000000000000e+00
9.488196969032287598e-01 9.804844260215759277e-01 9.230911135673522949e-01 1.000000000000000000e+00
9.459900259971618652e-01 9.793771505355834961e-01 9.205074906349182129e-01 1.000000000000000000e+00
9.431602954864501953e-01 9.782698750495910645e-01 9.179238677024841309e-01 1.000000000000000000e+00
9.403306245803833008e-01 9.771626591682434082e-01 9.153402447700500488e-01 1.000000000000000000e+00
9.375009536743164062e-01 9.760553836822509766e-01 9.127566218376159668e-01 1.000000000000000000e+00
9.346712827682495117e-01 9.749481081962585449e-01 9.101729989051818848e-01 1.000000000000000000e+00
9.318416118621826172e-01 9.738408327102661133e-01 9.075893759727478027e-01 1.000000000000000000e+00
9.290119409561157227e-01 9.727335572242736816e-01 9.050057530403137207e-01 1.000000000000000000e+00
9.261822104454040527e-01 9.716262817382812500e-01 9.024221301078796387e-01 1.000000000000000000e+00
9.233525395393371582e-01 9.705190062522888184e-01 8.998385071754455566e-01 1.000000000000000000e+00
9.205228686332702637e-01 9.694117903709411621e-01 8.972548842430114746e-01 1.000000000000000000e+00
9.176931977272033691e-01 9.683045148849487305e-01 8.946712613105773926e-01 1.000000000000000000e+00
9.148635268211364746e-01 9.671972393989562988e-01 8.920876383781433105e-01 1.000000000000000000e+00
9.120338559150695801e-01 9.660899639129638672e-01 8.895040154457092285e-01 1.000000000000000000e+00
9.092041254043579102e-01 9.649826884269714355e-01 8.869203925132751465e-01 1.000000000000000000e+00
9.063744544982910156e-01 9.638754129409790039e-01 8.843367695808410645e-01 1.000000000000000000e+00
9.035447835922241211e-01 9.627681374549865723e-01 8.817531466484069824e-01 1.000000000000000000e+00
9.007151126861572266e-01 9.616609215736389160e-01 8.791695237159729004e-01 1.000000000000000000e+00
8.978854417800903320e-01 9.605536460876464844e-01 8.765859007835388184e-01 1.000000000000000000e+00
8.950557708740234375e-01 9.594463706016540527e-01 8.740022778511047363e-01 1.000000000000000000e+00
8.922260403633117676e-01 9.583390951156616211e-01 8.714187145233154297e-01 1.000000000000000000e+00
8.893963694572448730e-01 9.572318196296691895e-01 8.688350915908813477e-01 1.000000000000000000e+00
8.865666985511779785e-01 9.561245441436767578e-01 8.662514686584472656e-01 1.000000000000000000e+00
8.837370276451110840e-01 9.550173282623291016e-01 8.636678457260131836e-01 1.000000000000000000e+00
8.809073567390441895e-01 9.539100527763366699e-01 8.610842227935791016e-01 1.000000000000000000e+00
8.781238198280334473e-01 9.528181552886962891e-01 8.584852218627929688e-01 1.000000000000000000e+00
8.756632208824157715e-01 9.518339037895202637e-01 8.557785749435424805e-01 1.000000000000000000e+00
8.732026219367980957e-01 9.508496522903442383e-01 8.530718684196472168e-01 1.000000000000000000e+00
8.707420229911804199e-01 9.498654603958129883e-01 8.503652215003967285e-01 1.000000000000000000e+00
8.682814240455627441e-01 9.488812088966369629e-01 8.476585745811462402e-01 1.000000000000000000e+00
8.658208250999450684e-01 9.478969573974609375e-01 8.449519276618957520e-01 1.000000000000000000e+00
8.633602261543273926e-01 9.469127058982849121e-01 8.422452807426452637e-01 1.000000000000000000e+00
8.608996272087097168e-01 9.459285140037536621e-01 8.395386338233947754e-01 1.000000000000000000e+00
8.584390878677368164e-01 9.449442625045776367e-01 8.368319869041442871e-01 1.000000000000000000e+00
8.559784889221191406e-01 9.439600110054016113e-01 8.341253399848937988e-01 1.000000000000000000e+00
8.535178899765014648e-01 9.429757595062255859e-01 8.314186930656433105e-01 1.000000000000000000e+00
8.510572910308837891e-01 9.419915676116943359e-01 8.287120461463928223e-01 1.000000000000000000e+00
8.485966920852661133e-01 9.410073161125183105e-01 8.260053992271423340e-01 1.000000000000000000e+00
8.461360931396484375e-01 9.400230646133422852e-01 8.232987523078918457e-01 1.000000000000000000e+00
8.436754941940307617e-01 9.390388131141662598e-01 8.205921053886413574e-01 1.000000000000000000e+00
8.412148952484130859e-01 9.380546212196350098e-01 8.178854584693908691e-01 1.000000000000000000e+00
8.387542963027954102e-01 9.370703697204589844e-01 8.151787519454956055e-01 1.000000000000000000e+00
8.362937569618225098e-01 9.360861182212829590e-01 8.124721050262451172e-01 1.000000000000000000e+00
8.338331580162048340e-01 9.351018667221069336e-01 8.097654581069946289e-01 1.000000000000000000e+00
8.313725590705871582e-01 9.341176748275756836e-01 8.070588111877441406e-01 1.000000000000000000e+00
8.289119601249694824e-01 9.331334233283996582e-01 8.043521642684936523e-01 1.000000000000000000e+00
8.264513611793518066e-01 9.321491718292236328e-01 8.016455173492431641e-01 1.000000000000000000e+00
8.239907622337341309e-01 9.311649203300476074e-01 7.989388704299926758e-01 1.000000000000000000e+00
8.215301632881164551e-01 9.301807284355163574e-01 7.962322235107421875e-01 1.000000000000000000e+00
8.190695643424987793e-01 9.291964769363403320e-01 7.935255765914916992e-01 1.000000000000000000e+00
8.166090250015258789e-01 9.282122254371643066e-01 7.908189296722412109e-01 1.000000000000000000e+00
8.141484260559082031e-01 9.272279739379882812e-01 7.881122827529907227e-01 1.000000000000000000e+00
8.116878271102905273e-01 9.262437820434570312e-01 7.854056358337402344e-01 1.000000000000000000e+00
8.092272281646728516e-01 9.252595305442810059e-01 7.826989889144897461e-01 1.000000000000000000e+00
8.067666292190551758e-01 9.242752790451049805e-01 7.799922823905944824e-01 1.000000000000000000e+00
8.043060302734375000e-01 9.232910275459289551e-01 7.772856354713439941e-01 1.000000000000000000e+00
8.018454313278198242e-01 9.223067760467529297e-01 7.745789885520935059e-01 1.000000000000000000e+00
7.988927364349365234e-01 9.211380481719970703e-01 7.720568776130676270e-01 1.000000000000000000e+00
7.944636940956115723e-01 9.194155931472778320e-01 7.700884342193603516e-01 1.000000000000000000e+00
7.900345921516418457e-01 9.176931977272033691e-01 7.681199312210083008e-01 1.000000000000000000e+00
7.856055498123168945e-01 9.159708023071289062e-01 7.661514878273010254e-01 1.000000000000000000e+00
7.811764478683471680e-01 9.142483472824096680e-01 7.641829848289489746e-01 1.000000000000000000e+00
7.767474055290222168e-01 9.125259518623352051e-01 7.622145414352416992e-01 1.000000000000000000e+00
7.723183631896972656e-01 9.108035564422607422e-01 7.602460384368896484e-01 1.000000000000000000e+00
7.678892612457275391e-01 9.090811014175415039e-01 7.582775950431823730e-01 1.000000000000000000e+00
7.634602189064025879e-01 9.073587059974670410e-01 7.563090920448303223e-01 1.000000000000000000e+00
7.590311169624328613e-01 9.056363105773925781e-01 7.543406486511230469e-01 1.000000000000000000e+00
7.546020746231079102e-01 9.039138555526733398e-01 7.523721456527709961e-01 1.000000000000000000e+00
7.501730322837829590e-01 9.021914601325988770e-01 7.504037022590637207e-01 1.000000000000000000e+00
7.457439303398132324e-01 9.004690647125244141e-01 7.484351992607116699e-01 1.000000000000000000e+00
7.413148880004882812e-01 8.987466096878051758e-01 7.464667558670043945e-01 1.000000000000000000e+00
7.368857860565185547e-01 8.970242142677307129e-01 7.444982528686523438e-01 1.000000000000000000e+00
7.324567437171936035e-01 8.953018188476562500e-01 7.425298094749450684e-01 1.000000000000000000e+00
7.280277013778686523e-01 8.935793638229370117e-01 7.405613064765930176e-01 1.000000000000000000e+00
7.235985994338989258e-01 8.918569684028625488e-01 7.385928630828857422e-01 1.000000000000000000e+00
7.191695570945739746e-01 8.901345729827880859e-01 7.366243600845336914e-01 1.000000000000000000e+00
7.147404551506042480e-01 8.884121775627136230e-01 7.346559166908264160e-01 1.000000000000000000e+00
7.103114128112792969e-01 8.866897225379943848e-01 7.326874136924743652e-01 1.000000000000000000e+00
7.058823704719543457e-01 8.849673271179199219e-01 7.307189702987670898e-01 1.000000000000000000e+00
7.014532685279846191e-01 8.832449316978454590e-01 7.287504673004150391e-01 1.000000000000000000e+00
6.970242261886596680e-01 8.815224766731262207e-01 7.267820239067077637e-01 1.000000000000000000e+00
6.925951838493347168e-01 8.798000812530517578e-01 7.248135209083557129e-01 1.000000000000000000e+00
6.881660819053649902e-01 8.780776858329772949e-01 7.228450775146484375e-01 1.000000000000000000e+00
6.837370395660400391e-01 8.763552308082580566e-01 7.208765745162963867e-01 1.000000000000000000e+00
6.793079376220703125e-01 8.746328353881835938e-01 7.189081311225891113e-01 1.000000000000000000e+00
6.748788952827453613e-01 8.729104399681091309e-01 7.169396281242370605e-01 1.000000000000000000e+00
6.704498529434204102e-01 8.711879849433898926e-01 7.149711847305297852e-01 1.000000000000000000e+00
6.660207509994506836e-01 8.694655895233154297e-01 7.130026817321777344e-01 1.000000000000000000e+00
6.615917086601257324e-01 8.677431941032409668e-01 7.110342383384704590e-01 1.000000000000000000e+00
6.567474007606506348e-01 8.658823370933532715e-01 7.104959487915039062e-01 1.000000000000000000e+00
6.512110829353332520e-01 8.637908697128295898e-01 7.123414278030395508e-01 1.000000000000000000e+00
6.456747651100158691e-01 8.616993427276611328e-01 7.141868472099304199e-01 1.000000000000000000e+00
6.401383876800537109e-01 8.596078157424926758e-01 7.160322666168212891e-01 1.000000000000000000e+00
6.346020698547363281e-01 8.575163483619689941e-01 7.178777456283569336e-01 1.000000000000000000e+00
6.290657520294189453e-01 8.554248213768005371e-01 7.197231650352478027e-01 1.000000000000000000e+00
6.235294342041015625e-01 8.533333539962768555e-01 7.215686440467834473e-01 1.000000000000000000e+00
6.179930567741394043e-01 8.512418270111083984e-01 7.234140634536743164e-01 1.000000000000000000e+00
6.124567389488220215e-01 8.491503000259399414e-01 7.252595424652099609e-01 1.000000000000000000e+00
6.069204211235046387e-01 8.470588326454162598e-01 7.271049618721008301e-01 1.000000000000000000e+00
6.013841032981872559e-01 8.449673056602478027e-01 7.289503812789916992e-01 1.000000000000000000e+00
5.958477258682250977e-01 8.428758382797241211e-01 7.307958602905273438e-01 1.000000000000000000e+00
5.903114080429077148e-01 8.407843112945556641e-01 7.326412796974182129e-01 1.000000000000000000e+00
5.847750902175903320e-01 8.386927843093872070e-01 7.344867587089538574e-01 1.000000000000000000e+00
5.792387723922729492e-01 8.366013169288635254e-01 7.363321781158447266e-01 1.000000000000000000e+00
5.737023949623107910e-01 8.345097899436950684e-01 7.381775975227355957e-01 1.000000000000000000e+00
5.681660771369934082e-01 8.324183225631713867e-01 7.400230765342712402e-01 1.000000000000000000e+00
5.626297593116760254e-01 8.303267955780029297e-01 7.418684959411621094e-01 1.000000000000000000e+00
5.570934414863586426e-01 8.282352685928344727e-01 7.437139749526977539e-01 1.000000000000000000e+00
5.515570640563964844e-01 8.261438012123107910e-01 7.455593943595886230e-01 1.000000000000000000e+00
5.460207462310791016e-01 8.240522742271423340e-01 7.474048733711242676e-01 1.000000000000000000e+00
5.404844284057617188e-01 8.219608068466186523e-01 7.492502927780151367e-01 1.000000000000000000e+00
5.349481105804443359e-01 8.198692798614501953e-01 7.510957121849060059e-01 1.000000000000000000e+00
5.294117927551269531e-01 8.177777528762817383e-01 7.529411911964416504e-01 1.000000000000000000e+00
5.238754153251647949e-01 8.156862854957580566e-01 7.547866106033325195e-01 1.000000000000000000e+00
5.183390974998474121e-01 8.135947585105895996e-01 7.566320896148681641e-01 1.000000000000000000e+00
5.128027796745300293e-01 8.115032911300659180e-01 7.584775090217590332e-01 1.000000000000000000e+00
5.072664618492126465e-01 8.094117641448974609e-01 7.603229284286499023e-01 1.000000000000000000e+00
5.017300844192504883e-01 8.073202371597290039e-01 7.621684074401855469e-01 1.000000000000000000e+00
4.961937665939331055e-01 8.052287697792053223e-01 7.640138268470764160e-01 1.000000000000000000e+00
4.906574487686157227e-01 8.031372427940368652e-01 7.658593058586120605e-01 1.000000000000000000e+00
4.851211011409759521e-01 8.010457754135131836e-01 7.677047252655029297e-01 1.000000000000000000e+00
4.795847833156585693e-01 7.984621524810791016e-01 7.695501446723937988e-01 1.000000000000000000e+00
4.740484356880187988e-01 7.953863739967346191e-01 7.713956236839294434e-01 1.000000000000000000e+00
4.685121178627014160e-01 7.923106551170349121e-01 7.732410430908203125e-01 1.000000000000000000e+00
4.629757702350616455e-01 7.892349362373352051e-01 7.750865221023559570e-01 1.000000000000000000e+00
4.574394524097442627e-01 7.861591577529907227e-01 7.769319415092468262e-01 1.000000000000000000e+00
4.519031047821044922e-01 7.830834388732910156e-01 7.787774205207824707e-01 1.000000000000000000e+00
4.463667869567871094e-01 7.800076603889465332e-01 7.806228399276733398e-01 1.000000000000000000e+00
4.408304393291473389e-01 7.769319415092468262e-01 7.824682593345642090e-01 1.000000000000000000e+00
4.352941215038299561e-01 7.738562226295471191e-01 7.843137383460998535e-01 1.000000000000000000e+00
4.297577738761901855e-01 7.707804441452026367e-01 7.861591577529907227e-01 1.000000000000000000e+00
4.242214560508728027e-01 7.677047252655029297e-01 7.880046367645263672e-01 1.000000000000000000e+00
4.186851084232330322e-01 7.646290063858032227e-01 7.898500561714172363e-01 1.000000000000000000e+00
4.131487905979156494e-01 7.615532279014587402e-01 7.916954755783081055e-01 1.000000000000000000e+00
4.076124429702758789e-01 7.584775090217590332e-01 7.935409545898437500e-01 1.000000000000000000e+00
4.020761251449584961e-01 7.554017901420593262e-01 7.953863739967346191e-01 1.000000000000000000e+00
3.965397775173187256e-01 7.523260116577148438e-01 7.972318530082702637e-01 1.000000000000000000e+00
3.910034596920013428e-01 7.492502927780151367e-01 7.990772724151611328e-01 1.000000000000000000e+00
3.854671418666839600e-01 7.461745738983154297e-01 8.009227514266967773e-01 1.000000000000000000e+00
3.799307942390441895e-01 7.430987954139709473e-01 8.027681708335876465e-01 1.000000000000000000e+00
3.743944764137268066e-01 7.400230765342712402e-01 8.046135902404785156e-01 1.000000000000000000e+00
3.688581287860870361e-01 7.369473576545715332e-01 8.064590692520141602e-01 1.000000000000000000e+00
3.633218109607696533e-01 7.338715791702270508e-01 8.083044886589050293e-01 1.000000000000000000e+00
3.577854633331298828e-01 7.307958602905273438e-01 8.101499676704406738e-01 1.000000000000000000e+00
3.522491455078125000e-01 7.277200818061828613e-01 8.119953870773315430e-01 1.000000000000000000e+00
3.467127978801727295e-01 7.246443629264831543e-01 8.138408064842224121e-01 1.000000000000000000e+00
3.411764800548553467e-01 7.215686440467834473e-01 8.156862854957580566e-01 1.000000000000000000e+00
3.356401324272155762e-01 7.184928655624389648e-01 8.175317049026489258e-01 1.000000000000000000e+00
3.301038146018981934e-01 7.154171466827392578e-01 8.193771839141845703e-01 1.000000000000000000e+00
3.245674669742584229e-01 7.123414278030395508e-01 8.212226033210754395e-01 1.000000000000000000e+00
3.190311491489410400e-01 7.092656493186950684e-01 8.230680227279663086e-01 1.000000000000000000e+00
3.134948015213012695e-01 7.061899304389953613e-01 8.249135017395019531e-01 1.000000000000000000e+00
3.079584836959838867e-01 7.031142115592956543e-01 8.267589211463928223e-01 1.000000000000000000e+00
3.031910657882690430e-01 6.989619135856628418e-01 8.258362412452697754e-01 1.000000000000000000e+00
2.988850474357604980e-01 6.941637992858886719e-01 8.232526183128356934e-01 1.000000000000000000e+00
2.945789992809295654e-01 6.893656253814697266e-01 8.206689953804016113e-01 1.000000000000000000e+00
2.902729809284210205e-01 6.845674514770507812e-01 8.180853724479675293e-01 1.000000000000000000e+00
2.859669327735900879e-01 6.797693371772766113e-01 8.155017495155334473e-01 1.000000000000000000e+00
2.816609144210815430e-01 6.749711632728576660e-01 8.129181265830993652e-01 1.000000000000000000e+00
2.773548662662506104e-01 6.701729893684387207e-01 8.103345036506652832e-01 1.000000000000000000e+00
2.730488181114196777e-01 6.653748750686645508e-01 8.077508807182312012e-01 1.000000000000000000e+00
2.687427997589111328e-01 6.605767011642456055e-01 8.051672577857971191e-01 1.000000000000000000e+00
2.644367516040802002e-01 6.557785272598266602e-01 8.025836348533630371e-01 1.000000000000000000e+00
2.601307332515716553e-01 6.509804129600524902e-01 8.000000119209289551e-01 1.000000000000000000e+00
2.558246850967407227e-01 6.461822390556335449e-01 7.974163889884948730e-01 1.000000000000000000e+00
2.515186369419097900e-01 6.413840651512145996e-01 7.948327660560607910e-01 1.000000000000000000e+00
2.472126036882400513e-01 6.365859508514404297e-01 7.922491431236267090e-01 1.000000000000000000e+00
2.429065704345703125e-01 6.317877769470214844e-01 7.896655201911926270e-01 1.000000000000000000e+00
2.386005371809005737e-01 6.269896030426025391e-01 7.870818972587585449e-01 1.000000000000000000e+00
2.342945039272308350e-01 6.221914887428283691e-01 7.844982743263244629e-01 1.000000000000000000e+00
2.299884706735610962e-01 6.173933148384094238e-01 7.819146513938903809e-01 1.000000000000000000e+00
2.256824225187301636e-01 6.125951409339904785e-01 7.793310284614562988e-01 1.000000000000000000e+00
2.213763892650604248e-01 6.077970266342163086e-01 7.767474055290222168e-01 1.000000000000000000e+00
2.170703560113906860e-01 6.029988527297973633e-01 7.741637825965881348e-01 1.000000000000000000e+00
2.127643227577209473e-01 5.982006788253784180e-01 7.715801596641540527e-01 1.000000000000000000e+00
2.084582895040512085e-01 5.934025645256042480e-01 7.689965367317199707e-01 1.000000000000000000e+00
2.041522562503814697e-01 5.886043906211853027e-01 7.664129137992858887e-01 1.000000000000000000e+00
1.998462080955505371e-01 5.838062167167663574e-01 7.638292908668518066e-01 1.000000000000000000e+00
1.955401748418807983e-01 5.790081024169921875e-01 7.612456679344177246e-01 1.000000000000000000e+00
1.912341415882110596e-01 5.742099285125732422e-01 7.586620450019836426e-01 1.000000000000000000e+00
1.869281083345413208e-01 5.694117546081542969e-01 7.560784220695495605e-01 1.000000000000000000e+00
1.826220750808715820e-01 5.646135807037353516e-01 7.534947991371154785e-01 1.000000000000000000e+00
1.783160269260406494e-01 5.598154664039611816e-01 7.509111762046813965e-01 1.000000000000000000e+00
1.740099936723709106e-01 5.550172924995422363e-01 7.483275532722473145e-01 1.000000000000000000e+00
1.697039604187011719e-01 5.502191185951232910e-01 7.457439303398132324e-01 1.000000000000000000e+00
1.653979271650314331e-01 5.456978082656860352e-01 7.434371113777160645e-01 1.000000000000000000e+00
1.610918939113616943e-01 5.412687659263610840e-01 7.412226200103759766e-01 1.000000000000000000e+00
1.567858457565307617e-01 5.368396639823913574e-01 7.390080690383911133e-01 1.000000000000000000e+00
1.524798125028610229e-01 5.324106216430664062e-01 7.367935180664062500e-01 1.000000000000000000e+00
1.481737792491912842e-01 5.279815196990966797e-01 7.345790266990661621e-01 1.000000000000000000e+00
1.438677459955215454e-01 5.235524773597717285e-01 7.323644757270812988e-01 1.000000000000000000e+00
1.395617127418518066e-01 5.191234350204467773e-01 7.301499247550964355e-01 1.000000000000000000e+00
1.352556645870208740e-01 5.146943330764770508e-01 7.279354333877563477e-01 1.000000000000000000e+00
1.309496313333511353e-01 5.102652907371520996e-01 7.257208824157714844e-01 1.000000000000000000e+00
1.266435980796813965e-01 5.058361887931823730e-01 7.235063314437866211e-01 1.000000000000000000e+00
1.223375648260116577e-01 5.014071464538574219e-01 7.212918400764465332e-01 1.000000000000000000e+00
1.180315241217613220e-01 4.969780743122100830e-01 7.190772891044616699e-01 1.000000000000000000e+00
1.137254908680915833e-01 4.925490319728851318e-01 7.168627381324768066e-01 1.000000000000000000e+00
1.094194576144218445e-01 4.881199598312377930e-01 7.146481871604919434e-01 1.000000000000000000e+00
1.051134169101715088e-01 4.836908876895904541e-01 7.124336957931518555e-01 1.000000000000000000e+00
1.008073836565017700e-01 4.792618155479431152e-01 7.102191448211669922e-01 1.000000000000000000e+00
9.650134295225143433e-02 4.748327434062957764e-01 7.080045938491821289e-01 1.000000000000000000e+00
9.219530969858169556e-02 4.704037010669708252e-01 7.057901024818420410e-01 1.000000000000000000e+00
8.788927644491195679e-02 4.659746289253234863e-01 7.035755515098571777e-01 1.000000000000000000e+00
8.358323574066162109e-02 4.615455567836761475e-01 7.013610005378723145e-01 1.000000000000000000e+00
7.927720248699188232e-02 4.571164846420288086e-01 6.991465091705322266e-01 1.000000000000000000e+00
7.497116178274154663e-02 4.526874423027038574e-01 6.969319581985473633e-01 1.000000000000000000e+00
7.066512852907180786e-02 4.482583701610565186e-01 6.947174072265625000e-01 1.000000000000000000e+00
6.635909527540206909e-02 4.438292980194091797e-01 6.925028562545776367e-01 1.000000000000000000e+00
6.205305829644203186e-02 4.394002258777618408e-01 6.902883648872375488e-01 1.000000000000000000e+00
5.774702131748199463e-02 4.349711537361145020e-01 6.880738139152526855e-01 1.000000000000000000e+00
5.344098433852195740e-02 4.305421113967895508e-01 6.858592629432678223e-01 1.000000000000000000e+00
4.913494735956192017e-02 4.261130392551422119e-01 6.836447715759277344e-01 1.000000000000000000e+00
4.482891038060188293e-02 4.216839671134948730e-01 6.814302206039428711e-01 1.000000000000000000e+00
4.052287712693214417e-02 4.172548949718475342e-01 6.792156696319580078e-01 1.000000000000000000e+00
3.621684014797210693e-02 4.128258228302001953e-01 6.770011782646179199e-01 1.000000000000000000e+00
3.191080316901206970e-02 4.083967804908752441e-01 6.747866272926330566e-01 1.000000000000000000e+00
3.137255087494850159e-02 4.035370945930480957e-01 6.698808073997497559e-01 1.000000000000000000e+00
3.137255087494850159e-02 3.986159265041351318e-01 6.645905375480651855e-01 1.000000000000000000e+00
3.137255087494850159e-02 3.936947286128997803e-01 6.593002676963806152e-01 1.000000000000000000e+00
3.137255087494850159e-02 3.887735605239868164e-01 6.540099978446960449e-01 1.000000000000000000e+00
3.137255087494850159e-02 3.838523626327514648e-01 6.487197279930114746e-01 1.000000000000000000e+00
3.137255087494850159e-02 3.789311945438385010e-01 6.434294581413269043e-01 1.000000000000000000e+00
3.137255087494850159e-02 3.740099966526031494e-01 6.381391882896423340e-01 1.000000000000000000e+00
3.137255087494850159e-02 3.690887987613677979e-01 6.328489184379577637e-01 1.000000000000000000e+00
3.137255087494850159e-02 3.641676306724548340e-01 6.275586485862731934e-01 1.000000000000000000e+00
3.137255087494850159e-02 3.592464327812194824e-01 6.222683787345886230e-01 1.000000000000000000e+00
3.137255087494850159e-02 3.543252646923065186e-01 6.169781088829040527e-01 1.000000000000000000e+00
3.137255087494850159e-02 3.494040668010711670e-01 6.116878390312194824e-01 1.000000000000000000e+00
3.137255087494850159e-02 3.444828987121582031e-01 6.063975691795349121e-01 1.000000000000000000e+00
3.137255087494850159e-02 3.395617008209228516e-01 6.011072397232055664e-01 1.000000000000000000e+00
3.137255087494850159e-02 3.346405327320098877e-01 5.958169698715209961e-01 1.000000000000000000e+00
3.137255087494850159e-02 3.297193348407745361e-01 5.905267000198364258e-01 1.000000000000000000e+00
3.137255087494850159e-02 3.247981667518615723e-01 5.852364301681518555e-01 1.000000000000000000e+00
3.137255087494850159e-02 3.198769688606262207e-01 5.799461603164672852e-01 1.000000000000000000e+00
3.137255087494850159e-02 3.149558007717132568e-01 5.746558904647827148e-01 1.000000000000000000e+00
3.137255087494850159e-02 3.100346028804779053e-01 5.693656206130981445e-01 1.000000000000000000e+00
3.137255087494850159e-02 3.051134049892425537e-01 5.640753507614135742e-01 1.000000000000000000e+00
3.137255087494850159e-02 3.001922369003295898e-01 5.587850809097290039e-01 1.000000000000000000e+00
3.137255087494850159e-02 2.952710390090942383e-01 5.534948110580444336e-01 1.000000000000000000e+00
3.137255087494850159e-02 2.903498709201812744e-01 5.482045412063598633e-01 1.000000000000000000e+00
3.137255087494850159e-02 2.854286730289459229e-01 5.429142713546752930e-01 1.000000000000000000e+00
3.137255087494850159e-02 2.805075049400329590e-01 5.376240015029907227e-01 1.000000000000000000e+00
3.137255087494850159e-02 2.755863070487976074e-01 5.323337316513061523e-01 1.000000000000000000e+00
3.137255087494850159e-02 2.706651389598846436e-01 5.270434617996215820e-01 1.000000000000000000e+00
3.137255087494850159e-02 2.657439410686492920e-01 5.217531919479370117e-01 1.000000000000000000e+00
3.137255087494850159e-02 2.608227729797363281e-01 5.164629220962524414e-01 1.000000000000000000e+00
3.137255087494850159e-02 2.559015750885009766e-01 5.111726522445678711e-01 1.000000000000000000e+00
3.137255087494850159e-02 2.509804069995880127e-01 5.058823823928833008e-01 1.000000000000000000e+00
