0.000000000000000000e+00 0.000000000000000000e+00 0.000000000000000000e+00 1.000000000000000000e+00
6.262242794036865234e-02 6.030862920169965946e-08 2.463744953274726868e-02 1.000000000000000000e+00
8.856149017810821533e-02 4.824690336135972757e-07 4.925994202494621277e-02 1.000000000000000000e+00
1.084652319550514221e-01 1.628332938707899302e-06 7.385252416133880615e-02 1.000000000000000000e+00
1.252448558807373047e-01 3.859752268908778206e-06 9.840027987957000732e-02 1.000000000000000000e+00
1.400280147790908813e-01 7.538578756793867797e-06 1.228882893919944763e-01 1.000000000000000000e+00
1.533930003643035889e-01 1.302666350966319442e-05 1.473017036914825439e-01 1.000000000000000000e+00
1.656833738088607788e-01 2.068586036330088973e-05 1.716256737709045410e-01 1.000000000000000000e+00
1.771229803562164307e-01 3.087801815127022564e-05 1.958454698324203491e-01 1.000000000000000000e+00
1.878672838211059570e-01 4.396499207359738648e-05 2.199463546276092529e-01 1.000000000000000000e+00
1.980295032262802124e-01 6.030863005435094237e-05 2.439137250185012817e-01 1.000000000000000000e+00
2.076950967311859131e-01 8.027078729355707765e-05 2.677330076694488525e-01 1.000000000000000000e+00
2.169304639101028442e-01 1.042133080773055553e-04 2.913897335529327393e-01 1.000000000000000000e+00
2.257883846759796143e-01 1.324980548815801740e-04 3.148695826530456543e-01 1.000000000000000000e+00
2.343116700649261475e-01 1.654868829064071178e-04 3.381582796573638916e-01 1.000000000000000000e+00
2.425356209278106689e-01 2.035416255239397287e-04 3.612416684627532959e-01 1.000000000000000000e+00
2.504897117614746094e-01 2.470241452101618052e-04 3.841057419776916504e-01 1.000000000000000000e+00
2.581988871097564697e-01 2.962962898891419172e-04 4.067366421222686768e-01 1.000000000000000000e+00
2.656844556331634521e-01 3.517199365887790918e-04 4.291206002235412598e-01 1.000000000000000000e+00
2.729648351669311523e-01 4.136568750254809856e-04 4.512440562248229980e-01 1.000000000000000000e+00
2.800560295581817627e-01 4.824690404348075390e-04 4.730935692787170410e-01 1.000000000000000000e+00
2.869720160961151123e-01 5.585182225331664085e-04 4.946558475494384766e-01 1.000000000000000000e+00
2.937252223491668701e-01 6.421662983484566212e-04 5.159178376197814941e-01 1.000000000000000000e+00
3.003266155719757080e-01 7.337750867009162903e-04 5.368666052818298340e-01 1.000000000000000000e+00
3.067860007286071777e-01 8.337064646184444427e-04 5.574894547462463379e-01 1.000000000000000000e+00
3.131121397018432617e-01 9.423223091289401054e-04 5.777738094329833984e-01 1.000000000000000000e+00
3.193129897117614746e-01 1.059984439052641392e-03 5.977074503898620605e-01 1.000000000000000000e+00
3.253956735134124756e-01 1.187054789625108242e-03 6.172782182693481445e-01 1.000000000000000000e+00
3.313667476177215576e-01 1.323895063251256943e-03 6.364742517471313477e-01 1.000000000000000000e+00
3.372321128845214844e-01 1.470867195166647434e-03 6.552838683128356934e-01 1.000000000000000000e+00
3.429971635341644287e-01 1.628333004191517830e-03 6.736956238746643066e-01 1.000000000000000000e+00
3.486669361591339111e-01 1.796654425561428070e-03 6.916984319686889648e-01 1.000000000000000000e+00
3.542459607124328613e-01 1.976193161681294441e-03 7.092813253402709961e-01 1.000000000000000000e+00
3.597384691238403320e-01 2.167311264201998711e-03 7.264335751533508301e-01 1.000000000000000000e+00
3.651483654975891113e-01 2.370370319113135338e-03 7.431448101997375488e-01 1.000000000000000000e+00
3.704792857170104980e-01 2.585732378065586090e-03 7.594048976898193359e-01 1.000000000000000000e+00
3.757345676422119141e-01 2.813759492710232735e-03 7.752040028572082520e-01 1.000000000000000000e+00
3.809173703193664551e-01 3.054813016206026077e-03 7.905324101448059082e-01 1.000000000000000000e+00
3.860305845737457275e-01 3.309255000203847885e-03 8.053809404373168945e-01 1.000000000000000000e+00
3.910769522190093994e-01 3.577447496354579926e-03 8.197404742240905762e-01 1.000000000000000000e+00
3.960590064525604248e-01 3.859752323478460312e-03 8.336023688316345215e-01 1.000000000000000000e+00
4.009791910648345947e-01 4.156530834734439850e-03 8.469582200050354004e-01 1.000000000000000000e+00
4.058397114276885986e-01 4.468145780265331268e-03 8.597998619079589844e-01 1.000000000000000000e+00
4.106427431106567383e-01 4.794958047568798065e-03 8.721194863319396973e-01 1.000000000000000000e+00
4.153901934623718262e-01 5.137330386787652969e-03 8.839097023010253906e-01 1.000000000000000000e+00
4.200840294361114502e-01 5.495623685419559479e-03 8.951632976531982422e-01 1.000000000000000000e+00
4.247259795665740967e-01 5.870200693607330322e-03 9.058734178543090820e-01 1.000000000000000000e+00
4.293177425861358643e-01 6.261422764509916306e-03 9.160336256027221680e-01 1.000000000000000000e+00
4.338609278202056885e-01 6.669651716947555542e-03 9.256376624107360840e-01 1.000000000000000000e+00
4.383569955825805664e-01 7.095249835401773453e-03 9.346797466278076172e-01 1.000000000000000000e+00
4.428074359893798828e-01 7.538578473031520844e-03 9.431544542312622070e-01 1.000000000000000000e+00
4.472135901451110840e-01 8.000000379979610443e-03 9.510565400123596191e-01 1.000000000000000000e+00
4.515767693519592285e-01 8.479875512421131134e-03 9.583812355995178223e-01 1.000000000000000000e+00
4.558981657028198242e-01 8.978568017482757568e-03 9.651240706443786621e-01 1.000000000000000000e+00
4.601790010929107666e-01 9.496438317000865936e-03 9.712810516357421875e-01 1.000000000000000000e+00
4.644203782081604004e-01 1.003384776413440704e-02 9.768483042716979980e-01 1.000000000000000000e+00
4.686233401298522949e-01 1.059116050601005554e-02 9.818225502967834473e-01 1.000000000000000000e+00
4.727889597415924072e-01 1.116873603314161301e-02 9.862007498741149902e-01 1.000000000000000000e+00
4.769182205200195312e-01 1.176693756133317947e-02 9.899802207946777344e-01 1.000000000000000000e+00
4.810120165348052979e-01 1.238612644374370575e-02 9.931586384773254395e-01 1.000000000000000000e+00
4.850712418556213379e-01 1.302666403353214264e-02 9.957341551780700684e-01 1.000000000000000000e+00
4.890968203544616699e-01 1.368891261518001556e-02 9.977051615715026855e-01 1.000000000000000000e+00
4.930894970893859863e-01 1.437323540449142456e-02 9.990704655647277832e-01 1.000000000000000000e+00
4.970501363277435303e-01 1.507999189198017120e-02 9.998292326927185059e-01 1.000000000000000000e+00
5.009794235229492188e-01 1.580954529345035553e-02 9.999810457229614258e-01 1.000000000000000000e+00
5.048781633377075195e-01 1.656225696206092834e-02 9.995257258415222168e-01 1.000000000000000000e+00
5.087470412254333496e-01 1.733849011361598969e-02 9.984636306762695312e-01 1.000000000000000000e+00
5.125866532325744629e-01 1.813860423862934113e-02 9.967952966690063477e-01 1.000000000000000000e+00
5.163977742195129395e-01 1.896296255290508270e-02 9.945219159126281738e-01 1.000000000000000000e+00
5.201809406280517578e-01 1.981192827224731445e-02 9.916446805000305176e-01 1.000000000000000000e+00
5.239368081092834473e-01 2.068585902452468872e-02 9.881654977798461914e-01 1.000000000000000000e+00
5.276659727096557617e-01 2.158512175083160400e-02 9.840863347053527832e-01 1.000000000000000000e+00
5.313689112663269043e-01 2.251007594168186188e-02 9.794097542762756348e-01 1.000000000000000000e+00
5.350462794303894043e-01 2.346108295023441315e-02 9.741386175155639648e-01 1.000000000000000000e+00
5.386984944343566895e-01 2.443850412964820862e-02 9.682760238647460938e-01 1.000000000000000000e+00
5.423261523246765137e-01 2.544270269572734833e-02 9.618256688117980957e-01 1.000000000000000000e+00
5.459296703338623047e-01 2.647404000163078308e-02 9.547913074493408203e-01 1.000000000000000000e+00
5.495095849037170410e-01 2.753287926316261292e-02 9.471773505210876465e-01 1.000000000000000000e+00
5.530663132667541504e-01 2.861957997083663940e-02 9.389883875846862793e-01 1.000000000000000000e+00
5.566003322601318359e-01 2.973450720310211182e-02 9.302293062210083008e-01 1.000000000000000000e+00
5.601120591163635254e-01 3.087801858782768250e-02 9.209055304527282715e-01 1.000000000000000000e+00
5.636018514633178711e-01 3.205047920346260071e-02 9.110226631164550781e-01 1.000000000000000000e+00
5.670701861381530762e-01 3.325224667787551880e-02 9.005867242813110352e-01 1.000000000000000000e+00
5.705174803733825684e-01 3.448368981480598450e-02 8.896040320396423340e-01 1.000000000000000000e+00
5.739440321922302246e-01 3.574516624212265015e-02 8.780812621116638184e-01 1.000000000000000000e+00
5.773502588272094727e-01 3.703703731298446655e-02 8.660253882408142090e-01 1.000000000000000000e+00
5.807365179061889648e-01 3.835966438055038452e-02 8.534438014030456543e-01 1.000000000000000000e+00
5.841031074523925781e-01 3.971341252326965332e-02 8.403440713882446289e-01 1.000000000000000000e+00
5.874504446983337402e-01 4.109864309430122375e-02 8.267341852188110352e-01 1.000000000000000000e+00
5.907788276672363281e-01 4.251571372151374817e-02 8.126223683357238770e-01 1.000000000000000000e+00
5.940885543823242188e-01 4.396498948335647583e-02 7.980172038078308105e-01 1.000000000000000000e+00
5.973799228668212891e-01 4.544683545827865601e-02 7.829276323318481445e-01 1.000000000000000000e+00
6.006532311439514160e-01 4.696160554885864258e-02 7.673626542091369629e-01 1.000000000000000000e+00
6.039088368415832520e-01 4.850966855883598328e-02 7.513318657875061035e-01 1.000000000000000000e+00
6.071469783782958984e-01 5.009138211607933044e-02 7.348449826240539551e-01 1.000000000000000000e+00
6.103679537773132324e-01 5.170711129903793335e-02 7.179118990898132324e-01 1.000000000000000000e+00
6.135720014572143555e-01 5.335721373558044434e-02 7.005430459976196289e-01 1.000000000000000000e+00
6.167594194412231445e-01 5.504205822944641113e-02 6.827488541603088379e-01 1.000000000000000000e+00
6.199304461479187012e-01 5.676199868321418762e-02 6.645401716232299805e-01 1.000000000000000000e+00
6.230853199958801270e-01 5.851740390062332153e-02 6.459280848503112793e-01 1.000000000000000000e+00
6.262242794036865234e-01 6.030862778425216675e-02 6.269237995147705078e-01 1.000000000000000000e+00
6.293476223945617676e-01 6.213604286313056946e-02 6.075389385223388672e-01 1.000000000000000000e+00
6.324555277824401855e-01 6.400000303983688354e-02 5.877852439880371094e-01 1.000000000000000000e+00
6.355482339859008789e-01 6.590086966753005981e-02 5.676746964454650879e-01 1.000000000000000000e+00
6.386259794235229492e-01 6.783900409936904907e-02 5.472195744514465332e-01 1.000000000000000000e+00
6.416889429092407227e-01 6.981477886438369751e-02 5.264321565628051758e-01 1.000000000000000000e+00
6.447373628616333008e-01 7.182854413986206055e-02 5.053251981735229492e-01 1.000000000000000000e+00
6.477714180946350098e-01 7.388066500425338745e-02 4.839114248752593994e-01 1.000000000000000000e+00
6.507913470268249512e-01 7.597150653600692749e-02 4.622038900852203369e-01 1.000000000000000000e+00
6.537973284721374512e-01 7.810142636299133301e-02 4.402157366275787354e-01 1.000000000000000000e+00
6.567896008491516113e-01 8.027078211307525635e-02 4.179603457450866699e-01 1.000000000000000000e+00
6.597682237625122070e-01 8.247995376586914062e-02 3.954512178897857666e-01 1.000000000000000000e+00
6.627334952354431152e-01 8.472928404808044434e-02 3.727020025253295898e-01 1.000000000000000000e+00
6.656855344772338867e-01 8.701913803815841675e-02 3.497264981269836426e-01 1.000000000000000000e+00
6.686245799064636230e-01 8.934988826513290405e-02 3.265387117862701416e-01 1.000000000000000000e+00
6.715507507324218750e-01 9.172188490629196167e-02 3.031526803970336914e-01 1.000000000000000000e+00
6.744642257690429688e-01 9.413550049066543579e-02 2.795825898647308350e-01 1.000000000000000000e+00
6.773651242256164551e-01 9.659108519554138184e-02 2.558427751064300537e-01 1.000000000000000000e+00
6.802536845207214355e-01 9.908901154994964600e-02 2.319476455450057983e-01 1.000000000000000000e+00
6.831300258636474609e-01 1.016296297311782837e-01 2.079116851091384888e-01 1.000000000000000000e+00
6.859943270683288574e-01 1.042133122682571411e-01 1.837495118379592896e-01 1.000000000000000000e+00
6.888467073440551758e-01 1.068404167890548706e-01 1.594757884740829468e-01 1.000000000000000000e+00
6.916873455047607422e-01 1.095113009214401245e-01 1.351052522659301758e-01 1.000000000000000000e+00
6.945163607597351074e-01 1.122263371944427490e-01 1.106526851654052734e-01 1.000000000000000000e+00
6.973338723182678223e-01 1.149858832359313965e-01 8.613293617963790894e-02 1.000000000000000000e+00
7.001400589942932129e-01 1.177902892231941223e-01 6.156090646982192993e-02 1.000000000000000000e+00
7.029350399971008301e-01 1.206399351358413696e-01 3.695150092244148254e-02 1.000000000000000000e+00
7.057189345359802246e-01 1.235351711511611938e-01 1.231965981423854828e-02 1.000000000000000000e+00
7.084919214248657227e-01 1.264763623476028442e-01 0.000000000000000000e+00 1.000000000000000000e+00
7.112540602684020996e-01 1.294638663530349731e-01 0.000000000000000000e+00 1.000000000000000000e+00
7.140055298805236816e-01 1.324980556964874268e-01 0.000000000000000000e+00 1.000000000000000000e+00
7.167464494705200195e-01 1.355792880058288574e-01 0.000000000000000000e+00 1.000000000000000000e+00
7.194769382476806641e-01 1.387079209089279175e-01 0.000000000000000000e+00 1.000000000000000000e+00
7.221970558166503906e-01 1.418843120336532593e-01 0.000000000000000000e+00 1.000000000000000000e+00
7.249070405960083008e-01 1.451088339090347290e-01 0.000000000000000000e+00 1.000000000000000000e+00
7.276068925857543945e-01 1.483818441629409790e-01 0.000000000000000000e+00 1.000000000000000000e+00
7.302967309951782227e-01 1.517037004232406616e-01 0.000000000000000000e+00 1.000000000000000000e+00
7.329767346382141113e-01 1.550747752189636230e-01 0.000000000000000000e+00 1.000000000000000000e+00
7.356469631195068359e-01 1.584954261779785156e-01 0.000000000000000000e+00 1.000000000000000000e+00
7.383075356483459473e-01 1.619659960269927979e-01 0.000000000000000000e+00 1.000000000000000000e+00
7.409585714340209961e-01 1.654868721961975098e-01 0.000000000000000000e+00 1.000000000000000000e+00
7.436001300811767578e-01 1.690584123134613037e-01 0.000000000000000000e+00 1.000000000000000000e+00
7.462323904037475586e-01 1.726809740066528320e-01 0.000000000000000000e+00 1.000000000000000000e+00
7.488553524017333984e-01 1.763549149036407471e-01 0.000000000000000000e+00 1.000000000000000000e+00
7.514691352844238281e-01 1.800806075334548950e-01 0.000000000000000000e+00 1.000000000000000000e+00
7.540739178657531738e-01 1.838583946228027344e-01 0.000000000000000000e+00 1.000000000000000000e+00
7.566697001457214355e-01 1.876886636018753052e-01 0.000000000000000000e+00 1.000000000000000000e+00
7.592566013336181641e-01 1.915717422962188721e-01 0.000000000000000000e+00 1.000000000000000000e+00
7.618347406387329102e-01 1.955080330371856689e-01 0.000000000000000000e+00 1.000000000000000000e+00
7.644041776657104492e-01 1.994978636503219604e-01 0.000000000000000000e+00 1.000000000000000000e+00
7.669649720191955566e-01 2.035416215658187866e-01 0.000000000000000000e+00 1.000000000000000000e+00
7.695173025131225586e-01 2.076396495103836060e-01 0.000000000000000000e+00 1.000000000000000000e+00
7.720611691474914551e-01 2.117923200130462646e-01 0.000000000000000000e+00 1.000000000000000000e+00
7.745966911315917969e-01 2.160000056028366089e-01 0.000000000000000000e+00 1.000000000000000000e+00
7.771239280700683594e-01 2.202630341053009033e-01 0.000000000000000000e+00 1.000000000000000000e+00
7.796429395675659180e-01 2.245817929506301880e-01 0.000000000000000000e+00 1.000000000000000000e+00
7.821539044380187988e-01 2.289566397666931152e-01 0.000000000000000000e+00 1.000000000000000000e+00
7.846567630767822266e-01 2.333879470825195312e-01 0.000000000000000000e+00 1.000000000000000000e+00
7.871517539024353027e-01 2.378760576248168945e-01 0.000000000000000000e+00 1.000000000000000000e+00
7.896387577056884766e-01 2.424213290214538574e-01 0.000000000000000000e+00 1.000000000000000000e+00
7.921180129051208496e-01 2.470241487026214600e-01 0.000000000000000000e+00 1.000000000000000000e+00
7.945895195007324219e-01 2.516848444938659668e-01 0.000000000000000000e+00 1.000000000000000000e+00
7.970533967018127441e-01 2.564038336277008057e-01 0.000000000000000000e+00 1.000000000000000000e+00
7.995096445083618164e-01 2.611814141273498535e-01 0.000000000000000000e+00 1.000000000000000000e+00
8.019583821296691895e-01 2.660179734230041504e-01 0.000000000000000000e+00 1.000000000000000000e+00
8.043996691703796387e-01 2.709138989448547363e-01 0.000000000000000000e+00 1.000000000000000000e+00
8.068335652351379395e-01 2.758695185184478760e-01 0.000000000000000000e+00 1.000000000000000000e+00
8.092601299285888672e-01 2.808852195739746094e-01 0.000000000000000000e+00 1.000000000000000000e+00
8.116794228553771973e-01 2.859613299369812012e-01 0.000000000000000000e+00 1.000000000000000000e+00
8.140915632247924805e-01 2.910982370376586914e-01 0.000000000000000000e+00 1.000000000000000000e+00
8.164966106414794922e-01 2.962962985038757324e-01 0.000000000000000000e+00 1.000000000000000000e+00
8.188945055007934570e-01 3.015558719635009766e-01 0.000000000000000000e+00 1.000000000000000000e+00
8.212854862213134766e-01 3.068773150444030762e-01 0.000000000000000000e+00 1.000000000000000000e+00
8.236694335937500000e-01 3.122610151767730713e-01 0.000000000000000000e+00 1.000000000000000000e+00
8.260465860366821289e-01 3.177073001861572266e-01 0.000000000000000000e+00 1.000000000000000000e+00
8.284168839454650879e-01 3.232165575027465820e-01 0.000000000000000000e+00 1.000000000000000000e+00
8.307803869247436523e-01 3.287891447544097900e-01 0.000000000000000000e+00 1.000000000000000000e+00
8.331372141838073730e-01 3.344253897666931152e-01 0.000000000000000000e+00 1.000000000000000000e+00
8.354874253273010254e-01 3.401257097721099854e-01 0.000000000000000000e+00 1.000000000000000000e+00
8.378310203552246094e-01 3.458904325962066650e-01 0.000000000000000000e+00 1.000000000000000000e+00
8.401680588722229004e-01 3.517199158668518066e-01 0.000000000000000000e+00 1.000000000000000000e+00
8.424986004829406738e-01 3.576145470142364502e-01 0.000000000000000000e+00 1.000000000000000000e+00
8.448227643966674805e-01 3.635746836662292480e-01 0.000000000000000000e+00 1.000000000000000000e+00
8.471404910087585449e-01 3.696006536483764648e-01 0.000000000000000000e+00 1.000000000000000000e+00
8.494519591331481934e-01 3.756928443908691406e-01 0.000000000000000000e+00 1.000000000000000000e+00
8.517571091651916504e-01 3.818516135215759277e-01 0.000000000000000000e+00 1.000000000000000000e+00
8.540560603141784668e-01 3.880773484706878662e-01 0.000000000000000000e+00 1.000000000000000000e+00
8.563488125801086426e-01 3.943703770637512207e-01 0.000000000000000000e+00 1.000000000000000000e+00
8.586354851722717285e-01 4.007310569286346436e-01 0.000000000000000000e+00 1.000000000000000000e+00
8.609160780906677246e-01 4.071597754955291748e-01 0.000000000000000000e+00 1.000000000000000000e+00
8.631905913352966309e-01 4.136568903923034668e-01 0.000000000000000000e+00 1.000000000000000000e+00
8.654592037200927734e-01 4.202227592468261719e-01 0.000000000000000000e+00 1.000000000000000000e+00
8.677218556404113770e-01 4.268577098846435547e-01 0.000000000000000000e+00 1.000000000000000000e+00
8.699786067008972168e-01 4.335621595382690430e-01 0.000000000000000000e+00 1.000000000000000000e+00
8.722295165061950684e-01 4.403364658355712891e-01 0.000000000000000000e+00 1.000000000000000000e+00
8.744746446609497070e-01 4.471809566020965576e-01 0.000000000000000000e+00 1.000000000000000000e+00
8.767139911651611328e-01 4.540959894657135010e-01 0.000000000000000000e+00 1.000000000000000000e+00
8.789476752281188965e-01 4.610819816589355469e-01 0.000000000000000000e+00 1.000000000000000000e+00
8.811756968498229980e-01 4.681392312049865723e-01 0.000000000000000000e+00 1.000000000000000000e+00
8.833980560302734375e-01 4.752681255340576172e-01 0.000000000000000000e+00 1.000000000000000000e+00
8.856148719787597656e-01 4.824690222740173340e-01 0.000000000000000000e+00 1.000000000000000000e+00
8.878261446952819824e-01 4.897423088550567627e-01 0.000000000000000000e+00 1.000000000000000000e+00
8.900319337844848633e-01 4.970883429050445557e-01 0.000000000000000000e+00 1.000000000000000000e+00
8.922322988510131836e-01 5.045074224472045898e-01 0.000000000000000000e+00 1.000000000000000000e+00
8.944271802902221680e-01 5.120000243186950684e-01 0.000000000000000000e+00 1.000000000000000000e+00
8.966167569160461426e-01 5.195663571357727051e-01 0.000000000000000000e+00 1.000000000000000000e+00
8.988009691238403320e-01 5.272069573402404785e-01 0.000000000000000000e+00 1.000000000000000000e+00
9.009798765182495117e-01 5.349220633506774902e-01 0.000000000000000000e+00 1.000000000000000000e+00
9.031535387039184570e-01 5.427120327949523926e-01 0.000000000000000000e+00 1.000000000000000000e+00
9.053219556808471680e-01 5.505773425102233887e-01 0.000000000000000000e+00 1.000000000000000000e+00
9.074851870536804199e-01 5.585182309150695801e-01 0.000000000000000000e+00 1.000000000000000000e+00
9.096433520317077637e-01 5.665351152420043945e-01 0.000000000000000000e+00 1.000000000000000000e+00
9.117963314056396484e-01 5.746283531188964844e-01 0.000000000000000000e+00 1.000000000000000000e+00
9.139442443847656250e-01 5.827983021736145020e-01 0.000000000000000000e+00 1.000000000000000000e+00
9.160871505737304688e-01 5.910453200340270996e-01 0.000000000000000000e+00 1.000000000000000000e+00
9.182250499725341797e-01 5.993697643280029297e-01 0.000000000000000000e+00 1.000000000000000000e+00
9.203580021858215332e-01 6.077720522880554199e-01 0.000000000000000000e+00 1.000000000000000000e+00
9.224860072135925293e-01 6.162524223327636719e-01 0.000000000000000000e+00 1.000000000000000000e+00
9.246090650558471680e-01 6.248114109039306641e-01 0.000000000000000000e+00 1.000000000000000000e+00
9.267272949218750000e-01 6.334491968154907227e-01 0.000000000000000000e+00 1.000000000000000000e+00
9.288407564163208008e-01 6.421662569046020508e-01 0.000000000000000000e+00 1.000000000000000000e+00
9.309493303298950195e-01 6.509629487991333008e-01 0.000000000000000000e+00 1.000000000000000000e+00
9.330531954765319824e-01 6.598396301269531250e-01 0.000000000000000000e+00 1.000000000000000000e+00
9.351522922515869141e-01 6.687965989112854004e-01 0.000000000000000000e+00 1.000000000000000000e+00
9.372466802597045898e-01 6.778342723846435547e-01 0.000000000000000000e+00 1.000000000000000000e+00
9.393364191055297852e-01 6.869530081748962402e-01 0.000000000000000000e+00 1.000000000000000000e+00
9.414215087890625000e-01 6.961531043052673340e-01 0.000000000000000000e+00 1.000000000000000000e+00
9.435020089149475098e-01 7.054350376129150391e-01 0.000000000000000000e+00 1.000000000000000000e+00
9.455779194831848145e-01 7.147991061210632324e-01 0.000000000000000000e+00 1.000000000000000000e+00
9.476493000984191895e-01 7.242456674575805664e-01 0.000000000000000000e+00 1.000000000000000000e+00
9.497161507606506348e-01 7.337750792503356934e-01 0.000000000000000000e+00 1.000000000000000000e+00
9.517785310745239258e-01 7.433877587318420410e-01 0.000000000000000000e+00 1.000000000000000000e+00
9.538364410400390625e-01 7.530840039253234863e-01 0.000000000000000000e+00 1.000000000000000000e+00
9.558898806571960449e-01 7.628641724586486816e-01 0.000000000000000000e+00 1.000000000000000000e+00
9.579389691352844238e-01 7.727286815643310547e-01 0.000000000000000000e+00 1.000000000000000000e+00
9.599836468696594238e-01 7.826778292655944824e-01 0.000000000000000000e+00 1.000000000000000000e+00
9.620240330696105957e-01 7.927120923995971680e-01 0.000000000000000000e+00 1.000000000000000000e+00
9.640600681304931641e-01 8.028316497802734375e-01 0.000000000000000000e+00 1.000000000000000000e+00
9.660918116569519043e-01 8.130370378494262695e-01 0.000000000000000000e+00 1.000000000000000000e+00
9.681192636489868164e-01 8.233284950256347656e-01 0.000000000000000000e+00 1.000000000000000000e+00
9.701424837112426758e-01 8.337064981460571289e-01 0.000000000000000000e+00 1.000000000000000000e+00
9.721615314483642578e-01 8.441712856292724609e-01 0.000000000000000000e+00 1.000000000000000000e+00
9.741763472557067871e-01 8.547233343124389648e-01 0.000000000000000000e+00 1.000000000000000000e+00
9.761870503425598145e-01 8.653629422187805176e-01 0.000000000000000000e+00 1.000000000000000000e+00
9.781936407089233398e-01 8.760904073715209961e-01 0.000000000000000000e+00 1.000000000000000000e+00
9.801960587501525879e-01 8.869062662124633789e-01 0.000000000000000000e+00 1.000000000000000000e+00
9.821944236755371094e-01 8.978106975555419922e-01 0.000000000000000000e+00 1.000000000000000000e+00
9.841887354850769043e-01 9.088041782379150391e-01 0.000000000000000000e+00 1.000000000000000000e+00
9.861789941787719727e-01 9.198870658874511719e-01 0.000000000000000000e+00 1.000000000000000000e+00
9.881652593612670898e-01 9.310596585273742676e-01 0.000000000000000000e+00 1.000000000000000000e+00
9.901475310325622559e-01 9.423223137855529785e-01 0.000000000000000000e+00 1.000000000000000000e+00
9.921258687973022461e-01 9.536755084991455078e-01 0.000000000000000000e+00 1.000000000000000000e+00
9.941002726554870605e-01 9.651194810867309570e-01 0.000000000000000000e+00 1.000000000000000000e+00
9.960706830024719238e-01 9.766546487808227539e-01 0.000000000000000000e+00 1.000000000000000000e+00
9.980372786521911621e-01 9.882813692092895508e-01 0.000000000000000000e+00 1.000000000000000000e+00
1.000000000000000000e+00 1.000000000000000000e+00 0.000000000000000000e+00 1.000000000000000000e+00
