4.160000011324882507e-02 0.000000000000000000e+00 0.000000000000000000e+00 1.000000000000000000e+00
5.189484357833862305e-02 0.000000000000000000e+00 0.000000000000000000e+00 1.000000000000000000e+00
6.218968704342842102e-02 0.000000000000000000e+00 0.000000000000000000e+00 1.000000000000000000e+00
7.248453050851821899e-02 0.000000000000000000e+00 0.000000000000000000e+00 1.000000000000000000e+00
8.277937769889831543e-02 0.000000000000000000e+00 0.000000000000000000e+00 1.000000000000000000e+00
9.307421743869781494e-02 0.000000000000000000e+00 0.000000000000000000e+00 1.000000000000000000e+00
1.033690646290779114e-01 0.000000000000000000e+00 0.000000000000000000e+00 1.000000000000000000e+00
1.136639118194580078e-01 0.000000000000000000e+00 0.000000000000000000e+00 1.000000000000000000e+00
1.239587515592575073e-01 0.000000000000000000e+00 0.000000000000000000e+00 1.000000000000000000e+00
1.342535912990570068e-01 0.000000000000000000e+00 0.000000000000000000e+00 1.000000000000000000e+00
1.445484459400177002e-01 0.000000000000000000e+00 0.000000000000000000e+00 1.000000000000000000e+00
1.548432856798171997e-01 0.000000000000000000e+00 0.000000000000000000e+00 1.000000000000000000e+00
1.651381254196166992e-01 0.000000000000000000e+00 0.000000000000000000e+00 1.000000000000000000e+00
1.754329800605773926e-01 0.000000000000000000e+00 0.000000000000000000e+00 1.000000000000000000e+00
1.857278198003768921e-01 0.000000000000000000e+00 0.000000000000000000e+00 1.000000000000000000e+00
1.960226595401763916e-01 0.000000000000000000e+00 0.000000000000000000e+00 1.000000000000000000e+00
2.063174992799758911e-01 0.000000000000000000e+00 0.000000000000000000e+00 1.000000000000000000e+00
2.166123539209365845e-01 0.000000000000000000e+00 0.000000000000000000e+00 1.000000000000000000e+00
2.269071936607360840e-01 0.000000000000000000e+00 0.000000000000000000e+00 1.000000000000000000e+00
2.372020334005355835e-01 0.000000000000000000e+00 0.000000000000000000e+00 1.000000000000000000e+00
2.474968880414962769e-01 0.000000000000000000e+00 0.000000000000000000e+00 1.000000000000000000e+00
2.577917277812957764e-01 0.000000000000000000e+00 0.000000000000000000e+00 1.000000000000000000e+00
2.680865824222564697e-01 0.000000000000000000e+00 0.000000000000000000e+00 1.000000000000000000e+00
2.783814072608947754e-01 0.000000000000000000e+00 0.000000000000000000e+00 1.000000000000000000e+00
2.886762619018554688e-01 0.000000000000000000e+00 0.000000000000000000e+00 1.000000000000000000e+00
2.989710867404937744e-01 0.000000000000000000e+00 0.000000000000000000e+00 1.000000000000000000e+00
3.092659413814544678e-01 0.000000000000000000e+00 0.000000000000000000e+00 1.000000000000000000e+00
3.195607960224151611e-01 0.000000000000000000e+00 0.000000000000000000e+00 1.000000000000000000e+00
3.298556208610534668e-01 0.000000000000000000e+00 0.000000000000000000e+00 1.000000000000000000e+00
3.401504755020141602e-01 0.000000000000000000e+00 0.000000000000000000e+00 1.000000000000000000e+00
3.504453301429748535e-01 0.000000000000000000e+00 0.000000000000000000e+00 1.000000000000000000e+00
3.607401549816131592e-01 0.000000000000000000e+00 0.000000000000000000e+00 1.000000000000000000e+00
3.710350096225738525e-01 0.000000000000000000e+00 0.000000000000000000e+00 1.000000000000000000e+00
3.813298642635345459e-01 0.000000000000000000e+00 0.000000000000000000e+00 1.000000000000000000e+00
3.916246891021728516e-01 0.000000000000000000e+00 0.000000000000000000e+00 1.000000000000000000e+00
4.019195437431335449e-01 0.000000000000000000e+00 0.000000000000000000e+00 1.000000000000000000e+00
4.122143983840942383e-01 0.000000000000000000e+00 0.000000000000000000e+00 1.000000000000000000e+00
4.225092232227325439e-01 0.000000000000000000e+00 0.000000000000000000e+00 1.000000000000000000e+00
4.328040778636932373e-01 0.000000000000000000e+00 0.000000000000000000e+00 1.000000000000000000e+00
4.430989325046539307e-01 0.000000000000000000e+00 0.000000000000000000e+00 1.000000000000000000e+00
4.533937573432922363e-01 0.000000000000000000e+00 0.000000000000000000e+00 1.000000000000000000e+00
4.636886119842529297e-01 0.000000000000000000e+00 0.000000000000000000e+00 1.000000000000000000e+00
4.739834368228912354e-01 0.000000000000000000e+00 0.000000000000000000e+00 1.000000000000000000e+00
4.842782914638519287e-01 0.000000000000000000e+00 0.000000000000000000e+00 1.000000000000000000e+00
4.945731461048126221e-01 0.000000000000000000e+00 0.000000000000000000e+00 1.000000000000000000e+00
5.048679709434509277e-01 0.000000000000000000e+00 0.000000000000000000e+00 1.000000000000000000e+00
5.151628255844116211e-01 0.000000000000000000e+00 0.000000000000000000e+00 1.000000000000000000e+00
5.254576802253723145e-01 0.000000000000000000e+00 0.000000000000000000e+00 1.000000000000000000e+00
5.357525348663330078e-01 0.000000000000000000e+00 0.000000000000000000e+00 1.000000000000000000e+00
5.460473299026489258e-01 0.000000000000000000e+00 0.000000000000000000e+00 1.000000000000000000e+00
5.563421845436096191e-01 0.000000000000000000e+00 0.000000000000000000e+00 1.000000000000000000e+00
5.666370391845703125e-01 0.000000000000000000e+00 0.000000000000000000e+00 1.000000000000000000e+00
5.769318938255310059e-01 0.000000000000000000e+00 0.000000000000000000e+00 1.000000000000000000e+00
5.872267484664916992e-01 0.000000000000000000e+00 0.000000000000000000e+00 1.000000000000000000e+00
5.975216031074523926e-01 0.000000000000000000e+00 0.000000000000000000e+00 1.000000000000000000e+00
6.078163981437683105e-01 0.000000000000000000e+00 0.000000000000000000e+00 1.000000000000000000e+00
6.181112527847290039e-01 0.000000000000000000e+00 0.000000000000000000e+00 1.000000000000000000e+00
6.284061074256896973e-01 0.000000000000000000e+00 0.000000000000000000e+00 1.000000000000000000e+00
6.387009620666503906e-01 0.000000000000000000e+00 0.000000000000000000e+00 1.000000000000000000e+00
6.489958167076110840e-01 0.000000000000000000e+00 0.000000000000000000e+00 1.000000000000000000e+00
6.592906713485717773e-01 0.000000000000000000e+00 0.000000000000000000e+00 1.000000000000000000e+00
6.695854663848876953e-01 0.000000000000000000e+00 0.000000000000000000e+00 1.000000000000000000e+00
6.798803210258483887e-01 0.000000000000000000e+00 0.000000000000000000e+00 1.000000000000000000e+00
6.901751756668090820e-01 0.000000000000000000e+00 0.000000000000000000e+00 1.000000000000000000e+00
7.004700303077697754e-01 0.000000000000000000e+00 0.000000000000000000e+00 1.000000000000000000e+00
7.107648849487304688e-01 0.000000000000000000e+00 0.000000000000000000e+00 1.000000000000000000e+00
7.210596799850463867e-01 0.000000000000000000e+00 0.000000000000000000e+00 1.000000000000000000e+00
7.313545346260070801e-01 0.000000000000000000e+00 0.000000000000000000e+00 1.000000000000000000e+00
7.416493892669677734e-01 0.000000000000000000e+00 0.000000000000000000e+00 1.000000000000000000e+00
7.519442439079284668e-01 0.000000000000000000e+00 0.000000000000000000e+00 1.000000000000000000e+00
7.622390985488891602e-01 0.000000000000000000e+00 0.000000000000000000e+00 1.000000000000000000e+00
7.725339531898498535e-01 0.000000000000000000e+00 0.000000000000000000e+00 1.000000000000000000e+00
7.828287482261657715e-01 0.000000000000000000e+00 0.000000000000000000e+00 1.000000000000000000e+00
7.931236028671264648e-01 0.000000000000000000e+00 0.000000000000000000e+00 1.000000000000000000e+00
8.034184575080871582e-01 0.000000000000000000e+00 0.000000000000000000e+00 1.000000000000000000e+00
8.137133121490478516e-01 0.000000000000000000e+00 0.000000000000000000e+00 1.000000000000000000e+00
8.240081667900085449e-01 0.000000000000000000e+00 0.000000000000000000e+00 1.000000000000000000e+00
8.343030214309692383e-01 0.000000000000000000e+00 0.000000000000000000e+00 1.000000000000000000e+00
8.445978164672851562e-01 0.000000000000000000e+00 0.000000000000000000e+00 1.000000000000000000e+00
8.548926711082458496e-01 0.000000000000000000e+00 0.000000000000000000e+00 1.000000000000000000e+00
8.651875257492065430e-01 0.000000000000000000e+00 0.000000000000000000e+00 1.000000000000000000e+00
8.754823803901672363e-01 0.000000000000000000e+00 0.000000000000000000e+00 1.000000000000000000e+00
8.857772350311279297e-01 0.000000000000000000e+00 0.000000000000000000e+00 1.000000000000000000e+00
8.960720300674438477e-01 0.000000000000000000e+00 0.000000000000000000e+00 1.000000000000000000e+00
9.063668847084045410e-01 0.000000000000000000e+00 0.000000000000000000e+00 1.000000000000000000e+00
9.166617393493652344e-01 0.000000000000000000e+00 0.000000000000000000e+00 1.000000000000000000e+00
9.269565939903259277e-01 0.000000000000000000e+00 0.000000000000000000e+00 1.000000000000000000e+00
9.372514486312866211e-01 0.000000000000000000e+00 0.000000000000000000e+00 1.000000000000000000e+00
9.475463032722473145e-01 0.000000000000000000e+00 0.000000000000000000e+00 1.000000000000000000e+00
9.578410983085632324e-01 0.000000000000000000e+00 0.000000000000000000e+00 1.000000000000000000e+00
9.681359529495239258e-01 0.000000000000000000e+00 0.000000000000000000e+00 1.000000000000000000e+00
9.784308075904846191e-01 0.000000000000000000e+00 0.000000000000000000e+00 1.000000000000000000e+00
9.887256622314453125e-01 0.000000000000000000e+00 0.000000000000000000e+00 1.000000000000000000e+00
9.990205168724060059e-01 0.000000000000000000e+00 0.000000000000000000e+00 1.000000000000000000e+00
1.000000000000000000e+00 9.314668364822864532e-03 0.000000000000000000e+00 1.000000000000000000e+00
1.000000000000000000e+00 1.960876956582069397e-02 0.000000000000000000e+00 1.000000000000000000e+00
1.000000000000000000e+00 2.990286983549594879e-02 0.000000000000000000e+00 1.000000000000000000e+00
1.000000000000000000e+00 4.019697010517120361e-02 0.000000000000000000e+00 1.000000000000000000e+00
1.000000000000000000e+00 5.049107223749160767e-02 0.000000000000000000e+00 1.000000000000000000e+00
1.000000000000000000e+00 6.078517436981201172e-02 0.000000000000000000e+00 1.000000000000000000e+00
1.000000000000000000e+00 7.107927650213241577e-02 0.000000000000000000e+00 1.000000000000000000e+00
1.000000000000000000e+00 8.137337863445281982e-02 0.000000000000000000e+00 1.000000000000000000e+00
1.000000000000000000e+00 9.166747331619262695e-02 0.000000000000000000e+00 1.000000000000000000e+00
1.000000000000000000e+00 1.019615754485130310e-01 0.000000000000000000e+00 1.000000000000000000e+00
1.000000000000000000e+00 1.122556775808334351e-01 0.000000000000000000e+00 1.000000000000000000e+00
1.000000000000000000e+00 1.225497797131538391e-01 0.000000000000000000e+00 1.000000000000000000e+00
1.000000000000000000e+00 1.328438818454742432e-01 0.000000000000000000e+00 1.000000000000000000e+00
1.000000000000000000e+00 1.431379765272140503e-01 0.000000000000000000e+00 1.000000000000000000e+00
1.000000000000000000e+00 1.534320861101150513e-01 0.000000000000000000e+00 1.000000000000000000e+00
1.000000000000000000e+00 1.637261807918548584e-01 0.000000000000000000e+00 1.000000000000000000e+00
1.000000000000000000e+00 1.740202903747558594e-01 0.000000000000000000e+00 1.000000000000000000e+00
1.000000000000000000e+00 1.843143850564956665e-01 0.000000000000000000e+00 1.000000000000000000e+00
1.000000000000000000e+00 1.946084797382354736e-01 0.000000000000000000e+00 1.000000000000000000e+00
1.000000000000000000e+00 2.049025893211364746e-01 0.000000000000000000e+00 1.000000000000000000e+00
1.000000000000000000e+00 2.151966840028762817e-01 0.000000000000000000e+00 1.000000000000000000e+00
1.000000000000000000e+00 2.254907935857772827e-01 0.000000000000000000e+00 1.000000000000000000e+00
1.000000000000000000e+00 2.357848882675170898e-01 0.000000000000000000e+00 1.000000000000000000e+00
1.000000000000000000e+00 2.460789829492568970e-01 0.000000000000000000e+00 1.000000000000000000e+00
1.000000000000000000e+00 2.563730776309967041e-01 0.000000000000000000e+00 1.000000000000000000e+00
1.000000000000000000e+00 2.666671872138977051e-01 0.000000000000000000e+00 1.000000000000000000e+00
1.000000000000000000e+00 2.769612967967987061e-01 0.000000000000000000e+00 1.000000000000000000e+00
1.000000000000000000e+00 2.872554063796997070e-01 0.000000000000000000e+00 1.000000000000000000e+00
1.000000000000000000e+00 2.975494861602783203e-01 0.000000000000000000e+00 1.000000000000000000e+00
1.000000000000000000e+00 3.078435957431793213e-01 0.000000000000000000e+00 1.000000000000000000e+00
1.000000000000000000e+00 3.181377053260803223e-01 0.000000000000000000e+00 1.000000000000000000e+00
1.000000000000000000e+00 3.284317851066589355e-01 0.000000000000000000e+00 1.000000000000000000e+00
1.000000000000000000e+00 3.387258946895599365e-01 0.000000000000000000e+00 1.000000000000000000e+00
1.000000000000000000e+00 3.490200042724609375e-01 0.000000000000000000e+00 1.000000000000000000e+00
1.000000000000000000e+00 3.593141138553619385e-01 0.000000000000000000e+00 1.000000000000000000e+00
1.000000000000000000e+00 3.696081936359405518e-01 0.000000000000000000e+00 1.000000000000000000e+00
1.000000000000000000e+00 3.799023032188415527e-01 0.000000000000000000e+00 1.000000000000000000e+00
1.000000000000000000e+00 3.901964128017425537e-01 0.000000000000000000e+00 1.000000000000000000e+00
1.000000000000000000e+00 4.004904925823211670e-01 0.000000000000000000e+00 1.000000000000000000e+00
1.000000000000000000e+00 4.107846021652221680e-01 0.000000000000000000e+00 1.000000000000000000e+00
1.000000000000000000e+00 4.210787117481231689e-01 0.000000000000000000e+00 1.000000000000000000e+00
1.000000000000000000e+00 4.313727915287017822e-01 0.000000000000000000e+00 1.000000000000000000e+00
1.000000000000000000e+00 4.416669011116027832e-01 0.000000000000000000e+00 1.000000000000000000e+00
1.000000000000000000e+00 4.519610106945037842e-01 0.000000000000000000e+00 1.000000000000000000e+00
1.000000000000000000e+00 4.622551202774047852e-01 0.000000000000000000e+00 1.000000000000000000e+00
1.000000000000000000e+00 4.725492000579833984e-01 0.000000000000000000e+00 1.000000000000000000e+00
1.000000000000000000e+00 4.828433096408843994e-01 0.000000000000000000e+00 1.000000000000000000e+00
1.000000000000000000e+00 4.931374192237854004e-01 0.000000000000000000e+00 1.000000000000000000e+00
1.000000000000000000e+00 5.034314990043640137e-01 0.000000000000000000e+00 1.000000000000000000e+00
1.000000000000000000e+00 5.137256383895874023e-01 0.000000000000000000e+00 1.000000000000000000e+00
1.000000000000000000e+00 5.240197181701660156e-01 0.000000000000000000e+00 1.000000000000000000e+00
1.000000000000000000e+00 5.343137979507446289e-01 0.000000000000000000e+00 1.000000000000000000e+00
1.000000000000000000e+00 5.446079373359680176e-01 0.000000000000000000e+00 1.000000000000000000e+00
1.000000000000000000e+00 5.549020171165466309e-01 0.000000000000000000e+00 1.000000000000000000e+00
1.000000000000000000e+00 5.651960968971252441e-01 0.000000000000000000e+00 1.000000000000000000e+00
1.000000000000000000e+00 5.754902362823486328e-01 0.000000000000000000e+00 1.000000000000000000e+00
1.000000000000000000e+00 5.857843160629272461e-01 0.000000000000000000e+00 1.000000000000000000e+00
1.000000000000000000e+00 5.960783958435058594e-01 0.000000000000000000e+00 1.000000000000000000e+00
1.000000000000000000e+00 6.063725352287292480e-01 0.000000000000000000e+00 1.000000000000000000e+00
1.000000000000000000e+00 6.166666150093078613e-01 0.000000000000000000e+00 1.000000000000000000e+00
1.000000000000000000e+00 6.269606947898864746e-01 0.000000000000000000e+00 1.000000000000000000e+00
1.000000000000000000e+00 6.372548341751098633e-01 0.000000000000000000e+00 1.000000000000000000e+00
1.000000000000000000e+00 6.475489139556884766e-01 0.000000000000000000e+00 1.000000000000000000e+00
1.000000000000000000e+00 6.578430533409118652e-01 0.000000000000000000e+00 1.000000000000000000e+00
1.000000000000000000e+00 6.681371331214904785e-01 0.000000000000000000e+00 1.000000000000000000e+00
1.000000000000000000e+00 6.784312129020690918e-01 0.000000000000000000e+00 1.000000000000000000e+00
1.000000000000000000e+00 6.887253522872924805e-01 0.000000000000000000e+00 1.000000000000000000e+00
1.000000000000000000e+00 6.990194320678710938e-01 0.000000000000000000e+00 1.000000000000000000e+00
1.000000000000000000e+00 7.093135118484497070e-01 0.000000000000000000e+00 1.000000000000000000e+00
1.000000000000000000e+00 7.196076512336730957e-01 0.000000000000000000e+00 1.000000000000000000e+00
1.000000000000000000e+00 7.299017310142517090e-01 0.000000000000000000e+00 1.000000000000000000e+00
1.000000000000000000e+00 7.401958107948303223e-01 0.000000000000000000e+00 1.000000000000000000e+00
1.000000000000000000e+00 7.504899501800537109e-01 0.000000000000000000e+00 1.000000000000000000e+00
1.000000000000000000e+00 7.607840299606323242e-01 0.000000000000000000e+00 1.000000000000000000e+00
1.000000000000000000e+00 7.710781097412109375e-01 0.000000000000000000e+00 1.000000000000000000e+00
1.000000000000000000e+00 7.813722491264343262e-01 0.000000000000000000e+00 1.000000000000000000e+00
1.000000000000000000e+00 7.916663289070129395e-01 0.000000000000000000e+00 1.000000000000000000e+00
1.000000000000000000e+00 8.019604682922363281e-01 0.000000000000000000e+00 1.000000000000000000e+00
1.000000000000000000e+00 8.122545480728149414e-01 0.000000000000000000e+00 1.000000000000000000e+00
1.000000000000000000e+00 8.225486278533935547e-01 0.000000000000000000e+00 1.000000000000000000e+00
1.000000000000000000e+00 8.328427672386169434e-01 0.000000000000000000e+00 1.000000000000000000e+00
1.000000000000000000e+00 8.431368470191955566e-01 0.000000000000000000e+00 1.000000000000000000e+00
1.000000000000000000e+00 8.534309267997741699e-01 0.000000000000000000e+00 1.000000000000000000e+00
1.000000000000000000e+00 8.637250661849975586e-01 0.000000000000000000e+00 1.000000000000000000e+00
1.000000000000000000e+00 8.740191459655761719e-01 0.000000000000000000e+00 1.000000000000000000e+00
1.000000000000000000e+00 8.843132257461547852e-01 0.000000000000000000e+00 1.000000000000000000e+00
1.000000000000000000e+00 8.946073651313781738e-01 0.000000000000000000e+00 1.000000000000000000e+00
1.000000000000000000e+00 9.049014449119567871e-01 0.000000000000000000e+00 1.000000000000000000e+00
1.000000000000000000e+00 9.151955246925354004e-01 0.000000000000000000e+00 1.000000000000000000e+00
1.000000000000000000e+00 9.254896640777587891e-01 0.000000000000000000e+00 1.000000000000000000e+00
1.000000000000000000e+00 9.357837438583374023e-01 0.000000000000000000e+00 1.000000000000000000e+00
1.000000000000000000e+00 9.460778236389160156e-01 0.000000000000000000e+00 1.000000000000000000e+00
1.000000000000000000e+00 9.563719630241394043e-01 0.000000000000000000e+00 1.000000000000000000e+00
1.000000000000000000e+00 9.666660428047180176e-01 0.000000000000000000e+00 1.000000000000000000e+00
1.000000000000000000e+00 9.769601821899414062e-01 0.000000000000000000e+00 1.000000000000000000e+00
1.000000000000000000e+00 9.872542619705200195e-01 0.000000000000000000e+00 1.000000000000000000e+00
1.000000000000000000e+00 9.975483417510986328e-01 0.000000000000000000e+00 1.000000000000000000e+00
1.000000000000000000e+00 1.000000000000000000e+00 1.176371797919273376e-02 1.000000000000000000e+00
1.000000000000000000e+00 1.000000000000000000e+00 2.720491029322147369e-02 1.000000000000000000e+00
1.000000000000000000e+00 1.000000000000000000e+00 4.264610260725021362e-02 1.000000000000000000e+00
1.000000000000000000e+00 1.000000000000000000e+00 5.808729305863380432e-02 1.000000000000000000e+00
1.000000000000000000e+00 1.000000000000000000e+00 7.352848351001739502e-02 1.000000000000000000e+00
1.000000000000000000e+00 1.000000000000000000e+00 8.896967768669128418e-02 1.000000000000000000e+00
1.000000000000000000e+00 1.000000000000000000e+00 1.044108718633651733e-01 1.000000000000000000e+00
1.000000000000000000e+00 1.000000000000000000e+00 1.198520585894584656e-01 1.000000000000000000e+00
1.000000000000000000e+00 1.000000000000000000e+00 1.352932602167129517e-01 1.000000000000000000e+00
1.000000000000000000e+00 1.000000000000000000e+00 1.507344394922256470e-01 1.000000000000000000e+00
1.000000000000000000e+00 1.000000000000000000e+00 1.661756336688995361e-01 1.000000000000000000e+00
1.000000000000000000e+00 1.000000000000000000e+00 1.816168278455734253e-01 1.000000000000000000e+00
1.000000000000000000e+00 1.000000000000000000e+00 1.970580220222473145e-01 1.000000000000000000e+00
1.000000000000000000e+00 1.000000000000000000e+00 2.124992161989212036e-01 1.000000000000000000e+00
1.000000000000000000e+00 1.000000000000000000e+00 2.279404103755950928e-01 1.000000000000000000e+00
1.000000000000000000e+00 1.000000000000000000e+00 2.433815896511077881e-01 1.000000000000000000e+00
1.000000000000000000e+00 1.000000000000000000e+00 2.588227987289428711e-01 1.000000000000000000e+00
1.000000000000000000e+00 1.000000000000000000e+00 2.742639780044555664e-01 1.000000000000000000e+00
1.000000000000000000e+00 1.000000000000000000e+00 2.897051572799682617e-01 1.000000000000000000e+00
1.000000000000000000e+00 1.000000000000000000e+00 3.051463663578033447e-01 1.000000000000000000e+00
1.000000000000000000e+00 1.000000000000000000e+00 3.205875456333160400e-01 1.000000000000000000e+00
1.000000000000000000e+00 1.000000000000000000e+00 3.360287547111511230e-01 1.000000000000000000e+00
1.000000000000000000e+00 1.000000000000000000e+00 3.514699339866638184e-01 1.000000000000000000e+00
1.000000000000000000e+00 1.000000000000000000e+00 3.669111430644989014e-01 1.000000000000000000e+00
1.000000000000000000e+00 1.000000000000000000e+00 3.823523223400115967e-01 1.000000000000000000e+00
1.000000000000000000e+00 1.000000000000000000e+00 3.977935016155242920e-01 1.000000000000000000e+00
1.000000000000000000e+00 1.000000000000000000e+00 4.132347106933593750e-01 1.000000000000000000e+00
1.000000000000000000e+00 1.000000000000000000e+00 4.286758899688720703e-01 1.000000000000000000e+00
1.000000000000000000e+00 1.000000000000000000e+00 4.441170990467071533e-01 1.000000000000000000e+00
1.000000000000000000e+00 1.000000000000000000e+00 4.595582783222198486e-01 1.000000000000000000e+00
1.000000000000000000e+00 1.000000000000000000e+00 4.749994874000549316e-01 1.000000000000000000e+00
1.000000000000000000e+00 1.000000000000000000e+00 4.904406666755676270e-01 1.000000000000000000e+00
1.000000000000000000e+00 1.000000000000000000e+00 5.058818459510803223e-01 1.000000000000000000e+00
1.000000000000000000e+00 1.000000000000000000e+00 5.213230252265930176e-01 1.000000000000000000e+00
1.000000000000000000e+00 1.000000000000000000e+00 5.367642641067504883e-01 1.000000000000000000e+00
1.000000000000000000e+00 1.000000000000000000e+00 5.522054433822631836e-01 1.000000000000000000e+00
1.000000000000000000e+00 1.000000000000000000e+00 5.676466226577758789e-01 1.000000000000000000e+00
1.000000000000000000e+00 1.000000000000000000e+00 5.830878019332885742e-01 1.000000000000000000e+00
1.000000000000000000e+00 1.000000000000000000e+00 5.985289812088012695e-01 1.000000000000000000e+00
1.000000000000000000e+00 1.000000000000000000e+00 6.139702200889587402e-01 1.000000000000000000e+00
1.000000000000000000e+00 1.000000000000000000e+00 6.294113993644714355e-01 1.000000000000000000e+00
1.000000000000000000e+00 1.000000000000000000e+00 6.448525786399841309e-01 1.000000000000000000e+00
1.000000000000000000e+00 1.000000000000000000e+00 6.602937579154968262e-01 1.000000000000000000e+00
1.000000000000000000e+00 1.000000000000000000e+00 6.757349967956542969e-01 1.000000000000000000e+00
1.000000000000000000e+00 1.000000000000000000e+00 6.911761760711669922e-01 1.000000000000000000e+00
1.000000000000000000e+00 1.000000000000000000e+00 7.066173553466796875e-01 1.000000000000000000e+00
1.000000000000000000e+00 1.000000000000000000e+00 7.220585346221923828e-01 1.000000000000000000e+00
1.000000000000000000e+00 1.000000000000000000e+00 7.374997138977050781e-01 1.000000000000000000e+00
1.000000000000000000e+00 1.000000000000000000e+00 7.529409527778625488e-01 1.000000000000000000e+00
1.000000000000000000e+00 1.000000000000000000e+00 7.683821320533752441e-01 1.000000000000000000e+00
1.000000000000000000e+00 1.000000000000000000e+00 7.838233113288879395e-01 1.000000000000000000e+00
1.000000000000000000e+00 1.000000000000000000e+00 7.992644906044006348e-01 1.000000000000000000e+00
1.000000000000000000e+00 1.000000000000000000e+00 8.147056698799133301e-01 1.000000000000000000e+00
1.000000000000000000e+00 1.000000000000000000e+00 8.301469087600708008e-01 1.000000000000000000e+00
1.000000000000000000e+00 1.000000000000000000e+00 8.455880880355834961e-01 1.000000000000000000e+00
1.000000000000000000e+00 1.000000000000000000e+00 8.610292673110961914e-01 1.000000000000000000e+00
1.000000000000000000e+00 1.000000000000000000e+00 8.764704465866088867e-01 1.000000000000000000e+00
1.000000000000000000e+00 1.000000000000000000e+00 8.919116854667663574e-01 1.000000000000000000e+00
1.000000000000000000e+00 1.000000000000000000e+00 9.073528647422790527e-01 1.000000000000000000e+00
1.000000000000000000e+00 1.000000000000000000e+00 9.227940440177917480e-01 1.000000000000000000e+00
1.000000000000000000e+00 1.000000000000000000e+00 9.382352232933044434e-01 1.000000000000000000e+00
1.000000000000000000e+00 1.000000000000000000e+00 9.536764025688171387e-01 1.000000000000000000e+00
1.000000000000000000e+00 1.000000000000000000e+00 9.691176414489746094e-01 1.000000000000000000e+00
1.000000000000000000e+00 1.000000000000000000e+00 9.845588207244873047e-01 1.000000000000000000e+00
1.000000000000000000e+00 1.000000000000000000e+00 1.000000000000000000e+00 1.000000000000000000e+00
