1.000000000000000000e+00 0.000000000000000000e+00 0.000000000000000000e+00 1.000000000000000000e+00
1.000000000000000000e+00 2.316178753972053528e-02 0.000000000000000000e+00 1.000000000000000000e+00
1.000000000000000000e+00 4.632357507944107056e-02 0.000000000000000000e+00 1.000000000000000000e+00
1.000000000000000000e+00 6.948536634445190430e-02 0.000000000000000000e+00 1.000000000000000000e+00
1.000000000000000000e+00 9.264715015888214111e-02 0.000000000000000000e+00 1.000000000000000000e+00
1.000000000000000000e+00 1.158089414238929749e-01 0.000000000000000000e+00 1.000000000000000000e+00
1.000000000000000000e+00 1.389707326889038086e-01 0.000000000000000000e+00 1.000000000000000000e+00
1.000000000000000000e+00 1.621325165033340454e-01 0.000000000000000000e+00 1.000000000000000000e+00
1.000000000000000000e+00 1.852943003177642822e-01 0.000000000000000000e+00 1.000000000000000000e+00
1.000000000000000000e+00 2.084560841321945190e-01 0.000000000000000000e+00 1.000000000000000000e+00
1.000000000000000000e+00 2.316178828477859497e-01 0.000000000000000000e+00 1.000000000000000000e+00
1.000000000000000000e+00 2.547796666622161865e-01 0.000000000000000000e+00 1.000000000000000000e+00
1.000000000000000000e+00 2.779414653778076172e-01 0.000000000000000000e+00 1.000000000000000000e+00
1.000000000000000000e+00 3.011032342910766602e-01 0.000000000000000000e+00 1.000000000000000000e+00
1.000000000000000000e+00 3.242650330066680908e-01 0.000000000000000000e+00 1.000000000000000000e+00
1.000000000000000000e+00 3.474268317222595215e-01 0.000000000000000000e+00 1.000000000000000000e+00
1.000000000000000000e+00 3.705886006355285645e-01 0.000000000000000000e+00 1.000000000000000000e+00
1.000000000000000000e+00 3.937503993511199951e-01 0.000000000000000000e+00 1.000000000000000000e+00
1.000000000000000000e+00 4.169121682643890381e-01 0.000000000000000000e+00 1.000000000000000000e+00
1.000000000000000000e+00 4.400739669799804688e-01 0.000000000000000000e+00 1.000000000000000000e+00
1.000000000000000000e+00 4.632357656955718994e-01 0.000000000000000000e+00 1.000000000000000000e+00
1.000000000000000000e+00 4.863975346088409424e-01 0.000000000000000000e+00 1.000000000000000000e+00
1.000000000000000000e+00 5.095593333244323730e-01 0.000000000000000000e+00 1.000000000000000000e+00
1.000000000000000000e+00 5.327211022377014160e-01 0.000000000000000000e+00 1.000000000000000000e+00
1.000000000000000000e+00 5.558829307556152344e-01 0.000000000000000000e+00 1.000000000000000000e+00
1.000000000000000000e+00 5.790446996688842773e-01 0.000000000000000000e+00 1.000000000000000000e+00
1.000000000000000000e+00 6.022064685821533203e-01 0.000000000000000000e+00 1.000000000000000000e+00
1.000000000000000000e+00 6.253682971000671387e-01 0.000000000000000000e+00 1.000000000000000000e+00
1.000000000000000000e+00 6.485300660133361816e-01 0.000000000000000000e+00 1.000000000000000000e+00
1.000000000000000000e+00 6.716918349266052246e-01 0.000000000000000000e+00 1.000000000000000000e+00
1.000000000000000000e+00 6.948536634445190430e-01 0.000000000000000000e+00 1.000000000000000000e+00
1.000000000000000000e+00 7.180154323577880859e-01 0.000000000000000000e+00 1.000000000000000000e+00
1.000000000000000000e+00 7.411772012710571289e-01 0.000000000000000000e+00 1.000000000000000000e+00
1.000000000000000000e+00 7.643389701843261719e-01 0.000000000000000000e+00 1.000000000000000000e+00
1.000000000000000000e+00 7.875007987022399902e-01 0.000000000000000000e+00 1.000000000000000000e+00
1.000000000000000000e+00 8.106625676155090332e-01 0.000000000000000000e+00 1.000000000000000000e+00
1.000000000000000000e+00 8.338243365287780762e-01 0.000000000000000000e+00 1.000000000000000000e+00
1.000000000000000000e+00 8.569861650466918945e-01 0.000000000000000000e+00 1.000000000000000000e+00
1.000000000000000000e+00 8.801479339599609375e-01 0.000000000000000000e+00 1.000000000000000000e+00
1.000000000000000000e+00 9.033097028732299805e-01 0.000000000000000000e+00 1.000000000000000000e+00
1.000000000000000000e+00 9.264715313911437988e-01 0.000000000000000000e+00 1.000000000000000000e+00
9.959555864334106445e-01 9.455888867378234863e-01 0.000000000000000000e+00 1.000000000000000000e+00
9.882349967956542969e-01 9.610300660133361816e-01 0.000000000000000000e+00 1.000000000000000000e+00
9.805143475532531738e-01 9.764712452888488770e-01 0.000000000000000000e+00 1.000000000000000000e+00
9.727937579154968262e-01 9.919124245643615723e-01 0.000000000000000000e+00 1.000000000000000000e+00
9.577195644378662109e-01 1.000000000000000000e+00 0.000000000000000000e+00 1.000000000000000000e+00
9.345577359199523926e-01 1.000000000000000000e+00 0.000000000000000000e+00 1.000000000000000000e+00
9.113959670066833496e-01 1.000000000000000000e+00 0.000000000000000000e+00 1.000000000000000000e+00
8.882341980934143066e-01 1.000000000000000000e+00 0.000000000000000000e+00 1.000000000000000000e+00
8.650723695755004883e-01 1.000000000000000000e+00 0.000000000000000000e+00 1.000000000000000000e+00
8.419106006622314453e-01 1.000000000000000000e+00 0.000000000000000000e+00 1.000000000000000000e+00
8.187488317489624023e-01 1.000000000000000000e+00 0.000000000000000000e+00 1.000000000000000000e+00
7.955870032310485840e-01 1.000000000000000000e+00 0.000000000000000000e+00 1.000000000000000000e+00
7.724252343177795410e-01 1.000000000000000000e+00 0.000000000000000000e+00 1.000000000000000000e+00
7.492634654045104980e-01 1.000000000000000000e+00 0.000000000000000000e+00 1.000000000000000000e+00
7.261016964912414551e-01 1.000000000000000000e+00 0.000000000000000000e+00 1.000000000000000000e+00
7.029398679733276367e-01 1.000000000000000000e+00 0.000000000000000000e+00 1.000000000000000000e+00
6.797780990600585938e-01 1.000000000000000000e+00 0.000000000000000000e+00 1.000000000000000000e+00
6.566163301467895508e-01 1.000000000000000000e+00 0.000000000000000000e+00 1.000000000000000000e+00
6.334545016288757324e-01 1.000000000000000000e+00 0.000000000000000000e+00 1.000000000000000000e+00
6.102927327156066895e-01 1.000000000000000000e+00 0.000000000000000000e+00 1.000000000000000000e+00
5.871309638023376465e-01 1.000000000000000000e+00 0.000000000000000000e+00 1.000000000000000000e+00
5.639691352844238281e-01 1.000000000000000000e+00 0.000000000000000000e+00 1.000000000000000000e+00
5.408073663711547852e-01 1.000000000000000000e+00 0.000000000000000000e+00 1.000000000000000000e+00
5.176455974578857422e-01 1.000000000000000000e+00 0.000000000000000000e+00 1.000000000000000000e+00
4.944837987422943115e-01 1.000000000000000000e+00 0.000000000000000000e+00 1.000000000000000000e+00
4.713220000267028809e-01 1.000000000000000000e+00 0.000000000000000000e+00 1.000000000000000000e+00
4.481602013111114502e-01 1.000000000000000000e+00 0.000000000000000000e+00 1.000000000000000000e+00
4.249984323978424072e-01 1.000000000000000000e+00 0.000000000000000000e+00 1.000000000000000000e+00
4.018366336822509766e-01 1.000000000000000000e+00 0.000000000000000000e+00 1.000000000000000000e+00
3.786748349666595459e-01 1.000000000000000000e+00 0.000000000000000000e+00 1.000000000000000000e+00
3.555130660533905029e-01 1.000000000000000000e+00 0.000000000000000000e+00 1.000000000000000000e+00
3.323512673377990723e-01 1.000000000000000000e+00 0.000000000000000000e+00 1.000000000000000000e+00
3.091894984245300293e-01 1.000000000000000000e+00 0.000000000000000000e+00 1.000000000000000000e+00
2.860276997089385986e-01 1.000000000000000000e+00 0.000000000000000000e+00 1.000000000000000000e+00
2.628659009933471680e-01 1.000000000000000000e+00 0.000000000000000000e+00 1.000000000000000000e+00
2.397041171789169312e-01 1.000000000000000000e+00 0.000000000000000000e+00 1.000000000000000000e+00
2.165423333644866943e-01 1.000000000000000000e+00 0.000000000000000000e+00 1.000000000000000000e+00
1.933805495500564575e-01 1.000000000000000000e+00 0.000000000000000000e+00 1.000000000000000000e+00
1.702187657356262207e-01 1.000000000000000000e+00 0.000000000000000000e+00 1.000000000000000000e+00
1.470569670200347900e-01 1.000000000000000000e+00 0.000000000000000000e+00 1.000000000000000000e+00
1.238951832056045532e-01 1.000000000000000000e+00 0.000000000000000000e+00 1.000000000000000000e+00
1.007333919405937195e-01 1.000000000000000000e+00 0.000000000000000000e+00 1.000000000000000000e+00
7.757160812616348267e-02 1.000000000000000000e+00 0.000000000000000000e+00 1.000000000000000000e+00
5.440982058644294739e-02 1.000000000000000000e+00 0.000000000000000000e+00 1.000000000000000000e+00
3.124934434890747070e-02 1.000000000000000000e+00 1.312501353822881356e-06 1.000000000000000000e+00
2.352874726057052612e-02 1.000000000000000000e+00 1.544250454753637314e-02 1.000000000000000000e+00
1.580815203487873077e-02 1.000000000000000000e+00 3.088369593024253845e-02 1.000000000000000000e+00
8.087555877864360809e-03 1.000000000000000000e+00 4.632488638162612915e-02 1.000000000000000000e+00
3.669599245768040419e-04 1.000000000000000000e+00 6.176608055830001831e-02 1.000000000000000000e+00
0.000000000000000000e+00 1.000000000000000000e+00 8.456076681613922119e-02 1.000000000000000000e+00
0.000000000000000000e+00 1.000000000000000000e+00 1.077224090695381165e-01 1.000000000000000000e+00
0.000000000000000000e+00 1.000000000000000000e+00 1.308840513229370117e-01 1.000000000000000000e+00
0.000000000000000000e+00 1.000000000000000000e+00 1.540457010269165039e-01 1.000000000000000000e+00
0.000000000000000000e+00 1.000000000000000000e+00 1.772073358297348022e-01 1.000000000000000000e+00
0.000000000000000000e+00 1.000000000000000000e+00 2.003689855337142944e-01 1.000000000000000000e+00
0.000000000000000000e+00 1.000000000000000000e+00 2.235306203365325928e-01 1.000000000000000000e+00
0.000000000000000000e+00 1.000000000000000000e+00 2.466922700405120850e-01 1.000000000000000000e+00
0.000000000000000000e+00 1.000000000000000000e+00 2.698538899421691895e-01 1.000000000000000000e+00
0.000000000000000000e+00 1.000000000000000000e+00 2.930155396461486816e-01 1.000000000000000000e+00
0.000000000000000000e+00 1.000000000000000000e+00 3.161771893501281738e-01 1.000000000000000000e+00
0.000000000000000000e+00 1.000000000000000000e+00 3.393388390541076660e-01 1.000000000000000000e+00
0.000000000000000000e+00 1.000000000000000000e+00 3.625004589557647705e-01 1.000000000000000000e+00
0.000000000000000000e+00 1.000000000000000000e+00 3.856621086597442627e-01 1.000000000000000000e+00
0.000000000000000000e+00 1.000000000000000000e+00 4.088237583637237549e-01 1.000000000000000000e+00
0.000000000000000000e+00 1.000000000000000000e+00 4.319854080677032471e-01 1.000000000000000000e+00
0.000000000000000000e+00 1.000000000000000000e+00 4.551470279693603516e-01 1.000000000000000000e+00
0.000000000000000000e+00 1.000000000000000000e+00 4.783086776733398438e-01 1.000000000000000000e+00
0.000000000000000000e+00 1.000000000000000000e+00 5.014703273773193359e-01 1.000000000000000000e+00
0.000000000000000000e+00 1.000000000000000000e+00 5.246319770812988281e-01 1.000000000000000000e+00
0.000000000000000000e+00 1.000000000000000000e+00 5.477936267852783203e-01 1.000000000000000000e+00
0.000000000000000000e+00 1.000000000000000000e+00 5.709552764892578125e-01 1.000000000000000000e+00
0.000000000000000000e+00 1.000000000000000000e+00 5.941168665885925293e-01 1.000000000000000000e+00
0.000000000000000000e+00 1.000000000000000000e+00 6.172785162925720215e-01 1.000000000000000000e+00
0.000000000000000000e+00 1.000000000000000000e+00 6.404401659965515137e-01 1.000000000000000000e+00
0.000000000000000000e+00 1.000000000000000000e+00 6.636018157005310059e-01 1.000000000000000000e+00
0.000000000000000000e+00 1.000000000000000000e+00 6.867634654045104980e-01 1.000000000000000000e+00
0.000000000000000000e+00 1.000000000000000000e+00 7.099251151084899902e-01 1.000000000000000000e+00
0.000000000000000000e+00 1.000000000000000000e+00 7.330867648124694824e-01 1.000000000000000000e+00
0.000000000000000000e+00 1.000000000000000000e+00 7.562484145164489746e-01 1.000000000000000000e+00
0.000000000000000000e+00 1.000000000000000000e+00 7.794100046157836914e-01 1.000000000000000000e+00
0.000000000000000000e+00 1.000000000000000000e+00 8.025716543197631836e-01 1.000000000000000000e+00
0.000000000000000000e+00 1.000000000000000000e+00 8.257333040237426758e-01 1.000000000000000000e+00
0.000000000000000000e+00 1.000000000000000000e+00 8.488949537277221680e-01 1.000000000000000000e+00
0.000000000000000000e+00 1.000000000000000000e+00 8.720566034317016602e-01 1.000000000000000000e+00
0.000000000000000000e+00 1.000000000000000000e+00 8.952182531356811523e-01 1.000000000000000000e+00
0.000000000000000000e+00 1.000000000000000000e+00 9.183799028396606445e-01 1.000000000000000000e+00
0.000000000000000000e+00 1.000000000000000000e+00 9.415414929389953613e-01 1.000000000000000000e+00
0.000000000000000000e+00 1.000000000000000000e+00 9.647031426429748535e-01 1.000000000000000000e+00
0.000000000000000000e+00 1.000000000000000000e+00 9.878647923469543457e-01 1.000000000000000000e+00
0.000000000000000000e+00 9.889734983444213867e-01 1.000000000000000000e+00 1.000000000000000000e+00
0.000000000000000000e+00 9.658116698265075684e-01 1.000000000000000000e+00 1.000000000000000000e+00
0.000000000000000000e+00 9.426499009132385254e-01 1.000000000000000000e+00 1.000000000000000000e+00
0.000000000000000000e+00 9.194881319999694824e-01 1.000000000000000000e+00 1.000000000000000000e+00
0.000000000000000000e+00 8.963263034820556641e-01 1.000000000000000000e+00 1.000000000000000000e+00
0.000000000000000000e+00 8.731645345687866211e-01 1.000000000000000000e+00 1.000000000000000000e+00
0.000000000000000000e+00 8.500027656555175781e-01 1.000000000000000000e+00 1.000000000000000000e+00
0.000000000000000000e+00 8.268409967422485352e-01 1.000000000000000000e+00 1.000000000000000000e+00
0.000000000000000000e+00 8.036791682243347168e-01 1.000000000000000000e+00 1.000000000000000000e+00
0.000000000000000000e+00 7.805173993110656738e-01 1.000000000000000000e+00 1.000000000000000000e+00
0.000000000000000000e+00 7.573556303977966309e-01 1.000000000000000000e+00 1.000000000000000000e+00
0.000000000000000000e+00 7.341938018798828125e-01 1.000000000000000000e+00 1.000000000000000000e+00
0.000000000000000000e+00 7.110320329666137695e-01 1.000000000000000000e+00 1.000000000000000000e+00
0.000000000000000000e+00 6.878702640533447266e-01 1.000000000000000000e+00 1.000000000000000000e+00
0.000000000000000000e+00 6.647084355354309082e-01 1.000000000000000000e+00 1.000000000000000000e+00
0.000000000000000000e+00 6.415466666221618652e-01 1.000000000000000000e+00 1.000000000000000000e+00
0.000000000000000000e+00 6.183848977088928223e-01 1.000000000000000000e+00 1.000000000000000000e+00
0.000000000000000000e+00 5.952230691909790039e-01 1.000000000000000000e+00 1.000000000000000000e+00
0.000000000000000000e+00 5.720613002777099609e-01 1.000000000000000000e+00 1.000000000000000000e+00
0.000000000000000000e+00 5.488995313644409180e-01 1.000000000000000000e+00 1.000000000000000000e+00
0.000000000000000000e+00 5.257377028465270996e-01 1.000000000000000000e+00 1.000000000000000000e+00
0.000000000000000000e+00 5.025759339332580566e-01 1.000000000000000000e+00 1.000000000000000000e+00
0.000000000000000000e+00 4.794141650199890137e-01 1.000000000000000000e+00 1.000000000000000000e+00
0.000000000000000000e+00 4.562523663043975830e-01 1.000000000000000000e+00 1.000000000000000000e+00
0.000000000000000000e+00 4.330905675888061523e-01 1.000000000000000000e+00 1.000000000000000000e+00
0.000000000000000000e+00 4.099287986755371094e-01 1.000000000000000000e+00 1.000000000000000000e+00
0.000000000000000000e+00 3.867669999599456787e-01 1.000000000000000000e+00 1.000000000000000000e+00
0.000000000000000000e+00 3.636052012443542480e-01 1.000000000000000000e+00 1.000000000000000000e+00
0.000000000000000000e+00 3.404434323310852051e-01 1.000000000000000000e+00 1.000000000000000000e+00
0.000000000000000000e+00 3.172816336154937744e-01 1.000000000000000000e+00 1.000000000000000000e+00
0.000000000000000000e+00 2.941198348999023438e-01 1.000000000000000000e+00 1.000000000000000000e+00
0.000000000000000000e+00 2.709580659866333008e-01 1.000000000000000000e+00 1.000000000000000000e+00
0.000000000000000000e+00 2.477962672710418701e-01 1.000000000000000000e+00 1.000000000000000000e+00
0.000000000000000000e+00 2.246344834566116333e-01 1.000000000000000000e+00 1.000000000000000000e+00
0.000000000000000000e+00 2.014726996421813965e-01 1.000000000000000000e+00 1.000000000000000000e+00
0.000000000000000000e+00 1.783109009265899658e-01 1.000000000000000000e+00 1.000000000000000000e+00
0.000000000000000000e+00 1.551491171121597290e-01 1.000000000000000000e+00 1.000000000000000000e+00
0.000000000000000000e+00 1.319873332977294922e-01 1.000000000000000000e+00 1.000000000000000000e+00
0.000000000000000000e+00 1.088255420327186584e-01 1.000000000000000000e+00 1.000000000000000000e+00
0.000000000000000000e+00 8.566375821828842163e-02 1.000000000000000000e+00 1.000000000000000000e+00
0.000000000000000000e+00 6.250196695327758789e-02 1.000000000000000000e+00 1.000000000000000000e+00
7.719939574599266052e-03 4.706012085080146790e-02 1.000000000000000000e+00 1.000000000000000000e+00
1.544053573161363602e-02 3.161893039941787720e-02 1.000000000000000000e+00 1.000000000000000000e+00
2.316113188862800598e-02 1.617773622274398804e-02 1.000000000000000000e+00 1.000000000000000000e+00
3.088172711431980133e-02 7.365448400378227234e-04 1.000000000000000000e+00 1.000000000000000000e+00
5.330697074532508850e-02 0.000000000000000000e+00 1.000000000000000000e+00 1.000000000000000000e+00
7.646875828504562378e-02 0.000000000000000000e+00 1.000000000000000000e+00 1.000000000000000000e+00
9.963054955005645752e-02 0.000000000000000000e+00 1.000000000000000000e+00 1.000000000000000000e+00
1.227923333644866943e-01 0.000000000000000000e+00 1.000000000000000000e+00 1.000000000000000000e+00
1.459541171789169312e-01 0.000000000000000000e+00 1.000000000000000000e+00 1.000000000000000000e+00
1.691159158945083618e-01 0.000000000000000000e+00 1.000000000000000000e+00 1.000000000000000000e+00
1.922776997089385986e-01 0.000000000000000000e+00 1.000000000000000000e+00 1.000000000000000000e+00
2.154394835233688354e-01 0.000000000000000000e+00 1.000000000000000000e+00 1.000000000000000000e+00
2.386012673377990723e-01 0.000000000000000000e+00 1.000000000000000000e+00 1.000000000000000000e+00
2.617630660533905029e-01 0.000000000000000000e+00 1.000000000000000000e+00 1.000000000000000000e+00
2.849248349666595459e-01 0.000000000000000000e+00 1.000000000000000000e+00 1.000000000000000000e+00
3.080866336822509766e-01 0.000000000000000000e+00 1.000000000000000000e+00 1.000000000000000000e+00
3.312484323978424072e-01 0.000000000000000000e+00 1.000000000000000000e+00 1.000000000000000000e+00
3.544102013111114502e-01 0.000000000000000000e+00 1.000000000000000000e+00 1.000000000000000000e+00
3.775720000267028809e-01 0.000000000000000000e+00 1.000000000000000000e+00 1.000000000000000000e+00
4.007337987422943115e-01 0.000000000000000000e+00 1.000000000000000000e+00 1.000000000000000000e+00
4.238955676555633545e-01 0.000000000000000000e+00 1.000000000000000000e+00 1.000000000000000000e+00
4.470573663711547852e-01 0.000000000000000000e+00 1.000000000000000000e+00 1.000000000000000000e+00
4.702191650867462158e-01 0.000000000000000000e+00 1.000000000000000000e+00 1.000000000000000000e+00
4.933809340000152588e-01 0.000000000000000000e+00 1.000000000000000000e+00 1.000000000000000000e+00
5.165427327156066895e-01 0.000000000000000000e+00 1.000000000000000000e+00 1.000000000000000000e+00
5.397045016288757324e-01 0.000000000000000000e+00 1.000000000000000000e+00 1.000000000000000000e+00
5.628663301467895508e-01 0.000000000000000000e+00 1.000000000000000000e+00 1.000000000000000000e+00
5.860280990600585938e-01 0.000000000000000000e+00 1.000000000000000000e+00 1.000000000000000000e+00
6.091898679733276367e-01 0.000000000000000000e+00 1.000000000000000000e+00 1.000000000000000000e+00
6.323516964912414551e-01 0.000000000000000000e+00 1.000000000000000000e+00 1.000000000000000000e+00
6.555134654045104980e-01 0.000000000000000000e+00 1.000000000000000000e+00 1.000000000000000000e+00
6.786752343177795410e-01 0.000000000000000000e+00 1.000000000000000000e+00 1.000000000000000000e+00
7.018370032310485840e-01 0.000000000000000000e+00 1.000000000000000000e+00 1.000000000000000000e+00
7.249988317489624023e-01 0.000000000000000000e+00 1.000000000000000000e+00 1.000000000000000000e+00
7.481606006622314453e-01 0.000000000000000000e+00 1.000000000000000000e+00 1.000000000000000000e+00
7.713223695755004883e-01 0.000000000000000000e+00 1.000000000000000000e+00 1.000000000000000000e+00
7.944841980934143066e-01 0.000000000000000000e+00 1.000000000000000000e+00 1.000000000000000000e+00
8.176459670066833496e-01 0.000000000000000000e+00 1.000000000000000000e+00 1.000000000000000000e+00
8.408077359199523926e-01 0.000000000000000000e+00 1.000000000000000000e+00 1.000000000000000000e+00
8.639695644378662109e-01 0.000000000000000000e+00 1.000000000000000000e+00 1.000000000000000000e+00
8.871313333511352539e-01 0.000000000000000000e+00 1.000000000000000000e+00 1.000000000000000000e+00
9.102931022644042969e-01 0.000000000000000000e+00 1.000000000000000000e+00 1.000000000000000000e+00
9.334549307823181152e-01 0.000000000000000000e+00 1.000000000000000000e+00 1.000000000000000000e+00
9.566166996955871582e-01 0.000000000000000000e+00 1.000000000000000000e+00 1.000000000000000000e+00
9.724261760711669922e-01 0.000000000000000000e+00 9.926476478576660156e-01 1.000000000000000000e+00
9.801467657089233398e-01 0.000000000000000000e+00 9.772064685821533203e-01 1.000000000000000000e+00
9.878673553466796875e-01 0.000000000000000000e+00 9.617652893066406250e-01 1.000000000000000000e+00
9.955879449844360352e-01 0.000000000000000000e+00 9.463241100311279297e-01 1.000000000000000000e+00
1.000000000000000000e+00 0.000000000000000000e+00 9.275743365287780762e-01 1.000000000000000000e+00
1.000000000000000000e+00 0.000000000000000000e+00 9.044125676155090332e-01 1.000000000000000000e+00
1.000000000000000000e+00 0.000000000000000000e+00 8.812507987022399902e-01 1.000000000000000000e+00
1.000000000000000000e+00 0.000000000000000000e+00 8.580889701843261719e-01 1.000000000000000000e+00
1.000000000000000000e+00 0.000000000000000000e+00 8.349272012710571289e-01 1.000000000000000000e+00
1.000000000000000000e+00 0.000000000000000000e+00 8.117654323577880859e-01 1.000000000000000000e+00
1.000000000000000000e+00 0.000000000000000000e+00 7.886036634445190430e-01 1.000000000000000000e+00
1.000000000000000000e+00 0.000000000000000000e+00 7.654418349266052246e-01 1.000000000000000000e+00
1.000000000000000000e+00 0.000000000000000000e+00 7.422800660133361816e-01 1.000000000000000000e+00
1.000000000000000000e+00 0.000000000000000000e+00 7.191182971000671387e-01 1.000000000000000000e+00
1.000000000000000000e+00 0.000000000000000000e+00 6.959564685821533203e-01 1.000000000000000000e+00
1.000000000000000000e+00 0.000000000000000000e+00 6.727946996688842773e-01 1.000000000000000000e+00
1.000000000000000000e+00 0.000000000000000000e+00 6.496329307556152344e-01 1.000000000000000000e+00
1.000000000000000000e+00 0.000000000000000000e+00 6.264711022377014160e-01 1.000000000000000000e+00
1.000000000000000000e+00 0.000000000000000000e+00 6.033093333244323730e-01 1.000000000000000000e+00
1.000000000000000000e+00 0.000000000000000000e+00 5.801475644111633301e-01 1.000000000000000000e+00
1.000000000000000000e+00 0.000000000000000000e+00 5.569857358932495117e-01 1.000000000000000000e+00
1.000000000000000000e+00 0.000000000000000000e+00 5.338239669799804688e-01 1.000000000000000000e+00
1.000000000000000000e+00 0.000000000000000000e+00 5.106621980667114258e-01 1.000000000000000000e+00
1.000000000000000000e+00 0.000000000000000000e+00 4.875003993511199951e-01 1.000000000000000000e+00
1.000000000000000000e+00 0.000000000000000000e+00 4.643386006355285645e-01 1.000000000000000000e+00
1.000000000000000000e+00 0.000000000000000000e+00 4.411768317222595215e-01 1.000000000000000000e+00
1.000000000000000000e+00 0.000000000000000000e+00 4.180150330066680908e-01 1.000000000000000000e+00
1.000000000000000000e+00 0.000000000000000000e+00 3.948532342910766602e-01 1.000000000000000000e+00
1.000000000000000000e+00 0.000000000000000000e+00 3.716914653778076172e-01 1.000000000000000000e+00
1.000000000000000000e+00 0.000000000000000000e+00 3.485296666622161865e-01 1.000000000000000000e+00
1.000000000000000000e+00 0.000000000000000000e+00 3.253678679466247559e-01 1.000000000000000000e+00
1.000000000000000000e+00 0.000000000000000000e+00 3.022060990333557129e-01 1.000000000000000000e+00
1.000000000000000000e+00 0.000000000000000000e+00 2.790443003177642822e-01 1.000000000000000000e+00
1.000000000000000000e+00 0.000000000000000000e+00 2.558825016021728516e-01 1.000000000000000000e+00
1.000000000000000000e+00 0.000000000000000000e+00 2.327207326889038086e-01 1.000000000000000000e+00
1.000000000000000000e+00 0.000000000000000000e+00 2.095589339733123779e-01 1.000000000000000000e+00
1.000000000000000000e+00 0.000000000000000000e+00 1.863971501588821411e-01 1.000000000000000000e+00
1.000000000000000000e+00 0.000000000000000000e+00 1.632353663444519043e-01 1.000000000000000000e+00
1.000000000000000000e+00 0.000000000000000000e+00 1.400735825300216675e-01 1.000000000000000000e+00
1.000000000000000000e+00 0.000000000000000000e+00 1.169117912650108337e-01 1.000000000000000000e+00
1.000000000000000000e+00 0.000000000000000000e+00 9.375000000000000000e-02 1.000000000000000000e+00
