0.000000000000000000e+00 0.000000000000000000e+00 5.000000000000000000e-01 1.000000000000000000e+00
0.000000000000000000e+00 0.000000000000000000e+00 5.178253054618835449e-01 1.000000000000000000e+00
0.000000000000000000e+00 0.000000000000000000e+00 5.356506109237670898e-01 1.000000000000000000e+00
0.000000000000000000e+00 0.000000000000000000e+00 5.534759163856506348e-01 1.000000000000000000e+00
0.000000000000000000e+00 0.000000000000000000e+00 5.713012218475341797e-01 1.000000000000000000e+00
0.000000000000000000e+00 0.000000000000000000e+00 5.891265869140625000e-01 1.000000000000000000e+00
0.000000000000000000e+00 0.000000000000000000e+00 6.069518923759460449e-01 1.000000000000000000e+00
0.000000000000000000e+00 0.000000000000000000e+00 6.247771978378295898e-01 1.000000000000000000e+00
0.000000000000000000e+00 0.000000000000000000e+00 6.426025032997131348e-01 1.000000000000000000e+00
0.000000000000000000e+00 0.000000000000000000e+00 6.604278087615966797e-01 1.000000000000000000e+00
0.000000000000000000e+00 0.000000000000000000e+00 6.782531142234802246e-01 1.000000000000000000e+00
0.000000000000000000e+00 0.000000000000000000e+00 6.960784196853637695e-01 1.000000000000000000e+00
0.000000000000000000e+00 0.000000000000000000e+00 7.139037251472473145e-01 1.000000000000000000e+00
0.000000000000000000e+00 0.000000000000000000e+00 7.317290306091308594e-01 1.000000000000000000e+00
0.000000000000000000e+00 0.000000000000000000e+00 7.495543956756591797e-01 1.000000000000000000e+00
0.000000000000000000e+00 0.000000000000000000e+00 7.673797011375427246e-01 1.000000000000000000e+00
0.000000000000000000e+00 0.000000000000000000e+00 7.852050065994262695e-01 1.000000000000000000e+00
0.000000000000000000e+00 0.000000000000000000e+00 8.030303120613098145e-01 1.000000000000000000e+00
0.000000000000000000e+00 0.000000000000000000e+00 8.208556175231933594e-01 1.000000000000000000e+00
0.000000000000000000e+00 0.000000000000000000e+00 8.386809229850769043e-01 1.000000000000000000e+00
0.000000000000000000e+00 0.000000000000000000e+00 8.565062284469604492e-01 1.000000000000000000e+00
0.000000000000000000e+00 0.000000000000000000e+00 8.743315339088439941e-01 1.000000000000000000e+00
0.000000000000000000e+00 0.000000000000000000e+00 8.921568393707275391e-01 1.000000000000000000e+00
0.000000000000000000e+00 0.000000000000000000e+00 9.099822044372558594e-01 1.000000000000000000e+00
0.000000000000000000e+00 0.000000000000000000e+00 9.278075098991394043e-01 1.000000000000000000e+00
0.000000000000000000e+00 0.000000000000000000e+00 9.456328153610229492e-01 1.000000000000000000e+00
0.000000000000000000e+00 0.000000000000000000e+00 9.634581208229064941e-01 1.000000000000000000e+00
0.000000000000000000e+00 0.000000000000000000e+00 9.812834262847900391e-01 1.000000000000000000e+00
0.000000000000000000e+00 0.000000000000000000e+00 9.991087317466735840e-01 1.000000000000000000e+00
0.000000000000000000e+00 0.000000000000000000e+00 1.000000000000000000e+00 1.000000000000000000e+00
0.000000000000000000e+00 0.000000000000000000e+00 1.000000000000000000e+00 1.000000000000000000e+00
0.000000000000000000e+00 0.000000000000000000e+00 1.000000000000000000e+00 1.000000000000000000e+00
0.000000000000000000e+00 1.960784429684281349e-03 1.000000000000000000e+00 1.000000000000000000e+00
0.000000000000000000e+00 1.764705963432788849e-02 1.000000000000000000e+00 1.000000000000000000e+00
0.000000000000000000e+00 3.333333507180213928e-02 1.000000000000000000e+00 1.000000000000000000e+00
0.000000000000000000e+00 4.901960864663124084e-02 1.000000000000000000e+00 1.000000000000000000e+00
0.000000000000000000e+00 6.470588594675064087e-02 1.000000000000000000e+00 1.000000000000000000e+00
0.000000000000000000e+00 8.039215952157974243e-02 1.000000000000000000e+00 1.000000000000000000e+00
0.000000000000000000e+00 9.607843309640884399e-02 1.000000000000000000e+00 1.000000000000000000e+00
0.000000000000000000e+00 1.117647066712379456e-01 1.000000000000000000e+00 1.000000000000000000e+00
0.000000000000000000e+00 1.274509876966476440e-01 1.000000000000000000e+00 1.000000000000000000e+00
0.000000000000000000e+00 1.431372612714767456e-01 1.000000000000000000e+00 1.000000000000000000e+00
0.000000000000000000e+00 1.588235348463058472e-01 1.000000000000000000e+00 1.000000000000000000e+00
0.000000000000000000e+00 1.745098084211349487e-01 1.000000000000000000e+00 1.000000000000000000e+00
0.000000000000000000e+00 1.901960819959640503e-01 1.000000000000000000e+00 1.000000000000000000e+00
0.000000000000000000e+00 2.058823555707931519e-01 1.000000000000000000e+00 1.000000000000000000e+00
0.000000000000000000e+00 2.215686291456222534e-01 1.000000000000000000e+00 1.000000000000000000e+00
0.000000000000000000e+00 2.372549027204513550e-01 1.000000000000000000e+00 1.000000000000000000e+00
0.000000000000000000e+00 2.529411911964416504e-01 1.000000000000000000e+00 1.000000000000000000e+00
0.000000000000000000e+00 2.686274647712707520e-01 1.000000000000000000e+00 1.000000000000000000e+00
0.000000000000000000e+00 2.843137383460998535e-01 1.000000000000000000e+00 1.000000000000000000e+00
0.000000000000000000e+00 3.000000119209289551e-01 1.000000000000000000e+00 1.000000000000000000e+00
0.000000000000000000e+00 3.156862854957580566e-01 1.000000000000000000e+00 1.000000000000000000e+00
0.000000000000000000e+00 3.313725590705871582e-01 1.000000000000000000e+00 1.000000000000000000e+00
0.000000000000000000e+00 3.470588326454162598e-01 1.000000000000000000e+00 1.000000000000000000e+00
0.000000000000000000e+00 3.627451062202453613e-01 1.000000000000000000e+00 1.000000000000000000e+00
0.000000000000000000e+00 3.784313797950744629e-01 1.000000000000000000e+00 1.000000000000000000e+00
0.000000000000000000e+00 3.941176533699035645e-01 1.000000000000000000e+00 1.000000000000000000e+00
0.000000000000000000e+00 4.098039269447326660e-01 1.000000000000000000e+00 1.000000000000000000e+00
0.000000000000000000e+00 4.254902005195617676e-01 1.000000000000000000e+00 1.000000000000000000e+00
0.000000000000000000e+00 4.411764740943908691e-01 1.000000000000000000e+00 1.000000000000000000e+00
0.000000000000000000e+00 4.568627476692199707e-01 1.000000000000000000e+00 1.000000000000000000e+00
0.000000000000000000e+00 4.725490212440490723e-01 1.000000000000000000e+00 1.000000000000000000e+00
0.000000000000000000e+00 4.882352948188781738e-01 1.000000000000000000e+00 1.000000000000000000e+00
0.000000000000000000e+00 5.039215683937072754e-01 1.000000000000000000e+00 1.000000000000000000e+00
0.000000000000000000e+00 5.196078419685363770e-01 1.000000000000000000e+00 1.000000000000000000e+00
0.000000000000000000e+00 5.352941155433654785e-01 1.000000000000000000e+00 1.000000000000000000e+00
0.000000000000000000e+00 5.509803891181945801e-01 1.000000000000000000e+00 1.000000000000000000e+00
0.000000000000000000e+00 5.666666626930236816e-01 1.000000000000000000e+00 1.000000000000000000e+00
0.000000000000000000e+00 5.823529362678527832e-01 1.000000000000000000e+00 1.000000000000000000e+00
0.000000000000000000e+00 5.980392098426818848e-01 1.000000000000000000e+00 1.000000000000000000e+00
0.000000000000000000e+00 6.137254834175109863e-01 1.000000000000000000e+00 1.000000000000000000e+00
0.000000000000000000e+00 6.294117569923400879e-01 1.000000000000000000e+00 1.000000000000000000e+00
0.000000000000000000e+00 6.450980305671691895e-01 1.000000000000000000e+00 1.000000000000000000e+00
0.000000000000000000e+00 6.607843041419982910e-01 1.000000000000000000e+00 1.000000000000000000e+00
0.000000000000000000e+00 6.764705777168273926e-01 1.000000000000000000e+00 1.000000000000000000e+00
0.000000000000000000e+00 6.921568512916564941e-01 1.000000000000000000e+00 1.000000000000000000e+00
0.000000000000000000e+00 7.078431248664855957e-01 1.000000000000000000e+00 1.000000000000000000e+00
0.000000000000000000e+00 7.235293984413146973e-01 1.000000000000000000e+00 1.000000000000000000e+00
0.000000000000000000e+00 7.392156720161437988e-01 1.000000000000000000e+00 1.000000000000000000e+00
0.000000000000000000e+00 7.549019455909729004e-01 1.000000000000000000e+00 1.000000000000000000e+00
0.000000000000000000e+00 7.705882191658020020e-01 1.000000000000000000e+00 1.000000000000000000e+00
0.000000000000000000e+00 7.862744927406311035e-01 1.000000000000000000e+00 1.000000000000000000e+00
0.000000000000000000e+00 8.019607663154602051e-01 1.000000000000000000e+00 1.000000000000000000e+00
0.000000000000000000e+00 8.176470398902893066e-01 1.000000000000000000e+00 1.000000000000000000e+00
0.000000000000000000e+00 8.333333134651184082e-01 1.000000000000000000e+00 1.000000000000000000e+00
0.000000000000000000e+00 8.490195870399475098e-01 1.000000000000000000e+00 1.000000000000000000e+00
0.000000000000000000e+00 8.647058606147766113e-01 9.962049126625061035e-01 1.000000000000000000e+00
0.000000000000000000e+00 8.803921341896057129e-01 9.835547208786010742e-01 1.000000000000000000e+00
0.000000000000000000e+00 8.960784077644348145e-01 9.709044694900512695e-01 1.000000000000000000e+00
9.487666189670562744e-03 9.117646813392639160e-01 9.582542777061462402e-01 1.000000000000000000e+00
2.213788777589797974e-02 9.274509549140930176e-01 9.456040263175964355e-01 1.000000000000000000e+00
3.478810936212539673e-02 9.431372284889221191e-01 9.329538345336914062e-01 1.000000000000000000e+00
4.743833094835281372e-02 9.588235020637512207e-01 9.203035831451416016e-01 1.000000000000000000e+00
6.008855253458023071e-02 9.745097756385803223e-01 9.076533913612365723e-01 1.000000000000000000e+00
7.273877412080764771e-02 9.901960492134094238e-01 8.950031399726867676e-01 1.000000000000000000e+00
8.538899570703506470e-02 1.000000000000000000e+00 8.823529481887817383e-01 1.000000000000000000e+00
9.803921729326248169e-02 1.000000000000000000e+00 8.697026968002319336e-01 1.000000000000000000e+00
1.106894388794898987e-01 1.000000000000000000e+00 8.570525050163269043e-01 1.000000000000000000e+00
1.233396604657173157e-01 1.000000000000000000e+00 8.444022536277770996e-01 1.000000000000000000e+00
1.359898746013641357e-01 1.000000000000000000e+00 8.317520618438720703e-01 1.000000000000000000e+00
1.486400961875915527e-01 1.000000000000000000e+00 8.191018104553222656e-01 1.000000000000000000e+00
1.612903177738189697e-01 1.000000000000000000e+00 8.064516186714172363e-01 1.000000000000000000e+00
1.739405393600463867e-01 1.000000000000000000e+00 7.938013672828674316e-01 1.000000000000000000e+00
1.865907609462738037e-01 1.000000000000000000e+00 7.811511754989624023e-01 1.000000000000000000e+00
1.992409825325012207e-01 1.000000000000000000e+00 7.685009241104125977e-01 1.000000000000000000e+00
2.118912041187286377e-01 1.000000000000000000e+00 7.558507323265075684e-01 1.000000000000000000e+00
2.245414257049560547e-01 1.000000000000000000e+00 7.432004809379577637e-01 1.000000000000000000e+00
2.371916472911834717e-01 1.000000000000000000e+00 7.305502891540527344e-01 1.000000000000000000e+00
2.498418688774108887e-01 1.000000000000000000e+00 7.179000377655029297e-01 1.000000000000000000e+00
2.624920904636383057e-01 1.000000000000000000e+00 7.052498459815979004e-01 1.000000000000000000e+00
2.751423120498657227e-01 1.000000000000000000e+00 6.925995945930480957e-01 1.000000000000000000e+00
2.877925336360931396e-01 1.000000000000000000e+00 6.799494028091430664e-01 1.000000000000000000e+00
3.004427552223205566e-01 1.000000000000000000e+00 6.672991514205932617e-01 1.000000000000000000e+00
3.130929768085479736e-01 1.000000000000000000e+00 6.546489596366882324e-01 1.000000000000000000e+00
3.257431983947753906e-01 1.000000000000000000e+00 6.419987082481384277e-01 1.000000000000000000e+00
3.383934199810028076e-01 1.000000000000000000e+00 6.293485164642333984e-01 1.000000000000000000e+00
3.510436415672302246e-01 1.000000000000000000e+00 6.166982650756835938e-01 1.000000000000000000e+00
3.636938631534576416e-01 1.000000000000000000e+00 6.040480732917785645e-01 1.000000000000000000e+00
3.763440847396850586e-01 1.000000000000000000e+00 5.913978219032287598e-01 1.000000000000000000e+00
3.889943063259124756e-01 1.000000000000000000e+00 5.787476301193237305e-01 1.000000000000000000e+00
4.016445279121398926e-01 1.000000000000000000e+00 5.660973787307739258e-01 1.000000000000000000e+00
4.142947494983673096e-01 1.000000000000000000e+00 5.534471869468688965e-01 1.000000000000000000e+00
4.269449710845947266e-01 1.000000000000000000e+00 5.407969355583190918e-01 1.000000000000000000e+00
4.395951926708221436e-01 1.000000000000000000e+00 5.281467437744140625e-01 1.000000000000000000e+00
4.522454142570495605e-01 1.000000000000000000e+00 5.154964923858642578e-01 1.000000000000000000e+00
4.648956358432769775e-01 1.000000000000000000e+00 5.028463006019592285e-01 1.000000000000000000e+00
4.775458574295043945e-01 1.000000000000000000e+00 4.901960790157318115e-01 1.000000000000000000e+00
4.901960790157318115e-01 1.000000000000000000e+00 4.775458574295043945e-01 1.000000000000000000e+00
5.028463006019592285e-01 1.000000000000000000e+00 4.648956358432769775e-01 1.000000000000000000e+00
5.154964923858642578e-01 1.000000000000000000e+00 4.522454142570495605e-01 1.000000000000000000e+00
5.281467437744140625e-01 1.000000000000000000e+00 4.395951926708221436e-01 1.000000000000000000e+00
5.407969355583190918e-01 1.000000000000000000e+00 4.269449710845947266e-01 1.000000000000000000e+00
5.534471869468688965e-01 1.000000000000000000e+00 4.142947494983673096e-01 1.000000000000000000e+00
5.660973787307739258e-01 1.000000000000000000e+00 4.016445279121398926e-01 1.000000000000000000e+00
5.787476301193237305e-01 1.000000000000000000e+00 3.889943063259124756e-01 1.000000000000000000e+00
5.913978219032287598e-01 1.000000000000000000e+00 3.763440847396850586e-01 1.000000000000000000e+00
6.040480732917785645e-01 1.000000000000000000e+00 3.636938631534576416e-01 1.000000000000000000e+00
6.166982650756835938e-01 1.000000000000000000e+00 3.510436415672302246e-01 1.000000000000000000e+00
6.293485164642333984e-01 1.000000000000000000e+00 3.383934199810028076e-01 1.000000000000000000e+00
6.419987082481384277e-01 1.000000000000000000e+00 3.257431983947753906e-01 1.000000000000000000e+00
6.546489596366882324e-01 1.000000000000000000e+00 3.130929768085479736e-01 1.000000000000000000e+00
6.672991514205932617e-01 1.000000000000000000e+00 3.004427552223205566e-01 1.000000000000000000e+00
6.799494028091430664e-01 1.000000000000000000e+00 2.877925336360931396e-01 1.000000000000000000e+00
6.925995945930480957e-01 1.000000000000000000e+00 2.751423120498657227e-01 1.000000000000000000e+00
7.052498459815979004e-01 1.000000000000000000e+00 2.624920904636383057e-01 1.000000000000000000e+00
7.179000377655029297e-01 1.000000000000000000e+00 2.498418688774108887e-01 1.000000000000000000e+00
7.305502891540527344e-01 1.000000000000000000e+00 2.371916472911834717e-01 1.000000000000000000e+00
7.432004809379577637e-01 1.000000000000000000e+00 2.245414257049560547e-01 1.000000000000000000e+00
7.558507323265075684e-01 1.000000000000000000e+00 2.118912041187286377e-01 1.000000000000000000e+00
7.685009241104125977e-01 1.000000000000000000e+00 1.992409825325012207e-01 1.000000000000000000e+00
7.811511754989624023e-01 1.000000000000000000e+00 1.865907609462738037e-01 1.000000000000000000e+00
7.938013672828674316e-01 1.000000000000000000e+00 1.739405393600463867e-01 1.000000000000000000e+00
8.064516186714172363e-01 1.000000000000000000e+00 1.612903177738189697e-01 1.000000000000000000e+00
8.191018104553222656e-01 1.000000000000000000e+00 1.486400961875915527e-01 1.000000000000000000e+00
8.317520618438720703e-01 1.000000000000000000e+00 1.359898746013641357e-01 1.000000000000000000e+00
8.444022536277770996e-01 1.000000000000000000e+00 1.233396604657173157e-01 1.000000000000000000e+00
8.570525050163269043e-01 1.000000000000000000e+00 1.106894388794898987e-01 1.000000000000000000e+00
8.697026968002319336e-01 1.000000000000000000e+00 9.803921729326248169e-02 1.000000000000000000e+00
8.823529481887817383e-01 1.000000000000000000e+00 8.538899570703506470e-02 1.000000000000000000e+00
8.950031399726867676e-01 1.000000000000000000e+00 7.273877412080764771e-02 1.000000000000000000e+00
9.076533913612365723e-01 1.000000000000000000e+00 6.008855253458023071e-02 1.000000000000000000e+00
9.203035831451416016e-01 1.000000000000000000e+00 4.743833094835281372e-02 1.000000000000000000e+00
9.329538345336914062e-01 1.000000000000000000e+00 3.478810936212539673e-02 1.000000000000000000e+00
9.456040263175964355e-01 9.883805513381958008e-01 2.213788777589797974e-02 1.000000000000000000e+00
9.582542777061462402e-01 9.738562107086181641e-01 9.487666189670562744e-03 1.000000000000000000e+00
9.709044694900512695e-01 9.593318700790405273e-01 0.000000000000000000e+00 1.000000000000000000e+00
9.835547208786010742e-01 9.448075294494628906e-01 0.000000000000000000e+00 1.000000000000000000e+00
9.962049126625061035e-01 9.302832484245300293e-01 0.000000000000000000e+00 1.000000000000000000e+00
1.000000000000000000e+00 9.157589077949523926e-01 0.000000000000000000e+00 1.000000000000000000e+00
1.000000000000000000e+00 9.012345671653747559e-01 0.000000000000000000e+00 1.000000000000000000e+00
1.000000000000000000e+00 8.867102265357971191e-01 0.000000000000000000e+00 1.000000000000000000e+00
1.000000000000000000e+00 8.721858859062194824e-01 0.000000000000000000e+00 1.000000000000000000e+00
1.000000000000000000e+00 8.576616048812866211e-01 0.000000000000000000e+00 1.000000000000000000e+00
1.000000000000000000e+00 8.431372642517089844e-01 0.000000000000000000e+00 1.000000000000000000e+00
1.000000000000000000e+00 8.286129236221313477e-01 0.000000000000000000e+00 1.000000000000000000e+00
1.000000000000000000e+00 8.140885829925537109e-01 0.000000000000000000e+00 1.000000000000000000e+00
1.000000000000000000e+00 7.995642423629760742e-01 0.000000000000000000e+00 1.000000000000000000e+00
1.000000000000000000e+00 7.850399613380432129e-01 0.000000000000000000e+00 1.000000000000000000e+00
1.000000000000000000e+00 7.705156207084655762e-01 0.000000000000000000e+00 1.000000000000000000e+00
1.000000000000000000e+00 7.559912800788879395e-01 0.000000000000000000e+00 1.000000000000000000e+00
1.000000000000000000e+00 7.414669394493103027e-01 0.000000000000000000e+00 1.000000000000000000e+00
1.000000000000000000e+00 7.269426584243774414e-01 0.000000000000000000e+00 1.000000000000000000e+00
1.000000000000000000e+00 7.124183177947998047e-01 0.000000000000000000e+00 1.000000000000000000e+00
1.000000000000000000e+00 6.978939771652221680e-01 0.000000000000000000e+00 1.000000000000000000e+00
1.000000000000000000e+00 6.833696365356445312e-01 0.000000000000000000e+00 1.000000000000000000e+00
1.000000000000000000e+00 6.688452959060668945e-01 0.000000000000000000e+00 1.000000000000000000e+00
1.000000000000000000e+00 6.543210148811340332e-01 0.000000000000000000e+00 1.000000000000000000e+00
1.000000000000000000e+00 6.397966742515563965e-01 0.000000000000000000e+00 1.000000000000000000e+00
1.000000000000000000e+00 6.252723336219787598e-01 0.000000000000000000e+00 1.000000000000000000e+00
1.000000000000000000e+00 6.107479929924011230e-01 0.000000000000000000e+00 1.000000000000000000e+00
1.000000000000000000e+00 5.962236523628234863e-01 0.000000000000000000e+00 1.000000000000000000e+00
1.000000000000000000e+00 5.816993713378906250e-01 0.000000000000000000e+00 1.000000000000000000e+00
1.000000000000000000e+00 5.671750307083129883e-01 0.000000000000000000e+00 1.000000000000000000e+00
1.000000000000000000e+00 5.526506900787353516e-01 0.000000000000000000e+00 1.000000000000000000e+00
1.000000000000000000e+00 5.381263494491577148e-01 0.000000000000000000e+00 1.000000000000000000e+00
1.000000000000000000e+00 5.236020088195800781e-01 0.000000000000000000e+00 1.000000000000000000e+00
1.000000000000000000e+00 5.090777277946472168e-01 0.000000000000000000e+00 1.000000000000000000e+00
1.000000000000000000e+00 4.945533871650695801e-01 0.000000000000000000e+00 1.000000000000000000e+00
1.000000000000000000e+00 4.800290465354919434e-01 0.000000000000000000e+00 1.000000000000000000e+00
1.000000000000000000e+00 4.655047059059143066e-01 0.000000000000000000e+00 1.000000000000000000e+00
1.000000000000000000e+00 4.509803950786590576e-01 0.000000000000000000e+00 1.000000000000000000e+00
1.000000000000000000e+00 4.364560544490814209e-01 0.000000000000000000e+00 1.000000000000000000e+00
1.000000000000000000e+00 4.219317436218261719e-01 0.000000000000000000e+00 1.000000000000000000e+00
1.000000000000000000e+00 4.074074029922485352e-01 0.000000000000000000e+00 1.000000000000000000e+00
1.000000000000000000e+00 3.928830921649932861e-01 0.000000000000000000e+00 1.000000000000000000e+00
1.000000000000000000e+00 3.783587515354156494e-01 0.000000000000000000e+00 1.000000000000000000e+00
1.000000000000000000e+00 3.638344109058380127e-01 0.000000000000000000e+00 1.000000000000000000e+00
1.000000000000000000e+00 3.493101000785827637e-01 0.000000000000000000e+00 1.000000000000000000e+00
1.000000000000000000e+00 3.347857594490051270e-01 0.000000000000000000e+00 1.000000000000000000e+00
1.000000000000000000e+00 3.202614486217498779e-01 0.000000000000000000e+00 1.000000000000000000e+00
1.000000000000000000e+00 3.057371079921722412e-01 0.000000000000000000e+00 1.000000000000000000e+00
1.000000000000000000e+00 2.912127673625946045e-01 0.000000000000000000e+00 1.000000000000000000e+00
1.000000000000000000e+00 2.766884565353393555e-01 0.000000000000000000e+00 1.000000000000000000e+00
1.000000000000000000e+00 2.621641159057617188e-01 0.000000000000000000e+00 1.000000000000000000e+00
1.000000000000000000e+00 2.476397901773452759e-01 0.000000000000000000e+00 1.000000000000000000e+00
1.000000000000000000e+00 2.331154644489288330e-01 0.000000000000000000e+00 1.000000000000000000e+00
1.000000000000000000e+00 2.185911387205123901e-01 0.000000000000000000e+00 1.000000000000000000e+00
1.000000000000000000e+00 2.040668129920959473e-01 0.000000000000000000e+00 1.000000000000000000e+00
1.000000000000000000e+00 1.895424872636795044e-01 0.000000000000000000e+00 1.000000000000000000e+00
1.000000000000000000e+00 1.750181615352630615e-01 0.000000000000000000e+00 1.000000000000000000e+00
1.000000000000000000e+00 1.604938209056854248e-01 0.000000000000000000e+00 1.000000000000000000e+00
1.000000000000000000e+00 1.459694951772689819e-01 0.000000000000000000e+00 1.000000000000000000e+00
1.000000000000000000e+00 1.314451694488525391e-01 0.000000000000000000e+00 1.000000000000000000e+00
1.000000000000000000e+00 1.169208437204360962e-01 0.000000000000000000e+00 1.000000000000000000e+00
1.000000000000000000e+00 1.023965105414390564e-01 0.000000000000000000e+00 1.000000000000000000e+00
1.000000000000000000e+00 8.787218481302261353e-02 0.000000000000000000e+00 1.000000000000000000e+00
9.991087317466735840e-01 7.334785908460617065e-02 0.000000000000000000e+00 1.000000000000000000e+00
9.812834262847900391e-01 5.882352963089942932e-02 0.000000000000000000e+00 1.000000000000000000e+00
9.634581208229064941e-01 4.429920017719268799e-02 0.000000000000000000e+00 1.000000000000000000e+00
9.456328153610229492e-01 2.977487258613109589e-02 0.000000000000000000e+00 1.000000000000000000e+00
9.278075098991394043e-01 1.525054499506950378e-02 0.000000000000000000e+00 1.000000000000000000e+00
9.099822044372558594e-01 7.262164144776761532e-04 0.000000000000000000e+00 1.000000000000000000e+00
8.921568393707275391e-01 0.000000000000000000e+00 0.000000000000000000e+00 1.000000000000000000e+00
8.743315339088439941e-01 0.000000000000000000e+00 0.000000000000000000e+00 1.000000000000000000e+00
8.565062284469604492e-01 0.000000000000000000e+00 0.000000000000000000e+00 1.000000000000000000e+00
8.386809229850769043e-01 0.000000000000000000e+00 0.000000000000000000e+00 1.000000000000000000e+00
8.208556175231933594e-01 0.000000000000000000e+00 0.000000000000000000e+00 1.000000000000000000e+00
8.030303120613098145e-01 0.000000000000000000e+00 0.000000000000000000e+00 1.000000000000000000e+00
7.852050065994262695e-01 0.000000000000000000e+00 0.000000000000000000e+00 1.000000000000000000e+00
7.673797011375427246e-01 0.000000000000000000e+00 0.000000000000000000e+00 1.000000000000000000e+00
7.495543956756591797e-01 0.000000000000000000e+00 0.000000000000000000e+00 1.000000000000000000e+00
7.317290306091308594e-01 0.000000000000000000e+00 0.000000000000000000e+00 1.000000000000000000e+00
7.139037251472473145e-01 0.000000000000000000e+00 0.000000000000000000e+00 1.000000000000000000e+00
6.960784196853637695e-01 0.000000000000000000e+00 0.000000000000000000e+00 1.000000000000000000e+00
6.782531142234802246e-01 0.000000000000000000e+00 0.000000000000000000e+00 1.000000000000000000e+00
6.604278087615966797e-01 0.000000000000000000e+00 0.000000000000000000e+00 1.000000000000000000e+00
6.426025032997131348e-01 0.000000000000000000e+00 0.000000000000000000e+00 1.000000000000000000e+00
6.247771978378295898e-01 0.000000000000000000e+00 0.000000000000000000e+00 1.000000000000000000e+00
6.069518923759460449e-01 0.000000000000000000e+00 0.000000000000000000e+00 1.000000000000000000e+00
5.891265869140625000e-01 0.000000000000000000e+00 0.000000000000000000e+00 1.000000000000000000e+00
5.713012218475341797e-01 0.000000000000000000e+00 0.000000000000000000e+00 1.000000000000000000e+00
5.534759163856506348e-01 0.000000000000000000e+00 0.000000000000000000e+00 1.000000000000000000e+00
5.356506109237670898e-01 0.000000000000000000e+00 0.000000000000000000e+00 1.000000000000000000e+00
5.178253054618835449e-01 0.000000000000000000e+00 0.000000000000000000e+00 1.000000000000000000e+00
5.000000000000000000e-01 0.000000000000000000e+00 0.000000000000000000e+00 1.000000000000000000e+00
