1.461999956518411636e-03 4.659999976865947247e-04 1.386599987745285034e-02 1.000000000000000000e+00
2.257999964058399200e-03 1.294999965466558933e-03 1.833100058138370514e-02 1.000000000000000000e+00
3.279000055044889450e-03 2.305000089108943939e-03 2.370800077915191650e-02 1.000000000000000000e+00
4.511999897658824921e-03 3.490000031888484955e-03 2.996500022709369659e-02 1.000000000000000000e+00
5.950000137090682983e-03 4.842999856919050217e-03 3.712999820709228516e-02 1.000000000000000000e+00
7.588000036776065826e-03 6.355999968945980072e-03 4.497300088405609131e-02 1.000000000000000000e+00
9.425999596714973450e-03 8.022000081837177277e-03 5.284399911761283875e-02 1.000000000000000000e+00
1.146499998867511749e-02 9.828000329434871674e-03 6.075000017881393433e-02 1.000000000000000000e+00
1.370800007134675980e-02 1.177099999040365219e-02 6.866700202226638794e-02 1.000000000000000000e+00
1.615599915385246277e-02 1.384000014513731003e-02 7.660300284624099731e-02 1.000000000000000000e+00
1.881499961018562317e-02 1.602599956095218658e-02 8.458399772644042969e-02 1.000000000000000000e+00
2.169200032949447632e-02 1.831999979913234711e-02 9.261000156402587891e-02 1.000000000000000000e+00
2.479200065135955811e-02 2.071500010788440704e-02 1.006760001182556152e-01 1.000000000000000000e+00
2.812300063669681549e-02 2.320099994540214539e-02 1.087870001792907715e-01 1.000000000000000000e+00
3.169599920511245728e-02 2.576499991118907928e-02 1.169650033116340637e-01 1.000000000000000000e+00
3.551999852061271667e-02 2.839699946343898773e-02 1.252090036869049072e-01 1.000000000000000000e+00
3.960800170898437500e-02 3.109000064432621002e-02 1.335150003433227539e-01 1.000000000000000000e+00
4.382999986410140991e-02 3.382999822497367859e-02 1.418859958648681641e-01 1.000000000000000000e+00
4.806200042366981506e-02 3.660700097680091858e-02 1.503269970417022705e-01 1.000000000000000000e+00
5.231999978423118591e-02 3.940699994564056396e-02 1.588409990072250366e-01 1.000000000000000000e+00
5.661499872803688049e-02 4.216000065207481384e-02 1.674460023641586304e-01 1.000000000000000000e+00
6.094900146126747131e-02 4.479400068521499634e-02 1.761289983987808228e-01 1.000000000000000000e+00
6.532999873161315918e-02 4.731800034642219543e-02 1.848919987678527832e-01 1.000000000000000000e+00
6.976400315761566162e-02 4.972599819302558899e-02 1.937350034713745117e-01 1.000000000000000000e+00
7.425700128078460693e-02 5.201699957251548767e-02 2.026599943637847900e-01 1.000000000000000000e+00
7.881499826908111572e-02 5.418400093913078308e-02 2.116670012474060059e-01 1.000000000000000000e+00
8.344600349664688110e-02 5.622500181198120117e-02 2.207549959421157837e-01 1.000000000000000000e+00
8.815500140190124512e-02 5.813299864530563354e-02 2.299219965934753418e-01 1.000000000000000000e+00
9.294900298118591309e-02 5.990400165319442749e-02 2.391639947891235352e-01 1.000000000000000000e+00
9.783300012350082397e-02 6.153099983930587769e-02 2.484769970178604126e-01 1.000000000000000000e+00
1.028150022029876709e-01 6.300999969244003296e-02 2.578540146350860596e-01 1.000000000000000000e+00
1.078990027308464050e-01 6.433500349521636963e-02 2.672890126705169678e-01 1.000000000000000000e+00
1.130940020084381104e-01 6.549199670553207397e-02 2.767840027809143066e-01 1.000000000000000000e+00
1.184049993753433228e-01 6.647899746894836426e-02 2.863210141658782959e-01 1.000000000000000000e+00
1.238330006599426270e-01 6.729499995708465576e-02 2.958790063858032227e-01 1.000000000000000000e+00
1.293800026178359985e-01 6.793499737977981567e-02 3.054429888725280762e-01 1.000000000000000000e+00
1.350529938936233521e-01 6.839100271463394165e-02 3.149999976158142090e-01 1.000000000000000000e+00
1.408579945564270020e-01 6.865400075912475586e-02 3.245379924774169922e-01 1.000000000000000000e+00
1.467850059270858765e-01 6.873799860477447510e-02 3.340109884738922119e-01 1.000000000000000000e+00
1.528390049934387207e-01 6.863699853420257568e-02 3.434039950370788574e-01 1.000000000000000000e+00
1.590179949998855591e-01 6.835400313138961792e-02 3.526880145072937012e-01 1.000000000000000000e+00
1.653079986572265625e-01 6.791099905967712402e-02 3.618159890174865723e-01 1.000000000000000000e+00
1.717129945755004883e-01 6.730499863624572754e-02 3.707709908485412598e-01 1.000000000000000000e+00
1.782120019197463989e-01 6.657599657773971558e-02 3.794969916343688965e-01 1.000000000000000000e+00
1.848009973764419556e-01 6.573200225830078125e-02 3.879730105400085449e-01 1.000000000000000000e+00
1.914599984884262085e-01 6.481800228357315063e-02 3.961519896984100342e-01 1.000000000000000000e+00
1.981769949197769165e-01 6.386200338602066040e-02 4.040090143680572510e-01 1.000000000000000000e+00
2.049349993467330933e-01 6.290700286626815796e-02 4.115140140056610107e-01 1.000000000000000000e+00
2.117179930210113525e-01 6.199200078845024109e-02 4.186469912528991699e-01 1.000000000000000000e+00
2.185119986534118652e-01 6.115800142288208008e-02 4.253920018672943115e-01 1.000000000000000000e+00
2.253019958734512329e-01 6.044499948620796204e-02 4.317420125007629395e-01 1.000000000000000000e+00
2.320770025253295898e-01 5.988899990916252136e-02 4.376949965953826904e-01 1.000000000000000000e+00
2.388260066509246826e-01 5.951699987053871155e-02 4.432559907436370850e-01 1.000000000000000000e+00
2.455430030822753906e-01 5.935199931263923645e-02 4.484359920024871826e-01 1.000000000000000000e+00
2.522200047969818115e-01 5.941500142216682434e-02 4.532479941844940186e-01 1.000000000000000000e+00
2.588570117950439453e-01 5.970599874854087830e-02 4.577099978923797607e-01 1.000000000000000000e+00
2.654469907283782959e-01 6.023700162768363953e-02 4.618400037288665771e-01 1.000000000000000000e+00
2.719939947128295898e-01 6.099399924278259277e-02 4.656600058078765869e-01 1.000000000000000000e+00
2.784929871559143066e-01 6.197800114750862122e-02 4.691900014877319336e-01 1.000000000000000000e+00
2.849510014057159424e-01 6.316799670457839966e-02 4.724510014057159424e-01 1.000000000000000000e+00
2.913660109043121338e-01 6.455300003290176392e-02 4.754619896411895752e-01 1.000000000000000000e+00
2.977400124073028564e-01 6.611700356006622314e-02 4.782429933547973633e-01 1.000000000000000000e+00
3.040809929370880127e-01 6.783500313758850098e-02 4.808120131492614746e-01 1.000000000000000000e+00
3.103820085525512695e-01 6.970199942588806152e-02 4.831860065460205078e-01 1.000000000000000000e+00
3.166539967060089111e-01 7.169000059366226196e-02 4.853799939155578613e-01 1.000000000000000000e+00
3.228990137577056885e-01 7.378199696540832520e-02 4.874080121517181396e-01 1.000000000000000000e+00
3.291139900684356689e-01 7.597199827432632446e-02 4.892869889736175537e-01 1.000000000000000000e+00
3.353079855442047119e-01 7.823599874973297119e-02 4.910239875316619873e-01 1.000000000000000000e+00
3.414820134639739990e-01 8.056399971246719360e-02 4.926309883594512939e-01 1.000000000000000000e+00
3.476360142230987549e-01 8.294600248336791992e-02 4.941209852695465088e-01 1.000000000000000000e+00
3.537729978561401367e-01 8.537299931049346924e-02 4.955010116100311279e-01 1.000000000000000000e+00
3.598980009555816650e-01 8.783099800348281860e-02 4.967780113220214844e-01 1.000000000000000000e+00
3.660120069980621338e-01 9.031400084495544434e-02 4.979600012302398682e-01 1.000000000000000000e+00
3.721159994602203369e-01 9.281600266695022583e-02 4.990530014038085938e-01 1.000000000000000000e+00
3.782109916210174561e-01 9.533199667930603027e-02 5.000669956207275391e-01 1.000000000000000000e+00
3.842990100383758545e-01 9.785500168800354004e-02 5.010020136833190918e-01 1.000000000000000000e+00
3.903839886188507080e-01 1.003789976239204407e-01 5.018640160560607910e-01 1.000000000000000000e+00
3.964670002460479736e-01 1.029020026326179504e-01 5.026580095291137695e-01 1.000000000000000000e+00
4.025479853153228760e-01 1.054200008511543274e-01 5.033860206604003906e-01 1.000000000000000000e+00
4.086290001869201660e-01 1.079299971461296082e-01 5.040519833564758301e-01 1.000000000000000000e+00
4.147090017795562744e-01 1.104310005903244019e-01 5.046619772911071777e-01 1.000000000000000000e+00
4.207910001277923584e-01 1.129200011491775513e-01 5.052149891853332520e-01 1.000000000000000000e+00
4.268769919872283936e-01 1.153950020670890808e-01 5.057139992713928223e-01 1.000000000000000000e+00
4.329670071601867676e-01 1.178549975156784058e-01 5.061600208282470703e-01 1.000000000000000000e+00
4.390619993209838867e-01 1.202979981899261475e-01 5.065550208091735840e-01 1.000000000000000000e+00
4.451630115509033203e-01 1.227239966392517090e-01 5.069010257720947266e-01 1.000000000000000000e+00
4.512709975242614746e-01 1.251319944858551025e-01 5.071979761123657227e-01 1.000000000000000000e+00
4.573859870433807373e-01 1.275220066308975220e-01 5.074480175971984863e-01 1.000000000000000000e+00
4.635080099105834961e-01 1.298930048942565918e-01 5.076519846916198730e-01 1.000000000000000000e+00
4.696399867534637451e-01 1.322450041770935059e-01 5.078089833259582520e-01 1.000000000000000000e+00
4.757800102233886719e-01 1.345770061016082764e-01 5.079209804534912109e-01 1.000000000000000000e+00
4.819290041923522949e-01 1.368910074234008789e-01 5.079889893531799316e-01 1.000000000000000000e+00
4.880880117416381836e-01 1.391859948635101318e-01 5.080109834671020508e-01 1.000000000000000000e+00
4.942579865455627441e-01 1.414619982242584229e-01 5.079879760742187500e-01 1.000000000000000000e+00
5.004379749298095703e-01 1.437190026044845581e-01 5.079200267791748047e-01 1.000000000000000000e+00
5.066289901733398438e-01 1.459580063819885254e-01 5.078060030937194824e-01 1.000000000000000000e+00
5.128309726715087891e-01 1.481789946556091309e-01 5.076479911804199219e-01 1.000000000000000000e+00
5.190449953079223633e-01 1.503829956054687500e-01 5.074430108070373535e-01 1.000000000000000000e+00
5.252699851989746094e-01 1.525689959526062012e-01 5.071920156478881836e-01 1.000000000000000000e+00
5.315070152282714844e-01 1.547390073537826538e-01 5.068950057029724121e-01 1.000000000000000000e+00
5.377550125122070312e-01 1.568939983844757080e-01 5.065510272979736328e-01 1.000000000000000000e+00
5.440149903297424316e-01 1.590330004692077637e-01 5.061590075492858887e-01 1.000000000000000000e+00
5.502870082855224609e-01 1.611579954624176025e-01 5.057190060615539551e-01 1.000000000000000000e+00
5.565710067749023438e-01 1.632689982652664185e-01 5.052300095558166504e-01 1.000000000000000000e+00
5.628659725189208984e-01 1.653680056333541870e-01 5.046920180320739746e-01 1.000000000000000000e+00
5.691720247268676758e-01 1.674540042877197266e-01 5.041049718856811523e-01 1.000000000000000000e+00
5.754899978637695312e-01 1.695300042629241943e-01 5.034660100936889648e-01 1.000000000000000000e+00
5.818189978599548340e-01 1.715960055589675903e-01 5.027769804000854492e-01 1.000000000000000000e+00
5.881580114364624023e-01 1.736519932746887207e-01 5.020350217819213867e-01 1.000000000000000000e+00
5.945079922676086426e-01 1.757010072469711304e-01 5.012410283088684082e-01 1.000000000000000000e+00
6.008679866790771484e-01 1.777430027723312378e-01 5.003939867019653320e-01 1.000000000000000000e+00
6.072379946708679199e-01 1.797789931297302246e-01 4.994919896125793457e-01 1.000000000000000000e+00
6.136170029640197754e-01 1.818110048770904541e-01 4.985359907150268555e-01 1.000000000000000000e+00
6.200050115585327148e-01 1.838400065898895264e-01 4.975239932537078857e-01 1.000000000000000000e+00
6.264010071754455566e-01 1.858669966459274292e-01 4.964559972286224365e-01 1.000000000000000000e+00
6.328049898147583008e-01 1.878930032253265381e-01 4.953320026397705078e-01 1.000000000000000000e+00
6.392160058021545410e-01 1.899210065603256226e-01 4.941500127315521240e-01 1.000000000000000000e+00
6.456329822540283203e-01 1.919520050287246704e-01 4.929099977016448975e-01 1.000000000000000000e+00
6.520559787750244141e-01 1.939859986305236816e-01 4.916110038757324219e-01 1.000000000000000000e+00
6.584830284118652344e-01 1.960269957780838013e-01 4.902530014514923096e-01 1.000000000000000000e+00
6.649150252342224121e-01 1.980749964714050293e-01 4.888359904289245605e-01 1.000000000000000000e+00
6.713489890098571777e-01 2.001329958438873291e-01 4.873580038547515869e-01 1.000000000000000000e+00
6.777859926223754883e-01 2.022030055522918701e-01 4.858190119266510010e-01 1.000000000000000000e+00
6.842240095138549805e-01 2.042859941720962524e-01 4.842190146446228027e-01 1.000000000000000000e+00
6.906610131263732910e-01 2.063840031623840332e-01 4.825580120086669922e-01 1.000000000000000000e+00
6.970980167388916016e-01 2.085009962320327759e-01 4.808349907398223877e-01 1.000000000000000000e+00
7.035319805145263672e-01 2.106380015611648560e-01 4.790489971637725830e-01 1.000000000000000000e+00
7.099620103836059570e-01 2.127970010042190552e-01 4.772010147571563721e-01 1.000000000000000000e+00
7.163869738578796387e-01 2.149820029735565186e-01 4.752900004386901855e-01 1.000000000000000000e+00
7.228050231933593750e-01 2.171940058469772339e-01 4.733160138130187988e-01 1.000000000000000000e+00
7.292159795761108398e-01 2.194370031356811523e-01 4.712789952754974365e-01 1.000000000000000000e+00
7.356160283088684082e-01 2.217130064964294434e-01 4.691799879074096680e-01 1.000000000000000000e+00
7.420039772987365723e-01 2.240249961614608765e-01 4.670180082321166992e-01 1.000000000000000000e+00
7.483779788017272949e-01 2.263769954442977905e-01 4.647940099239349365e-01 1.000000000000000000e+00
7.547370195388793945e-01 2.287719994783401489e-01 4.625090062618255615e-01 1.000000000000000000e+00
7.610769867897033691e-01 2.312140017747879028e-01 4.601620137691497803e-01 1.000000000000000000e+00
7.673979997634887695e-01 2.337049990892410278e-01 4.577549993991851807e-01 1.000000000000000000e+00
7.736949920654296875e-01 2.362489998340606689e-01 4.552890062332153320e-01 1.000000000000000000e+00
7.799680233001708984e-01 2.388509958982467651e-01 4.527649879455566406e-01 1.000000000000000000e+00
7.862120270729064941e-01 2.415139973163604736e-01 4.501839876174926758e-01 1.000000000000000000e+00
7.924270033836364746e-01 2.442419975996017456e-01 4.475429952144622803e-01 1.000000000000000000e+00
7.986080050468444824e-01 2.470400035381317139e-01 4.448480010032653809e-01 1.000000000000000000e+00
8.047519922256469727e-01 2.499109953641891479e-01 4.421019852161407471e-01 1.000000000000000000e+00
8.108549714088439941e-01 2.528609931468963623e-01 4.393050074577331543e-01 1.000000000000000000e+00
8.169140219688415527e-01 2.558949887752532959e-01 4.364610016345977783e-01 1.000000000000000000e+00
8.229259848594665527e-01 2.590160071849822998e-01 4.335730075836181641e-01 1.000000000000000000e+00
8.288859724998474121e-01 2.622289955615997314e-01 4.306440055370330811e-01 1.000000000000000000e+00
8.347910046577453613e-01 2.655400037765502930e-01 4.276709854602813721e-01 1.000000000000000000e+00
8.406360149383544922e-01 2.689529955387115479e-01 4.246659874916076660e-01 1.000000000000000000e+00
8.464159965515136719e-01 2.724730074405670166e-01 4.216310083866119385e-01 1.000000000000000000e+00
8.521260023117065430e-01 2.761059999465942383e-01 4.185729920864105225e-01 1.000000000000000000e+00
8.577629923820495605e-01 2.798570096492767334e-01 4.154959917068481445e-01 1.000000000000000000e+00
8.633199930191040039e-01 2.837289869785308838e-01 4.124029874801635742e-01 1.000000000000000000e+00
8.687930107116699219e-01 2.877280116081237793e-01 4.093030095100402832e-01 1.000000000000000000e+00
8.741760253906250000e-01 2.918590009212493896e-01 4.062049984931945801e-01 1.000000000000000000e+00
8.794639706611633301e-01 2.961249947547912598e-01 4.031180143356323242e-01 1.000000000000000000e+00
8.846510052680969238e-01 3.005299866199493408e-01 4.000470042228698730e-01 1.000000000000000000e+00
8.897309899330139160e-01 3.050790131092071533e-01 3.970020115375518799e-01 1.000000000000000000e+00
8.946999907493591309e-01 3.097729980945587158e-01 3.939949870109558105e-01 1.000000000000000000e+00
8.995519876480102539e-01 3.146159946918487549e-01 3.910369873046875000e-01 1.000000000000000000e+00
9.042810201644897461e-01 3.196099996566772461e-01 3.881370127201080322e-01 1.000000000000000000e+00
9.088839888572692871e-01 3.247550129890441895e-01 3.853079974651336670e-01 1.000000000000000000e+00
9.133539795875549316e-01 3.300519883632659912e-01 3.825629949569702148e-01 1.000000000000000000e+00
9.176890254020690918e-01 3.355000019073486328e-01 3.799149990081787109e-01 1.000000000000000000e+00
9.218840003013610840e-01 3.410980105400085449e-01 3.773759901523590088e-01 1.000000000000000000e+00
9.259369969367980957e-01 3.468439877033233643e-01 3.749589920043945312e-01 1.000000000000000000e+00
9.298449754714965820e-01 3.527339994907379150e-01 3.726769983768463135e-01 1.000000000000000000e+00
9.336060285568237305e-01 3.587639927864074707e-01 3.705410063266754150e-01 1.000000000000000000e+00
9.372209906578063965e-01 3.649289906024932861e-01 3.685669898986816406e-01 1.000000000000000000e+00
9.406870007514953613e-01 3.712239861488342285e-01 3.667620122432708740e-01 1.000000000000000000e+00
9.440060257911682129e-01 3.776429891586303711e-01 3.651359975337982178e-01 1.000000000000000000e+00
9.471799731254577637e-01 3.841780126094818115e-01 3.637009859085083008e-01 1.000000000000000000e+00
9.502099752426147461e-01 3.908199965953826904e-01 3.624680042266845703e-01 1.000000000000000000e+00
9.530990123748779297e-01 3.975630104541778564e-01 3.614380061626434326e-01 1.000000000000000000e+00
9.558489918708801270e-01 4.043999910354614258e-01 3.606190085411071777e-01 1.000000000000000000e+00
9.584640264511108398e-01 4.113239943981170654e-01 3.600139915943145752e-01 1.000000000000000000e+00
9.609490036964416504e-01 4.183230102062225342e-01 3.596299886703491211e-01 1.000000000000000000e+00
9.633100032806396484e-01 4.253900051116943359e-01 3.594689965248107910e-01 1.000000000000000000e+00
9.655489921569824219e-01 4.325189888477325439e-01 3.595289885997772217e-01 1.000000000000000000e+00
9.676709771156311035e-01 4.397029876708984375e-01 3.598099946975708008e-01 1.000000000000000000e+00
9.696800112724304199e-01 4.469360113143920898e-01 3.603110015392303467e-01 1.000000000000000000e+00
9.715819954872131348e-01 4.542100131511688232e-01 3.610300123691558838e-01 1.000000000000000000e+00
9.733809828758239746e-01 4.615199863910675049e-01 3.619650006294250488e-01 1.000000000000000000e+00
9.750819802284240723e-01 4.688610136508941650e-01 3.631109893321990967e-01 1.000000000000000000e+00
9.766899943351745605e-01 4.762260019779205322e-01 3.644660115242004395e-01 1.000000000000000000e+00
9.782099723815917969e-01 4.836120009422302246e-01 3.660250008106231689e-01 1.000000000000000000e+00
9.796450138092041016e-01 4.910140037536621094e-01 3.677830100059509277e-01 1.000000000000000000e+00
9.810000061988830566e-01 4.984279870986938477e-01 3.697339892387390137e-01 1.000000000000000000e+00
9.822790026664733887e-01 5.058509707450866699e-01 3.718740046024322510e-01 1.000000000000000000e+00
9.834849834442138672e-01 5.132799744606018066e-01 3.741979897022247314e-01 1.000000000000000000e+00
9.846220016479492188e-01 5.207129716873168945e-01 3.766979873180389404e-01 1.000000000000000000e+00
9.856929779052734375e-01 5.281479954719543457e-01 3.793709874153137207e-01 1.000000000000000000e+00
9.866999983787536621e-01 5.355820059776306152e-01 3.822099864482879639e-01 1.000000000000000000e+00
9.876459836959838867e-01 5.430150032043457031e-01 3.852100074291229248e-01 1.000000000000000000e+00
9.885330200195312500e-01 5.504459738731384277e-01 3.883650004863739014e-01 1.000000000000000000e+00
9.893630146980285645e-01 5.578730106353759766e-01 3.916710019111633301e-01 1.000000000000000000e+00
9.901379942893981934e-01 5.652959942817687988e-01 3.951219916343688965e-01 1.000000000000000000e+00
9.908710122108459473e-01 5.727059841156005859e-01 3.987140059471130371e-01 1.000000000000000000e+00
9.915580153465270996e-01 5.801069736480712891e-01 4.024409949779510498e-01 1.000000000000000000e+00
9.921960234642028809e-01 5.875020027160644531e-01 4.062989950180053711e-01 1.000000000000000000e+00
9.927849769592285156e-01 5.948910117149353027e-01 4.102829992771148682e-01 1.000000000000000000e+00
9.933260083198547363e-01 6.022750139236450195e-01 4.143899977207183838e-01 1.000000000000000000e+00
9.938340187072753906e-01 6.096439957618713379e-01 4.186129868030548096e-01 1.000000000000000000e+00
9.943090081214904785e-01 6.169989705085754395e-01 4.229499995708465576e-01 1.000000000000000000e+00
9.947379827499389648e-01 6.243500113487243652e-01 4.273970127105712891e-01 1.000000000000000000e+00
9.951220154762268066e-01 6.316959857940673828e-01 4.319509863853454590e-01 1.000000000000000000e+00
9.954800009727478027e-01 6.390269994735717773e-01 4.366070032119750977e-01 1.000000000000000000e+00
9.958099722862243652e-01 6.463440060615539551e-01 4.413610100746154785e-01 1.000000000000000000e+00
9.960960149765014648e-01 6.536589860916137695e-01 4.462130069732666016e-01 1.000000000000000000e+00
9.963409900665283203e-01 6.609690189361572266e-01 4.511600136756896973e-01 1.000000000000000000e+00
9.965800046920776367e-01 6.682559847831726074e-01 4.561919867992401123e-01 1.000000000000000000e+00
9.967749714851379395e-01 6.755409836769104004e-01 4.613139927387237549e-01 1.000000000000000000e+00
9.969249963760375977e-01 6.828280091285705566e-01 4.665260016918182373e-01 1.000000000000000000e+00
9.970769882202148438e-01 6.900879740715026855e-01 4.718109965324401855e-01 1.000000000000000000e+00
9.971860051155090332e-01 6.973490118980407715e-01 4.771820008754730225e-01 1.000000000000000000e+00
9.972540140151977539e-01 7.046110033988952637e-01 4.826349914073944092e-01 1.000000000000000000e+00
9.973250031471252441e-01 7.118480205535888672e-01 4.881539940834045410e-01 1.000000000000000000e+00
9.973509907722473145e-01 7.190889716148376465e-01 4.937550127506256104e-01 1.000000000000000000e+00
9.973509907722473145e-01 7.263240218162536621e-01 4.994280040264129639e-01 1.000000000000000000e+00
9.973409771919250488e-01 7.335450053215026855e-01 5.051670074462890625e-01 1.000000000000000000e+00
9.972850084304809570e-01 7.407720088958740234e-01 5.109829902648925781e-01 1.000000000000000000e+00
9.972280263900756836e-01 7.479810118675231934e-01 5.168589949607849121e-01 1.000000000000000000e+00
9.971380233764648438e-01 7.551900148391723633e-01 5.228059887886047363e-01 1.000000000000000000e+00
9.970189929008483887e-01 7.623980045318603516e-01 5.288209915161132812e-01 1.000000000000000000e+00
9.968979954719543457e-01 7.695909738540649414e-01 5.348920226097106934e-01 1.000000000000000000e+00
9.967269897460937500e-01 7.767950296401977539e-01 5.410389900207519531e-01 1.000000000000000000e+00
9.965710043907165527e-01 7.839769721031188965e-01 5.472329854965209961e-01 1.000000000000000000e+00
9.963690042495727539e-01 7.911670207977294922e-01 5.534989833831787109e-01 1.000000000000000000e+00
9.961619973182678223e-01 7.983480095863342285e-01 5.598199963569641113e-01 1.000000000000000000e+00
9.959319829940795898e-01 8.055269718170166016e-01 5.662019848823547363e-01 1.000000000000000000e+00
9.956799745559692383e-01 8.127059936523437500e-01 5.726450085639953613e-01 1.000000000000000000e+00
9.954239726066589355e-01 8.198750019073486328e-01 5.791400074958801270e-01 1.000000000000000000e+00
9.951310157775878906e-01 8.270519971847534180e-01 5.857009887695312500e-01 1.000000000000000000e+00
9.948509931564331055e-01 8.342130184173583984e-01 5.923069715499877930e-01 1.000000000000000000e+00
9.945240020751953125e-01 8.413869738578796387e-01 5.989829897880554199e-01 1.000000000000000000e+00
9.942219853401184082e-01 8.485400080680847168e-01 6.056960225105285645e-01 1.000000000000000000e+00
9.938660264015197754e-01 8.557109832763671875e-01 6.124820113182067871e-01 1.000000000000000000e+00
9.935449957847595215e-01 8.628590106964111328e-01 6.192989945411682129e-01 1.000000000000000000e+00
9.931700229644775391e-01 8.700240254402160645e-01 6.261889934539794922e-01 1.000000000000000000e+00
9.928309917449951172e-01 8.771679997444152832e-01 6.331089735031127930e-01 1.000000000000000000e+00
9.924399852752685547e-01 8.843299746513366699e-01 6.400989890098571777e-01 1.000000000000000000e+00
9.920889735221862793e-01 8.914700150489807129e-01 6.471160054206848145e-01 1.000000000000000000e+00
9.916880130767822266e-01 8.986269831657409668e-01 6.542019844055175781e-01 1.000000000000000000e+00
9.913319945335388184e-01 9.057629704475402832e-01 6.613090038299560547e-01 1.000000000000000000e+00
9.909300208091735840e-01 9.129149913787841797e-01 6.684809923171997070e-01 1.000000000000000000e+00
9.905700087547302246e-01 9.200490117073059082e-01 6.756749749183654785e-01 1.000000000000000000e+00
9.901750087738037109e-01 9.271960258483886719e-01 6.829259991645812988e-01 1.000000000000000000e+00
9.898149967193603516e-01 9.343289732933044434e-01 6.901980042457580566e-01 1.000000000000000000e+00
9.894340038299560547e-01 9.414700269699096680e-01 6.975190043449401855e-01 1.000000000000000000e+00
9.890769720077514648e-01 9.486039876937866211e-01 7.048630118370056152e-01 1.000000000000000000e+00
9.887170195579528809e-01 9.557420015335083008e-01 7.122420072555541992e-01 1.000000000000000000e+00
9.883670210838317871e-01 9.628779888153076172e-01 7.196490168571472168e-01 1.000000000000000000e+00
9.880329966545104980e-01 9.700120091438293457e-01 7.270770072937011719e-01 1.000000000000000000e+00
9.876909852027893066e-01 9.771540164947509766e-01 7.345359921455383301e-01 1.000000000000000000e+00
9.873870015144348145e-01 9.842879772186279297e-01 7.420020103454589844e-01 1.000000000000000000e+00
9.870529770851135254e-01 9.914379715919494629e-01 7.495040297508239746e-01 1.000000000000000000e+00
