1.000000000000000000e+00 9.686274528503417969e-01 9.254902005195617676e-01 1.000000000000000000e+00
9.998769760131835938e-01 9.667820334434509277e-01 9.210611581802368164e-01 1.000000000000000000e+00
9.997539520263671875e-01 9.649365544319152832e-01 9.166320562362670898e-01 1.000000000000000000e+00
9.996309280395507812e-01 9.630911350250244141e-01 9.122030138969421387e-01 1.000000000000000000e+00
9.995079040527343750e-01 9.612456560134887695e-01 9.077739119529724121e-01 1.000000000000000000e+00
9.993848800659179688e-01 9.594002366065979004e-01 9.033448696136474609e-01 1.000000000000000000e+00
9.992617964744567871e-01 9.575547575950622559e-01 8.989158272743225098e-01 1.000000000000000000e+00
9.991387724876403809e-01 9.557093381881713867e-01 8.944867253303527832e-01 1.000000000000000000e+00
9.990157485008239746e-01 9.538639187812805176e-01 8.900576829910278320e-01 1.000000000000000000e+00
9.988927245140075684e-01 9.520184397697448730e-01 8.856285810470581055e-01 1.000000000000000000e+00
9.987697005271911621e-01 9.501730203628540039e-01 8.811995387077331543e-01 1.000000000000000000e+00
9.986466765403747559e-01 9.483275413513183594e-01 8.767704963684082031e-01 1.000000000000000000e+00
9.985236525535583496e-01 9.464821219444274902e-01 8.723413944244384766e-01 1.000000000000000000e+00
9.984006285667419434e-01 9.446367025375366211e-01 8.679123520851135254e-01 1.000000000000000000e+00
9.982776045799255371e-01 9.427912235260009766e-01 8.634832501411437988e-01 1.000000000000000000e+00
9.981545805931091309e-01 9.409458041191101074e-01 8.590542078018188477e-01 1.000000000000000000e+00
9.980314970016479492e-01 9.391003251075744629e-01 8.546251654624938965e-01 1.000000000000000000e+00
9.979084730148315430e-01 9.372549057006835938e-01 8.501960635185241699e-01 1.000000000000000000e+00
9.977854490280151367e-01 9.354094862937927246e-01 8.457670211791992188e-01 1.000000000000000000e+00
9.976624250411987305e-01 9.335640072822570801e-01 8.413379192352294922e-01 1.000000000000000000e+00
9.975394010543823242e-01 9.317185878753662109e-01 8.369088768959045410e-01 1.000000000000000000e+00
9.974163770675659180e-01 9.298731088638305664e-01 8.324798345565795898e-01 1.000000000000000000e+00
9.972933530807495117e-01 9.280276894569396973e-01 8.280507326126098633e-01 1.000000000000000000e+00
9.971703290939331055e-01 9.261822104454040527e-01 8.236216902732849121e-01 1.000000000000000000e+00
9.970473051071166992e-01 9.243367910385131836e-01 8.191926479339599609e-01 1.000000000000000000e+00
9.969242811203002930e-01 9.224913716316223145e-01 8.147635459899902344e-01 1.000000000000000000e+00
9.968012571334838867e-01 9.206458926200866699e-01 8.103345036506652832e-01 1.000000000000000000e+00
9.966781735420227051e-01 9.188004732131958008e-01 8.059054017066955566e-01 1.000000000000000000e+00
9.965551495552062988e-01 9.169549942016601562e-01 8.014763593673706055e-01 1.000000000000000000e+00
9.964321255683898926e-01 9.151095747947692871e-01 7.970473170280456543e-01 1.000000000000000000e+00
9.963091015815734863e-01 9.132641553878784180e-01 7.926182150840759277e-01 1.000000000000000000e+00
9.961860775947570801e-01 9.114186763763427734e-01 7.881891727447509766e-01 1.000000000000000000e+00
9.960630536079406738e-01 9.094963669776916504e-01 7.836678028106689453e-01 1.000000000000000000e+00
9.959400296211242676e-01 9.070357680320739746e-01 7.785005569458007812e-01 1.000000000000000000e+00
9.958170056343078613e-01 9.045751690864562988e-01 7.733333110809326172e-01 1.000000000000000000e+00
9.956939816474914551e-01 9.021145701408386230e-01 7.681660652160644531e-01 1.000000000000000000e+00
9.955709576606750488e-01 8.996539711952209473e-01 7.629988193511962891e-01 1.000000000000000000e+00
9.954479336738586426e-01 8.971933722496032715e-01 7.578315734863281250e-01 1.000000000000000000e+00
9.953248500823974609e-01 8.947327733039855957e-01 7.526643872261047363e-01 1.000000000000000000e+00
9.952018260955810547e-01 8.922721743583679199e-01 7.474971413612365723e-01 1.000000000000000000e+00
9.950788021087646484e-01 8.898116350173950195e-01 7.423298954963684082e-01 1.000000000000000000e+00
9.949557781219482422e-01 8.873510360717773438e-01 7.371626496315002441e-01 1.000000000000000000e+00
9.948327541351318359e-01 8.848904371261596680e-01 7.319954037666320801e-01 1.000000000000000000e+00
9.947097301483154297e-01 8.824298381805419922e-01 7.268281579017639160e-01 1.000000000000000000e+00
9.945867061614990234e-01 8.799692392349243164e-01 7.216609120368957520e-01 1.000000000000000000e+00
9.944636821746826172e-01 8.775086402893066406e-01 7.164936661720275879e-01 1.000000000000000000e+00
9.943406581878662109e-01 8.750480413436889648e-01 7.113264203071594238e-01 1.000000000000000000e+00
9.942176342010498047e-01 8.725874423980712891e-01 7.061591744422912598e-01 1.000000000000000000e+00
9.940945506095886230e-01 8.701269030570983887e-01 7.009919285774230957e-01 1.000000000000000000e+00
9.939715266227722168e-01 8.676663041114807129e-01 6.958246827125549316e-01 1.000000000000000000e+00
9.938485026359558105e-01 8.652057051658630371e-01 6.906574368476867676e-01 1.000000000000000000e+00
9.937254786491394043e-01 8.627451062202453613e-01 6.854901909828186035e-01 1.000000000000000000e+00
9.936024546623229980e-01 8.602845072746276855e-01 6.803229451179504395e-01 1.000000000000000000e+00
9.934794306755065918e-01 8.578239083290100098e-01 6.751556992530822754e-01 1.000000000000000000e+00
9.933564066886901855e-01 8.553633093833923340e-01 6.699884533882141113e-01 1.000000000000000000e+00
9.932333827018737793e-01 8.529027104377746582e-01 6.648212075233459473e-01 1.000000000000000000e+00
9.931103587150573730e-01 8.504421114921569824e-01 6.596539616584777832e-01 1.000000000000000000e+00
9.929873347282409668e-01 8.479815721511840820e-01 6.544867157936096191e-01 1.000000000000000000e+00
9.928643107414245605e-01 8.455209732055664062e-01 6.493194699287414551e-01 1.000000000000000000e+00
9.927412271499633789e-01 8.430603742599487305e-01 6.441522240638732910e-01 1.000000000000000000e+00
9.926182031631469727e-01 8.405997753143310547e-01 6.389849781990051270e-01 1.000000000000000000e+00
9.924951791763305664e-01 8.381391763687133789e-01 6.338177919387817383e-01 1.000000000000000000e+00
9.923721551895141602e-01 8.356785774230957031e-01 6.286505460739135742e-01 1.000000000000000000e+00
9.922491312026977539e-01 8.332179784774780273e-01 6.234833002090454102e-01 1.000000000000000000e+00
9.921568632125854492e-01 8.306035995483398438e-01 6.188081502914428711e-01 1.000000000000000000e+00
9.921568632125854492e-01 8.275278806686401367e-01 6.156094074249267578e-01 1.000000000000000000e+00
9.921568632125854492e-01 8.244521617889404297e-01 6.124106049537658691e-01 1.000000000000000000e+00
9.921568632125854492e-01 8.213763833045959473e-01 6.092118620872497559e-01 1.000000000000000000e+00
9.921568632125854492e-01 8.183006644248962402e-01 6.060130596160888672e-01 1.000000000000000000e+00
9.921568632125854492e-01 8.152248859405517578e-01 6.028143167495727539e-01 1.000000000000000000e+00
9.921568632125854492e-01 8.121491670608520508e-01 5.996155142784118652e-01 1.000000000000000000e+00
9.921568632125854492e-01 8.090734481811523438e-01 5.964167714118957520e-01 1.000000000000000000e+00
9.921568632125854492e-01 8.059976696968078613e-01 5.932179689407348633e-01 1.000000000000000000e+00
9.921568632125854492e-01 8.029219508171081543e-01 5.900192260742187500e-01 1.000000000000000000e+00
9.921568632125854492e-01 7.998462319374084473e-01 5.868204832077026367e-01 1.000000000000000000e+00
9.921568632125854492e-01 7.967704534530639648e-01 5.836216807365417480e-01 1.000000000000000000e+00
9.921568632125854492e-01 7.936947345733642578e-01 5.804229378700256348e-01 1.000000000000000000e+00
9.921568632125854492e-01 7.906190156936645508e-01 5.772241353988647461e-01 1.000000000000000000e+00
9.921568632125854492e-01 7.875432372093200684e-01 5.740253925323486328e-01 1.000000000000000000e+00
9.921568632125854492e-01 7.844675183296203613e-01 5.708265900611877441e-01 1.000000000000000000e+00
9.921568632125854492e-01 7.813917994499206543e-01 5.676278471946716309e-01 1.000000000000000000e+00
9.921568632125854492e-01 7.783160209655761719e-01 5.644290447235107422e-01 1.000000000000000000e+00
9.921568632125854492e-01 7.752403020858764648e-01 5.612303018569946289e-01 1.000000000000000000e+00
9.921568632125854492e-01 7.721645236015319824e-01 5.580314993858337402e-01 1.000000000000000000e+00
9.921568632125854492e-01 7.690888047218322754e-01 5.548327565193176270e-01 1.000000000000000000e+00
9.921568632125854492e-01 7.660130858421325684e-01 5.516340136528015137e-01 1.000000000000000000e+00
9.921568632125854492e-01 7.629373073577880859e-01 5.484352111816406250e-01 1.000000000000000000e+00
9.921568632125854492e-01 7.598615884780883789e-01 5.452364683151245117e-01 1.000000000000000000e+00
9.921568632125854492e-01 7.567858695983886719e-01 5.420376658439636230e-01 1.000000000000000000e+00
9.921568632125854492e-01 7.537100911140441895e-01 5.388389229774475098e-01 1.000000000000000000e+00
9.921568632125854492e-01 7.506343722343444824e-01 5.356401205062866211e-01 1.000000000000000000e+00
9.921568632125854492e-01 7.475586533546447754e-01 5.324413776397705078e-01 1.000000000000000000e+00
9.921568632125854492e-01 7.444828748703002930e-01 5.292425751686096191e-01 1.000000000000000000e+00
9.921568632125854492e-01 7.414071559906005859e-01 5.260438323020935059e-01 1.000000000000000000e+00
9.921568632125854492e-01 7.383314371109008789e-01 5.228450298309326172e-01 1.000000000000000000e+00
9.921568632125854492e-01 7.352556586265563965e-01 5.196462869644165039e-01 1.000000000000000000e+00
9.921107292175292969e-01 7.312110662460327148e-01 5.156632065773010254e-01 1.000000000000000000e+00
9.919877052307128906e-01 7.255517244338989258e-01 5.103729367256164551e-01 1.000000000000000000e+00
9.918646812438964844e-01 7.198923230171203613e-01 5.050826668739318848e-01 1.000000000000000000e+00
9.917416572570800781e-01 7.142329812049865723e-01 4.997923970222473145e-01 1.000000000000000000e+00
9.916186332702636719e-01 7.085736393928527832e-01 4.945021271705627441e-01 1.000000000000000000e+00
9.914955496788024902e-01 7.029142379760742188e-01 4.892118275165557861e-01 1.000000000000000000e+00
9.913725256919860840e-01 6.972548961639404297e-01 4.839215576648712158e-01 1.000000000000000000e+00
9.912495017051696777e-01 6.915955543518066406e-01 4.786312878131866455e-01 1.000000000000000000e+00
9.911264777183532715e-01 6.859361529350280762e-01 4.733410179615020752e-01 1.000000000000000000e+00
9.910034537315368652e-01 6.802768111228942871e-01 4.680507481098175049e-01 1.000000000000000000e+00
9.908804297447204590e-01 6.746174693107604980e-01 4.627604782581329346e-01 1.000000000000000000e+00
9.907574057579040527e-01 6.689580678939819336e-01 4.574702084064483643e-01 1.000000000000000000e+00
9.906343817710876465e-01 6.632987260818481445e-01 4.521799385547637939e-01 1.000000000000000000e+00
9.905113577842712402e-01 6.576393842697143555e-01 4.468896687030792236e-01 1.000000000000000000e+00
9.903883337974548340e-01 6.519799828529357910e-01 4.415993988513946533e-01 1.000000000000000000e+00
9.902653098106384277e-01 6.463206410408020020e-01 4.363090991973876953e-01 1.000000000000000000e+00
9.901422262191772461e-01 6.406612992286682129e-01 4.310188293457031250e-01 1.000000000000000000e+00
9.900192022323608398e-01 6.350018978118896484e-01 4.257285594940185547e-01 1.000000000000000000e+00
9.898961782455444336e-01 6.293425559997558594e-01 4.204382896423339844e-01 1.000000000000000000e+00
9.897731542587280273e-01 6.236832141876220703e-01 4.151480197906494141e-01 1.000000000000000000e+00
9.896501302719116211e-01 6.180238127708435059e-01 4.098577499389648438e-01 1.000000000000000000e+00
9.895271062850952148e-01 6.123644709587097168e-01 4.045674800872802734e-01 1.000000000000000000e+00
9.894040822982788086e-01 6.067051291465759277e-01 3.992772102355957031e-01 1.000000000000000000e+00
9.892810583114624023e-01 6.010457277297973633e-01 3.939869403839111328e-01 1.000000000000000000e+00
9.891580343246459961e-01 5.953863859176635742e-01 3.886966407299041748e-01 1.000000000000000000e+00
9.890350103378295898e-01 5.897270441055297852e-01 3.834063708782196045e-01 1.000000000000000000e+00
9.889119863510131836e-01 5.840676426887512207e-01 3.781161010265350342e-01 1.000000000000000000e+00
9.887889027595520020e-01 5.784083008766174316e-01 3.728258311748504639e-01 1.000000000000000000e+00
9.886658787727355957e-01 5.727489590644836426e-01 3.675355613231658936e-01 1.000000000000000000e+00
9.885428547859191895e-01 5.670895576477050781e-01 3.622452914714813232e-01 1.000000000000000000e+00
9.884198307991027832e-01 5.614302158355712891e-01 3.569550216197967529e-01 1.000000000000000000e+00
9.882968068122863770e-01 5.557708740234375000e-01 3.516647517681121826e-01 1.000000000000000000e+00
9.874355792999267578e-01 5.504806041717529297e-01 3.479738533496856689e-01 1.000000000000000000e+00
9.858362078666687012e-01 5.455594062805175781e-01 3.458823561668395996e-01 1.000000000000000000e+00
9.842368364334106445e-01 5.406382083892822266e-01 3.437908589839935303e-01 1.000000000000000000e+00
9.826374650001525879e-01 5.357170104980468750e-01 3.416993319988250732e-01 1.000000000000000000e+00
9.810380339622497559e-01 5.307958722114562988e-01 3.396078348159790039e-01 1.000000000000000000e+00
9.794386625289916992e-01 5.258746743202209473e-01 3.375163376331329346e-01 1.000000000000000000e+00
9.778392910957336426e-01 5.209534764289855957e-01 3.354248404502868652e-01 1.000000000000000000e+00
9.762399196624755859e-01 5.160322785377502441e-01 3.333333432674407959e-01 1.000000000000000000e+00
9.746405482292175293e-01 5.111111402511596680e-01 3.312418162822723389e-01 1.000000000000000000e+00
9.730411171913146973e-01 5.061899423599243164e-01 3.291503190994262695e-01 1.000000000000000000e+00
9.714417457580566406e-01 5.012687444686889648e-01 3.270588219165802002e-01 1.000000000000000000e+00
9.698423743247985840e-01 4.963475465774536133e-01 3.249673247337341309e-01 1.000000000000000000e+00
9.682430028915405273e-01 4.914263784885406494e-01 3.228758275508880615e-01 1.000000000000000000e+00
9.666435718536376953e-01 4.865051805973052979e-01 3.207843005657196045e-01 1.000000000000000000e+00
9.650442004203796387e-01 4.815840125083923340e-01 3.186928033828735352e-01 1.000000000000000000e+00
9.634448289871215820e-01 4.766628146171569824e-01 3.166013062000274658e-01 1.000000000000000000e+00
9.618454575538635254e-01 4.717416465282440186e-01 3.145098090171813965e-01 1.000000000000000000e+00
9.602460861206054688e-01 4.668204486370086670e-01 3.124183118343353271e-01 1.000000000000000000e+00
9.586466550827026367e-01 4.618992805480957031e-01 3.103267848491668701e-01 1.000000000000000000e+00
9.570472836494445801e-01 4.569780826568603516e-01 3.082352876663208008e-01 1.000000000000000000e+00
9.554479122161865234e-01 4.520569145679473877e-01 3.061437904834747314e-01 1.000000000000000000e+00
9.538485407829284668e-01 4.471357166767120361e-01 3.040522933006286621e-01 1.000000000000000000e+00
9.522491097450256348e-01 4.422145187854766846e-01 3.019607961177825928e-01 1.000000000000000000e+00
9.506497383117675781e-01 4.372933506965637207e-01 2.998692691326141357e-01 1.000000000000000000e+00
9.490503668785095215e-01 4.323721528053283691e-01 2.977777719497680664e-01 1.000000000000000000e+00
9.474509954452514648e-01 4.274509847164154053e-01 2.956862747669219971e-01 1.000000000000000000e+00
9.458516240119934082e-01 4.225297868251800537e-01 2.935947775840759277e-01 1.000000000000000000e+00
9.442521929740905762e-01 4.176086187362670898e-01 2.915032804012298584e-01 1.000000000000000000e+00
9.426528215408325195e-01 4.126874208450317383e-01 2.894117534160614014e-01 1.000000000000000000e+00
9.410534501075744629e-01 4.077662527561187744e-01 2.873202562332153320e-01 1.000000000000000000e+00
9.394540786743164062e-01 4.028450548648834229e-01 2.852287590503692627e-01 1.000000000000000000e+00
9.378546476364135742e-01 3.979238867759704590e-01 2.831372618675231934e-01 1.000000000000000000e+00
9.354094862937927246e-01 3.920030891895294189e-01 2.792003154754638672e-01 1.000000000000000000e+00
9.324567317962646484e-01 3.854825198650360107e-01 2.741560935974121094e-01 1.000000000000000000e+00
9.295040369033813477e-01 3.789619505405426025e-01 2.691118717193603516e-01 1.000000000000000000e+00
9.265513420104980469e-01 3.724413812160491943e-01 2.640676796436309814e-01 1.000000000000000000e+00
9.235985875129699707e-01 3.659208118915557861e-01 2.590234577655792236e-01 1.000000000000000000e+00
9.206458926200866699e-01 3.594002425670623779e-01 2.539792358875274658e-01 1.000000000000000000e+00
9.176931977272033691e-01 3.528796732425689697e-01 2.489350289106369019e-01 1.000000000000000000e+00
9.147405028343200684e-01 3.463591039180755615e-01 2.438908070325851440e-01 1.000000000000000000e+00
9.117877483367919922e-01 3.398385345935821533e-01 2.388466000556945801e-01 1.000000000000000000e+00
9.088350534439086914e-01 3.333179652690887451e-01 2.338023781776428223e-01 1.000000000000000000e+00
9.058823585510253906e-01 3.267973959445953369e-01 2.287581712007522583e-01 1.000000000000000000e+00
9.029296636581420898e-01 3.202768266201019287e-01 2.237139493227005005e-01 1.000000000000000000e+00
8.999769091606140137e-01 3.137562572956085205e-01 2.186697423458099365e-01 1.000000000000000000e+00
8.970242142677307129e-01 3.072356879711151123e-01 2.136255353689193726e-01 1.000000000000000000e+00
8.940715193748474121e-01 3.007151186466217041e-01 2.085813134908676147e-01 1.000000000000000000e+00
8.911188244819641113e-01 2.941945493221282959e-01 2.035371065139770508e-01 1.000000000000000000e+00
8.881660699844360352e-01 2.876739799976348877e-01 1.984928846359252930e-01 1.000000000000000000e+00
8.852133750915527344e-01 2.811534106731414795e-01 1.934486776590347290e-01 1.000000000000000000e+00
8.822606801986694336e-01 2.746328413486480713e-01 1.884044557809829712e-01 1.000000000000000000e+00
8.793079853057861328e-01 2.681122720241546631e-01 1.833602488040924072e-01 1.000000000000000000e+00
8.763552308082580566e-01 2.615917026996612549e-01 1.783160269260406494e-01 1.000000000000000000e+00
8.734025359153747559e-01 2.550711333751678467e-01 1.732718199491500854e-01 1.000000000000000000e+00
8.704498410224914551e-01 2.485505640506744385e-01 1.682275980710983276e-01 1.000000000000000000e+00
8.674971461296081543e-01 2.420299947261810303e-01 1.631833910942077637e-01 1.000000000000000000e+00
8.645443916320800781e-01 2.355094254016876221e-01 1.581391841173171997e-01 1.000000000000000000e+00
8.615916967391967773e-01 2.289888560771942139e-01 1.530949622392654419e-01 1.000000000000000000e+00
8.586390018463134766e-01 2.224682867527008057e-01 1.480507552623748779e-01 1.000000000000000000e+00
8.556862473487854004e-01 2.159477174282073975e-01 1.430065333843231201e-01 1.000000000000000000e+00
8.527335524559020996e-01 2.094271481037139893e-01 1.379623264074325562e-01 1.000000000000000000e+00
8.497808575630187988e-01 2.029065787792205811e-01 1.329181045293807983e-01 1.000000000000000000e+00
8.468281626701354980e-01 1.963860094547271729e-01 1.278738975524902344e-01 1.000000000000000000e+00
8.438754081726074219e-01 1.898654401302337646e-01 1.228296831250190735e-01 1.000000000000000000e+00
8.398154377937316895e-01 1.838062256574630737e-01 1.187081858515739441e-01 1.000000000000000000e+00
8.353863954544067383e-01 1.779008060693740845e-01 1.148942708969116211e-01 1.000000000000000000e+00
8.309573531150817871e-01 1.719953864812850952e-01 1.110803559422492981e-01 1.000000000000000000e+00
8.265282511711120605e-01 1.660899668931961060e-01 1.072664335370063782e-01 1.000000000000000000e+00
8.220992088317871094e-01 1.601845473051071167e-01 1.034525185823440552e-01 1.000000000000000000e+00
8.176701068878173828e-01 1.542791277170181274e-01 9.963860362768173218e-02 1.000000000000000000e+00
8.132410645484924316e-01 1.483737081289291382e-01 9.582468122243881226e-02 1.000000000000000000e+00
8.088120222091674805e-01 1.424682885408401489e-01 9.201076626777648926e-02 1.000000000000000000e+00
8.043829202651977539e-01 1.365628540515899658e-01 8.819684386253356934e-02 1.000000000000000000e+00
7.999538779258728027e-01 1.306574344635009766e-01 8.438292890787124634e-02 1.000000000000000000e+00
7.955247759819030762e-01 1.247520148754119873e-01 8.056901395320892334e-02 1.000000000000000000e+00
7.910957336425781250e-01 1.188465952873229980e-01 7.675509154796600342e-02 1.000000000000000000e+00
7.866666913032531738e-01 1.129411756992340088e-01 7.294117659330368042e-02 1.000000000000000000e+00
7.822375893592834473e-01 1.070357561111450195e-01 6.912726163864135742e-02 1.000000000000000000e+00
7.778085470199584961e-01 1.011303365230560303e-01 6.531333923339843750e-02 1.000000000000000000e+00
7.733794450759887695e-01 9.522491693496704102e-02 6.149942427873611450e-02 1.000000000000000000e+00
7.689504027366638184e-01 8.931948989629745483e-02 5.768550559878349304e-02 1.000000000000000000e+00
7.645213603973388672e-01 8.341407030820846558e-02 5.387158691883087158e-02 1.000000000000000000e+00
7.600922584533691406e-01 7.750865072011947632e-02 5.005767196416854858e-02 1.000000000000000000e+00
7.556632161140441895e-01 7.160323113203048706e-02 4.624375328421592712e-02 1.000000000000000000e+00
7.512341141700744629e-01 6.569781154394149780e-02 4.242983460426330566e-02 1.000000000000000000e+00
7.468050718307495117e-01 5.979238823056221008e-02 3.861591592431068420e-02 1.000000000000000000e+00
7.423760294914245605e-01 5.388696491718292236e-02 3.480200096964836121e-02 1.000000000000000000e+00
7.379469275474548340e-01 4.798154532909393311e-02 3.098808228969573975e-02 1.000000000000000000e+00
7.335178852081298828e-01 4.207612574100494385e-02 2.717416360974311829e-02 1.000000000000000000e+00
7.290887832641601562e-01 3.617070242762565613e-02 2.336024679243564606e-02 1.000000000000000000e+00
7.246597409248352051e-01 3.026528283953666687e-02 1.954632811248302460e-02 1.000000000000000000e+00
7.202306985855102539e-01 2.435986138880252838e-02 1.573241129517555237e-02 1.000000000000000000e+00
7.158015966415405273e-01 1.845443993806838989e-02 1.191849261522293091e-02 1.000000000000000000e+00
7.113725543022155762e-01 1.254901941865682602e-02 8.104574866592884064e-03 1.000000000000000000e+00
7.069435119628906250e-01 6.643598433583974838e-03 4.290657583624124527e-03 1.000000000000000000e+00
7.025144100189208984e-01 7.381776231341063976e-04 4.767397185787558556e-04 1.000000000000000000e+00
6.963629126548767090e-01 0.000000000000000000e+00 0.000000000000000000e+00 1.000000000000000000e+00
6.899654269218444824e-01 0.000000000000000000e+00 0.000000000000000000e+00 1.000000000000000000e+00
6.835678815841674805e-01 0.000000000000000000e+00 0.000000000000000000e+00 1.000000000000000000e+00
6.771703362464904785e-01 0.000000000000000000e+00 0.000000000000000000e+00 1.000000000000000000e+00
6.707727909088134766e-01 0.000000000000000000e+00 0.000000000000000000e+00 1.000000000000000000e+00
6.643752455711364746e-01 0.000000000000000000e+00 0.000000000000000000e+00 1.000000000000000000e+00
6.579777002334594727e-01 0.000000000000000000e+00 0.000000000000000000e+00 1.000000000000000000e+00
6.515801548957824707e-01 0.000000000000000000e+00 0.000000000000000000e+00 1.000000000000000000e+00
6.451826095581054688e-01 0.000000000000000000e+00 0.000000000000000000e+00 1.000000000000000000e+00
6.387850642204284668e-01 0.000000000000000000e+00 0.000000000000000000e+00 1.000000000000000000e+00
6.323875188827514648e-01 0.000000000000000000e+00 0.000000000000000000e+00 1.000000000000000000e+00
6.259900331497192383e-01 0.000000000000000000e+00 0.000000000000000000e+00 1.000000000000000000e+00
6.195924878120422363e-01 0.000000000000000000e+00 0.000000000000000000e+00 1.000000000000000000e+00
6.131949424743652344e-01 0.000000000000000000e+00 0.000000000000000000e+00 1.000000000000000000e+00
6.067973971366882324e-01 0.000000000000000000e+00 0.000000000000000000e+00 1.000000000000000000e+00
6.003998517990112305e-01 0.000000000000000000e+00 0.000000000000000000e+00 1.000000000000000000e+00
5.940023064613342285e-01 0.000000000000000000e+00 0.000000000000000000e+00 1.000000000000000000e+00
5.876047611236572266e-01 0.000000000000000000e+00 0.000000000000000000e+00 1.000000000000000000e+00
5.812072157859802246e-01 0.000000000000000000e+00 0.000000000000000000e+00 1.000000000000000000e+00
5.748096704483032227e-01 0.000000000000000000e+00 0.000000000000000000e+00 1.000000000000000000e+00
5.684121251106262207e-01 0.000000000000000000e+00 0.000000000000000000e+00 1.000000000000000000e+00
5.620146393775939941e-01 0.000000000000000000e+00 0.000000000000000000e+00 1.000000000000000000e+00
5.556170940399169922e-01 0.000000000000000000e+00 0.000000000000000000e+00 1.000000000000000000e+00
5.492195487022399902e-01 0.000000000000000000e+00 0.000000000000000000e+00 1.000000000000000000e+00
5.428220033645629883e-01 0.000000000000000000e+00 0.000000000000000000e+00 1.000000000000000000e+00
5.364244580268859863e-01 0.000000000000000000e+00 0.000000000000000000e+00 1.000000000000000000e+00
5.300269126892089844e-01 0.000000000000000000e+00 0.000000000000000000e+00 1.000000000000000000e+00
5.236293673515319824e-01 0.000000000000000000e+00 0.000000000000000000e+00 1.000000000000000000e+00
5.172318220138549805e-01 0.000000000000000000e+00 0.000000000000000000e+00 1.000000000000000000e+00
5.108342766761779785e-01 0.000000000000000000e+00 0.000000000000000000e+00 1.000000000000000000e+00
5.044367313385009766e-01 0.000000000000000000e+00 0.000000000000000000e+00 1.000000000000000000e+00
4.980392158031463623e-01 0.000000000000000000e+00 0.000000000000000000e+00 1.000000000000000000e+00
