1.177999973297119141e-01 0.000000000000000000e+00 0.000000000000000000e+00 1.000000000000000000e+00
1.370846927165985107e-01 2.541472017765045166e-02 2.541472017765045166e-02 1.000000000000000000e+00
1.563693732023239136e-01 5.082944035530090332e-02 5.082944035530090332e-02 1.000000000000000000e+00
1.756540685892105103e-01 7.624416053295135498e-02 7.624416053295135498e-02 1.000000000000000000e+00
1.949387639760971069e-01 1.016588807106018066e-01 1.016588807106018066e-01 1.000000000000000000e+00
2.087521255016326904e-01 1.128949373960494995e-01 1.128949373960494995e-01 1.000000000000000000e+00
2.222919464111328125e-01 1.234221234917640686e-01 1.234221234917640686e-01 1.000000000000000000e+00
2.358317822217941284e-01 1.339493095874786377e-01 1.339493095874786377e-01 1.000000000000000000e+00
2.493716031312942505e-01 1.444765031337738037e-01 1.444765031337738037e-01 1.000000000000000000e+00
2.606767714023590088e-01 1.527873724699020386e-01 1.527873724699020386e-01 1.000000000000000000e+00
2.717467546463012695e-01 1.608649641275405884e-01 1.608649641275405884e-01 1.000000000000000000e+00
2.828167378902435303e-01 1.689425557851791382e-01 1.689425557851791382e-01 1.000000000000000000e+00
2.938867211341857910e-01 1.770201623439788818e-01 1.770201623439788818e-01 1.000000000000000000e+00
3.036964535713195801e-01 1.840111762285232544e-01 1.840111762285232544e-01 1.000000000000000000e+00
3.132961690425872803e-01 1.908211112022399902e-01 1.908211112022399902e-01 1.000000000000000000e+00
3.228959143161773682e-01 1.976310461759567261e-01 1.976310461759567261e-01 1.000000000000000000e+00
3.324956297874450684e-01 2.044409811496734619e-01 2.044409811496734619e-01 1.000000000000000000e+00
3.412817418575286865e-01 2.105949074029922485e-01 2.105949074029922485e-01 1.000000000000000000e+00
3.498764336109161377e-01 2.165944874286651611e-01 2.165944874286651611e-01 1.000000000000000000e+00
3.584711253643035889e-01 2.225940674543380737e-01 2.225940674543380737e-01 1.000000000000000000e+00
3.670658171176910400e-01 2.285936474800109863e-01 2.285936474800109863e-01 1.000000000000000000e+00
3.750942945480346680e-01 2.341546267271041870e-01 2.341546267271041870e-01 1.000000000000000000e+00
3.829458057880401611e-01 2.395785599946975708e-01 2.395785599946975708e-01 1.000000000000000000e+00
3.907973468303680420e-01 2.450025081634521484e-01 2.450025081634521484e-01 1.000000000000000000e+00
3.986488878726959229e-01 2.504264414310455322e-01 2.504264414310455322e-01 1.000000000000000000e+00
4.060873091220855713e-01 2.555390596389770508e-01 2.555390596389770508e-01 1.000000000000000000e+00
4.133604764938354492e-01 2.605271935462951660e-01 2.605271935462951660e-01 1.000000000000000000e+00
4.206336438655853271e-01 2.655152976512908936e-01 2.655152976512908936e-01 1.000000000000000000e+00
4.279068112373352051e-01 2.705034315586090088e-01 2.705034315586090088e-01 1.000000000000000000e+00
4.348690211772918701e-01 2.752611339092254639e-01 2.752611339092254639e-01 1.000000000000000000e+00
4.416757225990295410e-01 2.799036204814910889e-01 2.799036204814910889e-01 1.000000000000000000e+00
4.484824538230895996e-01 2.845461070537567139e-01 2.845461070537567139e-01 1.000000000000000000e+00
4.552891850471496582e-01 2.891885936260223389e-01 2.891885936260223389e-01 1.000000000000000000e+00
4.618563950061798096e-01 2.936565577983856201e-01 2.936565577983856201e-01 1.000000000000000000e+00
4.682762324810028076e-01 2.980171442031860352e-01 2.980171442031860352e-01 1.000000000000000000e+00
4.746960401535034180e-01 3.023777306079864502e-01 3.023777306079864502e-01 1.000000000000000000e+00
4.811158776283264160e-01 3.067383468151092529e-01 3.067383468151092529e-01 1.000000000000000000e+00
4.873483479022979736e-01 3.109638094902038574e-01 3.109638094902038574e-01 1.000000000000000000e+00
4.934403300285339355e-01 3.150879740715026855e-01 3.150879740715026855e-01 1.000000000000000000e+00
4.995323121547698975e-01 3.192121386528015137e-01 3.192121386528015137e-01 1.000000000000000000e+00
5.056242942810058594e-01 3.233362734317779541e-01 3.233362734317779541e-01 1.000000000000000000e+00
5.115686058998107910e-01 3.273549675941467285e-01 3.273549675941467285e-01 1.000000000000000000e+00
5.173786878585815430e-01 3.312777578830718994e-01 3.312777578830718994e-01 1.000000000000000000e+00
5.231887698173522949e-01 3.352005779743194580e-01 3.352005779743194580e-01 1.000000000000000000e+00
5.289988517761230469e-01 3.391233682632446289e-01 3.391233682632446289e-01 1.000000000000000000e+00
5.346917510032653809e-01 3.429628610610961914e-01 3.429628610610961914e-01 1.000000000000000000e+00
5.402557849884033203e-01 3.467107713222503662e-01 3.467107713222503662e-01 1.000000000000000000e+00
5.458198189735412598e-01 3.504586517810821533e-01 3.504586517810821533e-01 1.000000000000000000e+00
5.513838529586791992e-01 3.542065322399139404e-01 3.542065322399139404e-01 1.000000000000000000e+00
5.568546652793884277e-01 3.578888773918151855e-01 3.578888773918151855e-01 1.000000000000000000e+00
5.622012615203857422e-01 3.614838123321533203e-01 3.614838123321533203e-01 1.000000000000000000e+00
5.675478577613830566e-01 3.650787770748138428e-01 3.650787770748138428e-01 1.000000000000000000e+00
5.728944540023803711e-01 3.686737418174743652e-01 3.686737418174743652e-01 1.000000000000000000e+00
5.781672596931457520e-01 3.722169101238250732e-01 3.722169101238250732e-01 1.000000000000000000e+00
5.833202004432678223e-01 3.756760060787200928e-01 3.756760060787200928e-01 1.000000000000000000e+00
5.884730815887451172e-01 3.791350722312927246e-01 3.791350722312927246e-01 1.000000000000000000e+00
5.936260223388671875e-01 3.825941383838653564e-01 3.825941383838653564e-01 1.000000000000000000e+00
5.987208485603332520e-01 3.860127925872802734e-01 3.860127925872802734e-01 1.000000000000000000e+00
6.036995649337768555e-01 3.893505334854125977e-01 3.893505334854125977e-01 1.000000000000000000e+00
6.086783409118652344e-01 3.926883041858673096e-01 3.926883041858673096e-01 1.000000000000000000e+00
6.136570572853088379e-01 3.960260748863220215e-01 3.960260748863220215e-01 1.000000000000000000e+00
6.185908913612365723e-01 3.993324935436248779e-01 3.993324935436248779e-01 1.000000000000000000e+00
6.234124898910522461e-01 4.025605618953704834e-01 4.025605618953704834e-01 1.000000000000000000e+00
6.282340884208679199e-01 4.057886600494384766e-01 4.057886600494384766e-01 1.000000000000000000e+00
6.330556869506835938e-01 4.090167284011840820e-01 4.090167284011840820e-01 1.000000000000000000e+00
6.378430724143981934e-01 4.122210741043090820e-01 4.122210741043090820e-01 1.000000000000000000e+00
6.425209045410156250e-01 4.153496026992797852e-01 4.153496026992797852e-01 1.000000000000000000e+00
6.471986770629882812e-01 4.184781014919281006e-01 4.184781014919281006e-01 1.000000000000000000e+00
6.518765091896057129e-01 4.216066002845764160e-01 4.216066002845764160e-01 1.000000000000000000e+00
6.565293669700622559e-01 4.247179031372070312e-01 4.247179031372070312e-01 1.000000000000000000e+00
6.610759496688842773e-01 4.277559816837310791e-01 4.277559816837310791e-01 1.000000000000000000e+00
6.656225919723510742e-01 4.307940602302551270e-01 4.307940602302551270e-01 1.000000000000000000e+00
6.701692342758178711e-01 4.338321387767791748e-01 4.338321387767791748e-01 1.000000000000000000e+00
6.746985912322998047e-01 4.368582963943481445e-01 4.368582963943481445e-01 1.000000000000000000e+00
6.791244149208068848e-01 4.398128688335418701e-01 4.398128688335418701e-01 1.000000000000000000e+00
6.835502386093139648e-01 4.427674710750579834e-01 4.427674710750579834e-01 1.000000000000000000e+00
6.879760026931762695e-01 4.457220435142517090e-01 4.457220435142517090e-01 1.000000000000000000e+00
6.923911571502685547e-01 4.486693143844604492e-01 4.486693143844604492e-01 1.000000000000000000e+00
6.967051029205322266e-01 4.515472948551177979e-01 4.515472948551177979e-01 1.000000000000000000e+00
7.010189890861511230e-01 4.544253051280975342e-01 4.544253051280975342e-01 1.000000000000000000e+00
7.053328752517700195e-01 4.573032855987548828e-01 4.573032855987548828e-01 1.000000000000000000e+00
7.096418142318725586e-01 4.601778984069824219e-01 4.601778984069824219e-01 1.000000000000000000e+00
7.138522267341613770e-01 4.629847109317779541e-01 4.629847109317779541e-01 1.000000000000000000e+00
7.180625796318054199e-01 4.657915532588958740e-01 4.657915532588958740e-01 1.000000000000000000e+00
7.222729921340942383e-01 4.685983955860137939e-01 4.685983955860137939e-01 1.000000000000000000e+00
7.264833450317382812e-01 4.714052379131317139e-01 4.714052379131317139e-01 1.000000000000000000e+00
7.305971384048461914e-01 4.741458594799041748e-01 4.741458594799041748e-01 1.000000000000000000e+00
7.347109317779541016e-01 4.768864810466766357e-01 4.768864810466766357e-01 1.000000000000000000e+00
7.388246655464172363e-01 4.796271026134490967e-01 4.796271026134490967e-01 1.000000000000000000e+00
7.429384589195251465e-01 4.823677241802215576e-01 4.823677241802215576e-01 1.000000000000000000e+00
7.469666004180908203e-01 4.850497841835021973e-01 4.850497841835021973e-01 1.000000000000000000e+00
7.509904503822326660e-01 4.877288937568664551e-01 4.877288937568664551e-01 1.000000000000000000e+00
7.550143003463745117e-01 4.904079735279083252e-01 4.904079735279083252e-01 1.000000000000000000e+00
7.590381503105163574e-01 4.930870831012725830e-01 4.930870831012725830e-01 1.000000000000000000e+00
7.609713077545166016e-01 4.987535476684570312e-01 4.957141280174255371e-01 1.000000000000000000e+00
7.626847028732299805e-01 5.047340989112854004e-01 4.983356595039367676e-01 1.000000000000000000e+00
7.643980383872985840e-01 5.107146501541137695e-01 5.009571909904479980e-01 1.000000000000000000e+00
7.661113739013671875e-01 5.166952013969421387e-01 5.035787224769592285e-01 1.000000000000000000e+00
7.678115963935852051e-01 5.224466323852539062e-01 5.061537027359008789e-01 1.000000000000000000e+00
7.695096731185913086e-01 5.281598567962646484e-01 5.087208747863769531e-01 1.000000000000000000e+00
7.712076902389526367e-01 5.338730812072753906e-01 5.112881064414978027e-01 1.000000000000000000e+00
7.729057073593139648e-01 5.395863652229309082e-01 5.138552784919738770e-01 1.000000000000000000e+00
7.745917439460754395e-01 5.451095700263977051e-01 5.163816809654235840e-01 1.000000000000000000e+00
7.762749791145324707e-01 5.505880713462829590e-01 5.188984274864196777e-01 1.000000000000000000e+00
7.779582142829895020e-01 5.560666322708129883e-01 5.214152336120605469e-01 1.000000000000000000e+00
7.796413898468017578e-01 5.615451931953430176e-01 5.239320397377014160e-01 1.000000000000000000e+00
7.813135385513305664e-01 5.668653845787048340e-01 5.264118909835815430e-01 1.000000000000000000e+00
7.829821705818176270e-01 5.721361041069030762e-01 5.288802981376647949e-01 1.000000000000000000e+00
7.846508026123046875e-01 5.774068832397460938e-01 5.313486456871032715e-01 1.000000000000000000e+00
7.863194346427917480e-01 5.826776623725891113e-01 5.338169932365417480e-01 1.000000000000000000e+00
7.879778146743774414e-01 5.878157019615173340e-01 5.362532734870910645e-01 1.000000000000000000e+00
7.896321415901184082e-01 5.929006338119506836e-01 5.386766791343688965e-01 1.000000000000000000e+00
7.912864685058593750e-01 5.979856252670288086e-01 5.411000847816467285e-01 1.000000000000000000e+00
7.929407358169555664e-01 6.030705571174621582e-01 5.435234904289245605e-01 1.000000000000000000e+00
7.945858240127563477e-01 6.080438494682312012e-01 5.459182262420654297e-01 1.000000000000000000e+00
7.962263226509094238e-01 6.129613518714904785e-01 5.482985973358154297e-01 1.000000000000000000e+00
7.978667616844177246e-01 6.178787946701049805e-01 5.506790280342102051e-01 1.000000000000000000e+00
7.995072603225708008e-01 6.227962374687194824e-01 5.530594587326049805e-01 1.000000000000000000e+00
8.011394739151000977e-01 6.276196241378784180e-01 5.554146170616149902e-01 1.000000000000000000e+00
8.027666211128234863e-01 6.323851943016052246e-01 5.577542781829833984e-01 1.000000000000000000e+00
8.043937087059020996e-01 6.371507048606872559e-01 5.600939393043518066e-01 1.000000000000000000e+00
8.060208559036254883e-01 6.419162154197692871e-01 5.624336004257202148e-01 1.000000000000000000e+00
8.076403737068176270e-01 6.466026306152343750e-01 5.647512078285217285e-01 1.000000000000000000e+00
8.092541694641113281e-01 6.512297987937927246e-01 5.670523047447204590e-01 1.000000000000000000e+00
8.108679652214050293e-01 6.558570265769958496e-01 5.693534016609191895e-01 1.000000000000000000e+00
8.124817013740539551e-01 6.604841947555541992e-01 5.716544985771179199e-01 1.000000000000000000e+00
8.140887618064880371e-01 6.650443673133850098e-01 5.739361643791198730e-01 1.000000000000000000e+00
8.156895637512207031e-01 6.695438027381896973e-01 5.762000679969787598e-01 1.000000000000000000e+00
8.172904253005981445e-01 6.740431785583496094e-01 5.784639716148376465e-01 1.000000000000000000e+00
8.188912868499755859e-01 6.785426139831542969e-01 5.807278752326965332e-01 1.000000000000000000e+00
8.204862475395202637e-01 6.829862594604492188e-01 5.829752683639526367e-01 1.000000000000000000e+00
8.220748901367187500e-01 6.873686313629150391e-01 5.852044820785522461e-01 1.000000000000000000e+00
8.236634731292724609e-01 6.917509436607360840e-01 5.874336957931518555e-01 1.000000000000000000e+00
8.252520561218261719e-01 6.961332559585571289e-01 5.896629095077514648e-01 1.000000000000000000e+00
8.268352150917053223e-01 7.004691362380981445e-01 5.918776988983154297e-01 1.000000000000000000e+00
8.284112215042114258e-01 7.047430276870727539e-01 5.940732955932617188e-01 1.000000000000000000e+00
8.299872279167175293e-01 7.090169191360473633e-01 5.962689518928527832e-01 1.000000000000000000e+00
8.315631747245788574e-01 7.132907509803771973e-01 5.984645485877990723e-01 1.000000000000000000e+00
8.331346511840820312e-01 7.175262570381164551e-01 6.006479263305664062e-01 1.000000000000000000e+00
8.346987962722778320e-01 7.216993570327758789e-01 6.028114557266235352e-01 1.000000000000000000e+00
8.362629413604736328e-01 7.258723974227905273e-01 6.049749255180358887e-01 1.000000000000000000e+00
8.378270864486694336e-01 7.300454974174499512e-01 6.071383953094482422e-01 1.000000000000000000e+00
8.393873572349548340e-01 7.341871857643127441e-01 6.092916131019592285e-01 1.000000000000000000e+00
8.409398794174194336e-01 7.382661104202270508e-01 6.114242672920227051e-01 1.000000000000000000e+00
8.424923419952392578e-01 7.423450946807861328e-01 6.135568618774414062e-01 1.000000000000000000e+00
8.440448641777038574e-01 7.464240193367004395e-01 6.156894564628601074e-01 1.000000000000000000e+00
8.455941677093505859e-01 7.504779100418090820e-01 6.178137660026550293e-01 1.000000000000000000e+00
8.471353054046630859e-01 7.544691562652587891e-01 6.199172139167785645e-01 1.000000000000000000e+00
8.486764430999755859e-01 7.584604024887084961e-01 6.220206618309020996e-01 1.000000000000000000e+00
8.502176403999328613e-01 7.624516487121582031e-01 6.241241693496704102e-01 1.000000000000000000e+00
8.517560958862304688e-01 7.664231657981872559e-01 6.262208223342895508e-01 1.000000000000000000e+00
8.532858490943908691e-01 7.703316807746887207e-01 6.282958984375000000e-01 1.000000000000000000e+00
8.548156619071960449e-01 7.742401361465454102e-01 6.303709149360656738e-01 1.000000000000000000e+00
8.563454151153564453e-01 7.781485915184020996e-01 6.324459910392761230e-01 1.000000000000000000e+00
8.578731417655944824e-01 7.820423245429992676e-01 6.345158815383911133e-01 1.000000000000000000e+00
8.593918085098266602e-01 7.858732342720031738e-01 6.365640163421630859e-01 1.000000000000000000e+00
8.609104752540588379e-01 7.897040843963623047e-01 6.386121511459350586e-01 1.000000000000000000e+00
8.624291419982910156e-01 7.935349941253662109e-01 6.406602859497070312e-01 1.000000000000000000e+00
8.639463186264038086e-01 7.973554730415344238e-01 6.427046656608581543e-01 1.000000000000000000e+00
8.654543161392211914e-01 8.011132478713989258e-01 6.447265744209289551e-01 1.000000000000000000e+00
8.669623732566833496e-01 8.048710227012634277e-01 6.467485427856445312e-01 1.000000000000000000e+00
8.684704303741455078e-01 8.086287379264831543e-01 6.487704515457153320e-01 1.000000000000000000e+00
8.699774742126464844e-01 8.123799562454223633e-01 6.507899761199951172e-01 1.000000000000000000e+00
8.714751601219177246e-01 8.160688281059265137e-01 6.527867317199707031e-01 1.000000000000000000e+00
8.729728460311889648e-01 8.197576403617858887e-01 6.547834277153015137e-01 1.000000000000000000e+00
8.744705319404602051e-01 8.234465122222900391e-01 6.567801833152770996e-01 1.000000000000000000e+00
8.759676814079284668e-01 8.271322250366210938e-01 6.587757468223571777e-01 1.000000000000000000e+00
8.774549961090087891e-01 8.307553529739379883e-01 6.607485413551330566e-01 1.000000000000000000e+00
8.789423108100891113e-01 8.343784213066101074e-01 6.627212762832641602e-01 1.000000000000000000e+00
8.804295659065246582e-01 8.380015492439270020e-01 6.646940708160400391e-01 1.000000000000000000e+00
8.819168806076049805e-01 8.416246771812438965e-01 6.666668057441711426e-01 1.000000000000000000e+00
8.833940625190734863e-01 8.451860547065734863e-01 6.686158776283264160e-01 1.000000000000000000e+00
8.848711848258972168e-01 8.487474322319030762e-01 6.705649495124816895e-01 1.000000000000000000e+00
8.863483667373657227e-01 8.523087501525878906e-01 6.725139617919921875e-01 1.000000000000000000e+00
8.878255486488342285e-01 8.558701276779174805e-01 6.744630336761474609e-01 1.000000000000000000e+00
8.892933130264282227e-01 8.593752384185791016e-01 6.763908863067626953e-01 1.000000000000000000e+00
8.907606005668640137e-01 8.628775477409362793e-01 6.783177256584167480e-01 1.000000000000000000e+00
8.922278881072998047e-01 8.663798570632934570e-01 6.802445054054260254e-01 1.000000000000000000e+00
8.936951160430908203e-01 8.698821663856506348e-01 6.821713447570800781e-01 1.000000000000000000e+00
8.951537013053894043e-01 8.733335137367248535e-01 6.840785145759582520e-01 1.000000000000000000e+00
8.966113328933715820e-01 8.767794966697692871e-01 6.859835386276245117e-01 1.000000000000000000e+00
8.980690240859985352e-01 8.802254796028137207e-01 6.878886222839355469e-01 1.000000000000000000e+00
8.995266556739807129e-01 8.836714625358581543e-01 6.897937059402465820e-01 1.000000000000000000e+00
9.009762406349182129e-01 8.870717287063598633e-01 6.916805505752563477e-01 1.000000000000000000e+00
9.024245142936706543e-01 8.904643058776855469e-01 6.935644149780273438e-01 1.000000000000000000e+00
9.038727879524230957e-01 8.938569426536560059e-01 6.954482197761535645e-01 1.000000000000000000e+00
9.053210616111755371e-01 8.972495794296264648e-01 6.973320245742797852e-01 1.000000000000000000e+00
9.067617058753967285e-01 9.006007909774780273e-01 6.991994976997375488e-01 1.000000000000000000e+00
9.082005620002746582e-01 9.039422273635864258e-01 7.010630369186401367e-01 1.000000000000000000e+00
9.096394181251525879e-01 9.072837233543395996e-01 7.029266357421875000e-01 1.000000000000000000e+00
9.110783338546752930e-01 9.106252193450927734e-01 7.047901749610900879e-01 1.000000000000000000e+00
9.125102162361145020e-01 9.125102162361145020e-01 7.093620300292968750e-01 1.000000000000000000e+00
9.139399528503417969e-01 9.139399528503417969e-01 7.147805094718933105e-01 1.000000000000000000e+00
9.153696894645690918e-01 9.153696894645690918e-01 7.201990485191345215e-01 1.000000000000000000e+00
9.167994260787963867e-01 9.167994260787963867e-01 7.256175279617309570e-01 1.000000000000000000e+00
9.182226061820983887e-01 9.182226061820983887e-01 7.309225797653198242e-01 1.000000000000000000e+00
9.196432232856750488e-01 9.196432232856750488e-01 7.361822128295898438e-01 1.000000000000000000e+00
9.210637807846069336e-01 9.210637807846069336e-01 7.414418458938598633e-01 1.000000000000000000e+00
9.224843978881835938e-01 9.224843978881835938e-01 7.467014789581298828e-01 1.000000000000000000e+00
9.238992333412170410e-01 9.238992333412170410e-01 7.518643140792846680e-01 1.000000000000000000e+00
9.253111481666564941e-01 9.253111481666564941e-01 7.569786310195922852e-01 1.000000000000000000e+00
9.267231225967407227e-01 9.267231225967407227e-01 7.620930075645446777e-01 1.000000000000000000e+00
9.281350374221801758e-01 9.281350374221801758e-01 7.672073841094970703e-01 1.000000000000000000e+00
9.295416474342346191e-01 9.295416474342346191e-01 7.722387313842773438e-01 1.000000000000000000e+00
9.309449195861816406e-01 9.309449195861816406e-01 7.772189378738403320e-01 1.000000000000000000e+00
9.323482513427734375e-01 9.323482513427734375e-01 7.821991443634033203e-01 1.000000000000000000e+00
9.337515234947204590e-01 9.337515234947204590e-01 7.871793508529663086e-01 1.000000000000000000e+00
9.351500272750854492e-01 9.351500272750854492e-01 7.920885682106018066e-01 1.000000000000000000e+00
9.365448951721191406e-01 9.365448951721191406e-01 7.969445586204528809e-01 1.000000000000000000e+00
9.379398226737976074e-01 9.379398226737976074e-01 8.018004894256591797e-01 1.000000000000000000e+00
9.393346905708312988e-01 9.393346905708312988e-01 8.066564202308654785e-01 1.000000000000000000e+00
9.407252073287963867e-01 9.407252073287963867e-01 8.114522099494934082e-01 1.000000000000000000e+00
9.421116709709167480e-01 9.421116709709167480e-01 8.161932826042175293e-01 1.000000000000000000e+00
9.434981942176818848e-01 9.434981942176818848e-01 8.209343552589416504e-01 1.000000000000000000e+00
9.448846578598022461e-01 9.448846578598022461e-01 8.256753683090209961e-01 1.000000000000000000e+00
9.462673068046569824e-01 9.462673068046569824e-01 8.303651809692382812e-01 1.000000000000000000e+00
9.476456642150878906e-01 9.476456642150878906e-01 8.349984884262084961e-01 1.000000000000000000e+00
9.490239620208740234e-01 9.490239620208740234e-01 8.396318554878234863e-01 1.000000000000000000e+00
9.504023194313049316e-01 9.504023194313049316e-01 8.442652225494384766e-01 1.000000000000000000e+00
9.517771601676940918e-01 9.517771601676940918e-01 8.488555550575256348e-01 1.000000000000000000e+00
9.531473517417907715e-01 9.531473517417907715e-01 8.533886075019836426e-01 1.000000000000000000e+00
9.545175433158874512e-01 9.545175433158874512e-01 8.579216599464416504e-01 1.000000000000000000e+00
9.558877348899841309e-01 9.558877348899841309e-01 8.624547123908996582e-01 1.000000000000000000e+00
9.572549462318420410e-01 9.572549462318420410e-01 8.669519424438476562e-01 1.000000000000000000e+00
9.586172103881835938e-01 9.586172103881835938e-01 8.713911175727844238e-01 1.000000000000000000e+00
9.599794745445251465e-01 9.599794745445251465e-01 8.758302927017211914e-01 1.000000000000000000e+00
9.613417983055114746e-01 9.613417983055114746e-01 8.802694082260131836e-01 1.000000000000000000e+00
9.627014994621276855e-01 9.627014994621276855e-01 8.846789598464965820e-01 1.000000000000000000e+00
9.640561342239379883e-01 9.640561342239379883e-01 8.890291452407836914e-01 1.000000000000000000e+00
9.654107689857482910e-01 9.654107689857482910e-01 8.933793902397155762e-01 1.000000000000000000e+00
9.667654037475585938e-01 9.667654037475585938e-01 8.977295756340026855e-01 1.000000000000000000e+00
9.681178331375122070e-01 9.681178331375122070e-01 9.020560979843139648e-01 1.000000000000000000e+00
9.694647789001464844e-01 9.694647789001464844e-01 9.063233137130737305e-01 1.000000000000000000e+00
9.708117246627807617e-01 9.708117246627807617e-01 9.105905294418334961e-01 1.000000000000000000e+00
9.721587300300598145e-01 9.721587300300598145e-01 9.148576855659484863e-01 1.000000000000000000e+00
9.735038876533508301e-01 9.735038876533508301e-01 9.191060662269592285e-01 1.000000000000000000e+00
9.748434424400329590e-01 9.748434424400329590e-01 9.232942461967468262e-01 1.000000000000000000e+00
9.761829972267150879e-01 9.761829972267150879e-01 9.274823665618896484e-01 1.000000000000000000e+00
9.775225520133972168e-01 9.775225520133972168e-01 9.316705465316772461e-01 1.000000000000000000e+00
9.788607358932495117e-01 9.788607358932495117e-01 9.358444809913635254e-01 1.000000000000000000e+00
9.801928400993347168e-01 9.801928400993347168e-01 9.399579763412475586e-01 1.000000000000000000e+00
9.815250039100646973e-01 9.815250039100646973e-01 9.440715312957763672e-01 1.000000000000000000e+00
9.828571677207946777e-01 9.828571677207946777e-01 9.481850862503051758e-01 1.000000000000000000e+00
9.841882586479187012e-01 9.841882586479187012e-01 9.522885084152221680e-01 1.000000000000000000e+00
9.855129718780517578e-01 9.855129718780517578e-01 9.563313722610473633e-01 1.000000000000000000e+00
9.868376851081848145e-01 9.868376851081848145e-01 9.603742361068725586e-01 1.000000000000000000e+00
9.881623983383178711e-01 9.881623983383178711e-01 9.644170999526977539e-01 1.000000000000000000e+00
9.894865155220031738e-01 9.894865155220031738e-01 9.684535861015319824e-01 1.000000000000000000e+00
9.908043146133422852e-01 9.908043146133422852e-01 9.724292755126953125e-01 1.000000000000000000e+00
9.921221137046813965e-01 9.921221137046813965e-01 9.764049649238586426e-01 1.000000000000000000e+00
9.934399127960205078e-01 9.934399127960205078e-01 9.803806543350219727e-01 1.000000000000000000e+00
9.947574138641357422e-01 9.947574138641357422e-01 9.843532443046569824e-01 1.000000000000000000e+00
9.960680603981018066e-01 9.960680603981018066e-01 9.882649183273315430e-01 1.000000000000000000e+00
9.973787069320678711e-01 9.973787069320678711e-01 9.921766519546508789e-01 1.000000000000000000e+00
9.986893534660339355e-01 9.986893534660339355e-01 9.960883259773254395e-01 1.000000000000000000e+00
1.000000000000000000e+00 1.000000000000000000e+00 1.000000000000000000e+00 1.000000000000000000e+00
