5.568627715110778809e-01 3.921568859368562698e-03 3.215686380863189697e-01 1.000000000000000000e+00
5.653210282325744629e-01 7.920030504465103149e-03 3.281814754009246826e-01 1.000000000000000000e+00
5.737793445587158203e-01 1.191849261522293091e-02 3.347943127155303955e-01 1.000000000000000000e+00
5.822376012802124023e-01 1.591695472598075867e-02 3.414071500301361084e-01 1.000000000000000000e+00
5.906958580017089844e-01 1.991541683673858643e-02 3.480199873447418213e-01 1.000000000000000000e+00
5.991541743278503418e-01 2.391387894749641418e-02 3.546328246593475342e-01 1.000000000000000000e+00
6.076124310493469238e-01 2.791234105825424194e-02 3.612456619739532471e-01 1.000000000000000000e+00
6.160707473754882812e-01 3.191080316901206970e-02 3.678585290908813477e-01 1.000000000000000000e+00
6.245290040969848633e-01 3.590926527976989746e-02 3.744713664054870605e-01 1.000000000000000000e+00
6.329873204231262207e-01 3.990772739052772522e-02 3.810842037200927734e-01 1.000000000000000000e+00
6.414455771446228027e-01 4.390618950128555298e-02 3.876970410346984863e-01 1.000000000000000000e+00
6.499038934707641602e-01 4.790465161204338074e-02 3.943098783493041992e-01 1.000000000000000000e+00
6.583621501922607422e-01 5.190311372280120850e-02 4.009227156639099121e-01 1.000000000000000000e+00
6.668204665184020996e-01 5.590157583355903625e-02 4.075355529785156250e-01 1.000000000000000000e+00
6.752787232398986816e-01 5.990003794431686401e-02 4.141483902931213379e-01 1.000000000000000000e+00
6.837370395660400391e-01 6.389850378036499023e-02 4.207612574100494385e-01 1.000000000000000000e+00
6.921952962875366211e-01 6.789696216583251953e-02 4.273740947246551514e-01 1.000000000000000000e+00
7.006536126136779785e-01 7.189542800188064575e-02 4.339869320392608643e-01 1.000000000000000000e+00
7.091118693351745605e-01 7.589388638734817505e-02 4.405997693538665771e-01 1.000000000000000000e+00
7.175701856613159180e-01 7.989235222339630127e-02 4.472126066684722900e-01 1.000000000000000000e+00
7.260284423828125000e-01 8.389081060886383057e-02 4.538254439830780029e-01 1.000000000000000000e+00
7.344867587089538574e-01 8.788927644491195679e-02 4.604382812976837158e-01 1.000000000000000000e+00
7.429450154304504395e-01 9.188773483037948608e-02 4.670511484146118164e-01 1.000000000000000000e+00
7.514033317565917969e-01 9.588620066642761230e-02 4.736639857292175293e-01 1.000000000000000000e+00
7.598615884780883789e-01 9.988465905189514160e-02 4.802768230438232422e-01 1.000000000000000000e+00
7.683199048042297363e-01 1.038831248879432678e-01 4.868896603584289551e-01 1.000000000000000000e+00
7.744713425636291504e-01 1.129565536975860596e-01 4.939638674259185791e-01 1.000000000000000000e+00
7.783160209655761719e-01 1.271049529314041138e-01 5.014994144439697266e-01 1.000000000000000000e+00
7.821606993675231934e-01 1.412533670663833618e-01 5.090349912643432617e-01 1.000000000000000000e+00
7.860053777694702148e-01 1.554017663002014160e-01 5.165705680847167969e-01 1.000000000000000000e+00
7.898500561714172363e-01 1.695501804351806641e-01 5.241060853004455566e-01 1.000000000000000000e+00
7.936947345733642578e-01 1.836985796689987183e-01 5.316416621208190918e-01 1.000000000000000000e+00
7.975394129753112793e-01 1.978469789028167725e-01 5.391772389411926270e-01 1.000000000000000000e+00
8.013840913772583008e-01 2.119953930377960205e-01 5.467128157615661621e-01 1.000000000000000000e+00
8.052287697792053223e-01 2.261437922716140747e-01 5.542483925819396973e-01 1.000000000000000000e+00
8.090734481811523438e-01 2.402921915054321289e-01 5.617839097976684570e-01 1.000000000000000000e+00
8.129181265830993652e-01 2.544406056404113770e-01 5.693194866180419922e-01 1.000000000000000000e+00
8.167628049850463867e-01 2.685889899730682373e-01 5.768550634384155273e-01 1.000000000000000000e+00
8.206074833869934082e-01 2.827374041080474854e-01 5.843906402587890625e-01 1.000000000000000000e+00
8.244521617889404297e-01 2.968858182430267334e-01 5.919261574745178223e-01 1.000000000000000000e+00
8.282967805862426758e-01 3.110342323780059814e-01 5.994617342948913574e-01 1.000000000000000000e+00
8.321414589881896973e-01 3.251826167106628418e-01 6.069973111152648926e-01 1.000000000000000000e+00
8.359861373901367188e-01 3.393310308456420898e-01 6.145328879356384277e-01 1.000000000000000000e+00
8.398308157920837402e-01 3.534794449806213379e-01 6.220684647560119629e-01 1.000000000000000000e+00
8.436754941940307617e-01 3.676278293132781982e-01 6.296039819717407227e-01 1.000000000000000000e+00
8.475201725959777832e-01 3.817762434482574463e-01 6.371395587921142578e-01 1.000000000000000000e+00
8.513648509979248047e-01 3.959246575832366943e-01 6.446751356124877930e-01 1.000000000000000000e+00
8.552095293998718262e-01 4.100730419158935547e-01 6.522107124328613281e-01 1.000000000000000000e+00
8.590542078018188477e-01 4.242214560508728027e-01 6.597462296485900879e-01 1.000000000000000000e+00
8.628988862037658691e-01 4.383698701858520508e-01 6.672818064689636230e-01 1.000000000000000000e+00
8.667435646057128906e-01 4.525182545185089111e-01 6.748173832893371582e-01 1.000000000000000000e+00
8.705882430076599121e-01 4.666666686534881592e-01 6.823529601097106934e-01 1.000000000000000000e+00
8.735101819038391113e-01 4.763552546501159668e-01 6.891195774078369141e-01 1.000000000000000000e+00
8.764321208000183105e-01 4.860438406467437744e-01 6.958861947059631348e-01 1.000000000000000000e+00
8.793541193008422852e-01 4.957323968410491943e-01 7.026528120040893555e-01 1.000000000000000000e+00
8.822760581970214844e-01 5.054209828376770020e-01 7.094194293022155762e-01 1.000000000000000000e+00
8.851979970932006836e-01 5.151095986366271973e-01 7.161861062049865723e-01 1.000000000000000000e+00
8.881199359893798828e-01 5.247981548309326172e-01 7.229527235031127930e-01 1.000000000000000000e+00
8.910419344902038574e-01 5.344867110252380371e-01 7.297193408012390137e-01 1.000000000000000000e+00
8.939638733863830566e-01 5.441753268241882324e-01 7.364859580993652344e-01 1.000000000000000000e+00
8.968858122825622559e-01 5.538638830184936523e-01 7.432525753974914551e-01 1.000000000000000000e+00
8.998077511787414551e-01 5.635524988174438477e-01 7.500192523002624512e-01 1.000000000000000000e+00
9.027296900749206543e-01 5.732410550117492676e-01 7.567858695983886719e-01 1.000000000000000000e+00
9.056516885757446289e-01 5.829296708106994629e-01 7.635524868965148926e-01 1.000000000000000000e+00
9.085736274719238281e-01 5.926182270050048828e-01 7.703191041946411133e-01 1.000000000000000000e+00
9.114955663681030273e-01 6.023067831993103027e-01 7.770857214927673340e-01 1.000000000000000000e+00
9.144175052642822266e-01 6.119953989982604980e-01 7.838523387908935547e-01 1.000000000000000000e+00
9.173395037651062012e-01 6.216839551925659180e-01 7.906190156936645508e-01 1.000000000000000000e+00
9.202614426612854004e-01 6.313725709915161133e-01 7.973856329917907715e-01 1.000000000000000000e+00
9.231833815574645996e-01 6.410611271858215332e-01 8.041522502899169922e-01 1.000000000000000000e+00
9.261053204536437988e-01 6.507496833801269531e-01 8.109188675880432129e-01 1.000000000000000000e+00
9.290273189544677734e-01 6.604382991790771484e-01 8.176854848861694336e-01 1.000000000000000000e+00
9.319492578506469727e-01 6.701268553733825684e-01 8.244521617889404297e-01 1.000000000000000000e+00
9.348711967468261719e-01 6.798154711723327637e-01 8.312187790870666504e-01 1.000000000000000000e+00
9.377931356430053711e-01 6.895040273666381836e-01 8.379853963851928711e-01 1.000000000000000000e+00
9.407151341438293457e-01 6.991926431655883789e-01 8.447520136833190918e-01 1.000000000000000000e+00
9.436370730400085449e-01 7.088811993598937988e-01 8.515186309814453125e-01 1.000000000000000000e+00
9.460207819938659668e-01 7.169550061225891113e-01 8.565167188644409180e-01 1.000000000000000000e+00
9.478662014007568359e-01 7.234140634536743164e-01 8.597462773323059082e-01 1.000000000000000000e+00
9.497116208076477051e-01 7.298731207847595215e-01 8.629757761955261230e-01 1.000000000000000000e+00
9.515570998191833496e-01 7.363321781158447266e-01 8.662053346633911133e-01 1.000000000000000000e+00
9.534025192260742188e-01 7.427912354469299316e-01 8.694348335266113281e-01 1.000000000000000000e+00
9.552479982376098633e-01 7.492502927780151367e-01 8.726643323898315430e-01 1.000000000000000000e+00
9.570934176445007324e-01 7.557093501091003418e-01 8.758938908576965332e-01 1.000000000000000000e+00
9.589388966560363770e-01 7.621684074401855469e-01 8.791233897209167480e-01 1.000000000000000000e+00
9.607843160629272461e-01 7.686274647712707520e-01 8.823529481887817383e-01 1.000000000000000000e+00
9.626297354698181152e-01 7.750865221023559570e-01 8.855824470520019531e-01 1.000000000000000000e+00
9.644752144813537598e-01 7.815455794334411621e-01 8.888120055198669434e-01 1.000000000000000000e+00
9.663206338882446289e-01 7.880046367645263672e-01 8.920415043830871582e-01 1.000000000000000000e+00
9.681661128997802734e-01 7.944636940956115723e-01 8.952710628509521484e-01 1.000000000000000000e+00
9.700115323066711426e-01 8.009227514266967773e-01 8.985005617141723633e-01 1.000000000000000000e+00
9.718569517135620117e-01 8.073817491531372070e-01 9.017301201820373535e-01 1.000000000000000000e+00
9.737024307250976562e-01 8.138408064842224121e-01 9.049596190452575684e-01 1.000000000000000000e+00
9.755478501319885254e-01 8.202998638153076172e-01 9.081891775131225586e-01 1.000000000000000000e+00
9.773933291435241699e-01 8.267589211463928223e-01 9.114186763763427734e-01 1.000000000000000000e+00
9.792387485504150391e-01 8.332179784774780273e-01 9.146482348442077637e-01 1.000000000000000000e+00
9.810842275619506836e-01 8.396770358085632324e-01 9.178777337074279785e-01 1.000000000000000000e+00
9.829296469688415527e-01 8.461360931396484375e-01 9.211072921752929688e-01 1.000000000000000000e+00
9.847750663757324219e-01 8.525951504707336426e-01 9.243367910385131836e-01 1.000000000000000000e+00
9.866205453872680664e-01 8.590542078018188477e-01 9.275663495063781738e-01 1.000000000000000000e+00
9.884659647941589355e-01 8.655132651329040527e-01 9.307958483695983887e-01 1.000000000000000000e+00
9.903114438056945801e-01 8.719723224639892578e-01 9.340253472328186035e-01 1.000000000000000000e+00
9.921568632125854492e-01 8.784313797950744629e-01 9.372549057006835938e-01 1.000000000000000000e+00
9.912341237068176270e-01 8.819684982299804688e-01 9.384852051734924316e-01 1.000000000000000000e+00
9.903114438056945801e-01 8.855055570602416992e-01 9.397155046463012695e-01 1.000000000000000000e+00
9.893887042999267578e-01 8.890426754951477051e-01 9.409458041191101074e-01 1.000000000000000000e+00
9.884659647941589355e-01 8.925797939300537109e-01 9.421761035919189453e-01 1.000000000000000000e+00
9.875432252883911133e-01 8.961168527603149414e-01 9.434064030647277832e-01 1.000000000000000000e+00
9.866205453872680664e-01 8.996539711952209473e-01 9.446367025375366211e-01 1.000000000000000000e+00
9.856978058815002441e-01 9.031910896301269531e-01 9.458670020103454590e-01 1.000000000000000000e+00
9.847750663757324219e-01 9.067282080650329590e-01 9.470972418785095215e-01 1.000000000000000000e+00
9.838523864746093750e-01 9.102652668952941895e-01 9.483275413513183594e-01 1.000000000000000000e+00
9.829296469688415527e-01 9.138023853302001953e-01 9.495578408241271973e-01 1.000000000000000000e+00
9.820069074630737305e-01 9.173395037651062012e-01 9.507881402969360352e-01 1.000000000000000000e+00
9.810842275619506836e-01 9.208765625953674316e-01 9.520184397697448730e-01 1.000000000000000000e+00
9.801614880561828613e-01 9.244136810302734375e-01 9.532487392425537109e-01 1.000000000000000000e+00
9.792387485504150391e-01 9.279507994651794434e-01 9.544790387153625488e-01 1.000000000000000000e+00
9.783160090446472168e-01 9.314879179000854492e-01 9.557093381881713867e-01 1.000000000000000000e+00
9.773933291435241699e-01 9.350249767303466797e-01 9.569396376609802246e-01 1.000000000000000000e+00
9.764705896377563477e-01 9.385620951652526855e-01 9.581699371337890625e-01 1.000000000000000000e+00
9.755478501319885254e-01 9.420992136001586914e-01 9.594002366065979004e-01 1.000000000000000000e+00
9.746251702308654785e-01 9.456362724304199219e-01 9.606305360794067383e-01 1.000000000000000000e+00
9.737024307250976562e-01 9.491733908653259277e-01 9.618608355522155762e-01 1.000000000000000000e+00
9.727796912193298340e-01 9.527105093002319336e-01 9.630911350250244141e-01 1.000000000000000000e+00
9.718569517135620117e-01 9.562475681304931641e-01 9.643214344978332520e-01 1.000000000000000000e+00
9.709342718124389648e-01 9.597846865653991699e-01 9.655517339706420898e-01 1.000000000000000000e+00
9.700115323066711426e-01 9.633218050003051758e-01 9.667820334434509277e-01 1.000000000000000000e+00
9.690887928009033203e-01 9.668589234352111816e-01 9.680122733116149902e-01 1.000000000000000000e+00
9.673202633857727051e-01 9.684736728668212891e-01 9.656286239624023438e-01 1.000000000000000000e+00
9.647058844566345215e-01 9.681661128997802734e-01 9.596309065818786621e-01 1.000000000000000000e+00
9.620915055274963379e-01 9.678584933280944824e-01 9.536331892013549805e-01 1.000000000000000000e+00
9.594771265983581543e-01 9.675509333610534668e-01 9.476355314254760742e-01 1.000000000000000000e+00
9.568627476692199707e-01 9.672433733940124512e-01 9.416378140449523926e-01 1.000000000000000000e+00
9.542483687400817871e-01 9.669358134269714355e-01 9.356401562690734863e-01 1.000000000000000000e+00
9.516339898109436035e-01 9.666281938552856445e-01 9.296424388885498047e-01 1.000000000000000000e+00
9.490196108818054199e-01 9.663206338882446289e-01 9.236447811126708984e-01 1.000000000000000000e+00
9.464052319526672363e-01 9.660130739212036133e-01 9.176470637321472168e-01 1.000000000000000000e+00
9.437908530235290527e-01 9.657055139541625977e-01 9.116493463516235352e-01 1.000000000000000000e+00
9.411764740943908691e-01 9.653978943824768066e-01 9.056516885757446289e-01 1.000000000000000000e+00
9.385620951652526855e-01 9.650903344154357910e-01 8.996539711952209473e-01 1.000000000000000000e+00
9.359477162361145020e-01 9.647827744483947754e-01 8.936563134193420410e-01 1.000000000000000000e+00
9.333333373069763184e-01 9.644752144813537598e-01 8.876585960388183594e-01 1.000000000000000000e+00
9.307189583778381348e-01 9.641676545143127441e-01 8.816608786582946777e-01 1.000000000000000000e+00
9.281045794486999512e-01 9.638600349426269531e-01 8.756632208824157715e-01 1.000000000000000000e+00
9.254902005195617676e-01 9.635524749755859375e-01 8.696655035018920898e-01 1.000000000000000000e+00
9.228758215904235840e-01 9.632449150085449219e-01 8.636678457260131836e-01 1.000000000000000000e+00
9.202614426612854004e-01 9.629373550415039062e-01 8.576701283454895020e-01 1.000000000000000000e+00
9.176470637321472168e-01 9.626297354698181152e-01 8.516724109649658203e-01 1.000000000000000000e+00
9.150326848030090332e-01 9.623221755027770996e-01 8.456747531890869141e-01 1.000000000000000000e+00
9.124183058738708496e-01 9.620146155357360840e-01 8.396770358085632324e-01 1.000000000000000000e+00
9.098039269447326660e-01 9.617070555686950684e-01 8.336793780326843262e-01 1.000000000000000000e+00
9.071895480155944824e-01 9.613994359970092773e-01 8.276816606521606445e-01 1.000000000000000000e+00
9.045751690864562988e-01 9.610918760299682617e-01 8.216839432716369629e-01 1.000000000000000000e+00
9.019607901573181152e-01 9.607843160629272461e-01 8.156862854957580566e-01 1.000000000000000000e+00
8.948865532875061035e-01 9.577085971832275391e-01 8.043060302734375000e-01 1.000000000000000000e+00
8.878123760223388672e-01 9.546328186988830566e-01 7.929257750511169434e-01 1.000000000000000000e+00
8.807381987571716309e-01 9.515570998191833496e-01 7.815455794334411621e-01 1.000000000000000000e+00
8.736639618873596191e-01 9.484813809394836426e-01 7.701653242111206055e-01 1.000000000000000000e+00
8.665897846221923828e-01 9.454056024551391602e-01 7.587850689888000488e-01 1.000000000000000000e+00
8.595155477523803711e-01 9.423298835754394531e-01 7.474048733711242676e-01 1.000000000000000000e+00
8.524413704872131348e-01 9.392541050910949707e-01 7.360246181488037109e-01 1.000000000000000000e+00
8.453671932220458984e-01 9.361783862113952637e-01 7.246443629264831543e-01 1.000000000000000000e+00
8.382929563522338867e-01 9.331026673316955566e-01 7.132641077041625977e-01 1.000000000000000000e+00
8.312187790870666504e-01 9.300268888473510742e-01 7.018839120864868164e-01 1.000000000000000000e+00
8.241445422172546387e-01 9.269511699676513672e-01 6.905036568641662598e-01 1.000000000000000000e+00
8.170703649520874023e-01 9.238754510879516602e-01 6.791234016418457031e-01 1.000000000000000000e+00
8.099961280822753906e-01 9.207996726036071777e-01 6.677431464195251465e-01 1.000000000000000000e+00
8.029219508171081543e-01 9.177239537239074707e-01 6.563629508018493652e-01 1.000000000000000000e+00
7.958477735519409180e-01 9.146482348442077637e-01 6.449826955795288086e-01 1.000000000000000000e+00
7.887735366821289062e-01 9.115724563598632812e-01 6.336024403572082520e-01 1.000000000000000000e+00
7.816993594169616699e-01 9.084967374801635742e-01 6.222222447395324707e-01 1.000000000000000000e+00
7.746251225471496582e-01 9.054210186004638672e-01 6.108419895172119141e-01 1.000000000000000000e+00
7.675509452819824219e-01 9.023452401161193848e-01 5.994617342948913574e-01 1.000000000000000000e+00
7.604767680168151855e-01 8.992695212364196777e-01 5.880814790725708008e-01 1.000000000000000000e+00
7.534025311470031738e-01 8.961937427520751953e-01 5.767012834548950195e-01 1.000000000000000000e+00
7.463283538818359375e-01 8.931180238723754883e-01 5.653210282325744629e-01 1.000000000000000000e+00
7.392541170120239258e-01 8.900423049926757812e-01 5.539407730102539062e-01 1.000000000000000000e+00
7.321799397468566895e-01 8.869665265083312988e-01 5.425605773925781250e-01 1.000000000000000000e+00
7.251057028770446777e-01 8.838908076286315918e-01 5.311803221702575684e-01 1.000000000000000000e+00
7.171856760978698730e-01 8.795078992843627930e-01 5.201845169067382812e-01 1.000000000000000000e+00
7.084198594093322754e-01 8.738177418708801270e-01 5.095732212066650391e-01 1.000000000000000000e+00
6.996539831161499023e-01 8.681276440620422363e-01 4.989619255065917969e-01 1.000000000000000000e+00
6.908881068229675293e-01 8.624375462532043457e-01 4.883506298065185547e-01 1.000000000000000000e+00
6.821222901344299316e-01 8.567473888397216797e-01 4.777393341064453125e-01 1.000000000000000000e+00
6.733564138412475586e-01 8.510572910308837891e-01 4.671280384063720703e-01 1.000000000000000000e+00
6.645905375480651855e-01 8.453671932220458984e-01 4.565167129039764404e-01 1.000000000000000000e+00
6.558246612548828125e-01 8.396770358085632324e-01 4.459054172039031982e-01 1.000000000000000000e+00
6.470588445663452148e-01 8.339869379997253418e-01 4.352941215038299561e-01 1.000000000000000000e+00
6.382929682731628418e-01 8.282967805862426758e-01 4.246828258037567139e-01 1.000000000000000000e+00
6.295270919799804688e-01 8.226066827774047852e-01 4.140715003013610840e-01 1.000000000000000000e+00
6.207612752914428711e-01 8.169165849685668945e-01 4.034602046012878418e-01 1.000000000000000000e+00
6.119953989982604980e-01 8.112264275550842285e-01 3.928489089012145996e-01 1.000000000000000000e+00
6.032295227050781250e-01 8.055363297462463379e-01 3.822376132011413574e-01 1.000000000000000000e+00
5.944636464118957520e-01 7.998462319374084473e-01 3.716262876987457275e-01 1.000000000000000000e+00
5.856978297233581543e-01 7.941560745239257812e-01 3.610149919986724854e-01 1.000000000000000000e+00
5.769319534301757812e-01 7.884659767150878906e-01 3.504036962985992432e-01 1.000000000000000000e+00
5.681660771369934082e-01 7.827758789062500000e-01 3.397924005985260010e-01 1.000000000000000000e+00
5.594002604484558105e-01 7.770857214927673340e-01 3.291810750961303711e-01 1.000000000000000000e+00
5.506343841552734375e-01 7.713956236839294434e-01 3.185697793960571289e-01 1.000000000000000000e+00
5.418685078620910645e-01 7.657055258750915527e-01 3.079584836959838867e-01 1.000000000000000000e+00
5.331026315689086914e-01 7.600153684616088867e-01 2.973471879959106445e-01 1.000000000000000000e+00
5.243368148803710938e-01 7.543252706527709961e-01 2.867358624935150146e-01 1.000000000000000000e+00
5.155709385871887207e-01 7.486351132392883301e-01 2.761245667934417725e-01 1.000000000000000000e+00
5.068050622940063477e-01 7.429450154304504395e-01 2.655132710933685303e-01 1.000000000000000000e+00
4.980392158031463623e-01 7.372549176216125488e-01 2.549019753932952881e-01 1.000000000000000000e+00
4.903498589992523193e-01 7.307958602905273438e-01 2.499807775020599365e-01 1.000000000000000000e+00
4.826605021953582764e-01 7.243368029594421387e-01 2.450595945119857788e-01 1.000000000000000000e+00
4.749711751937866211e-01 7.178777456283569336e-01 2.401384115219116211e-01 1.000000000000000000e+00
4.672818183898925781e-01 7.114186882972717285e-01 2.352172285318374634e-01 1.000000000000000000e+00
4.595924615859985352e-01 7.049596309661865234e-01 2.302960455417633057e-01 1.000000000000000000e+00
4.519031047821044922e-01 6.985005736351013184e-01 2.253748625516891479e-01 1.000000000000000000e+00
4.442137777805328369e-01 6.920415163040161133e-01 2.204536646604537964e-01 1.000000000000000000e+00
4.365244209766387939e-01 6.855824589729309082e-01 2.155324816703796387e-01 1.000000000000000000e+00
4.288350641727447510e-01 6.791234016418457031e-01 2.106112986803054810e-01 1.000000000000000000e+00
4.211457073688507080e-01 6.726643443107604980e-01 2.056901156902313232e-01 1.000000000000000000e+00
4.134563505649566650e-01 6.662052869796752930e-01 2.007689327001571655e-01 1.000000000000000000e+00
4.057670235633850098e-01 6.597462296485900879e-01 1.958477497100830078e-01 1.000000000000000000e+00
3.980776667594909668e-01 6.532871723175048828e-01 1.909265667200088501e-01 1.000000000000000000e+00
3.903883099555969238e-01 6.468281149864196777e-01 1.860053837299346924e-01 1.000000000000000000e+00
3.826989531517028809e-01 6.403691172599792480e-01 1.810842007398605347e-01 1.000000000000000000e+00
3.750096261501312256e-01 6.339100599288940430e-01 1.761630177497863770e-01 1.000000000000000000e+00
3.673202693462371826e-01 6.274510025978088379e-01 1.712418347597122192e-01 1.000000000000000000e+00
3.596309125423431396e-01 6.209919452667236328e-01 1.663206517696380615e-01 1.000000000000000000e+00
3.519415557384490967e-01 6.145328879356384277e-01 1.613994687795639038e-01 1.000000000000000000e+00
3.442521989345550537e-01 6.080738306045532227e-01 1.564782708883285522e-01 1.000000000000000000e+00
3.365628719329833984e-01 6.016147732734680176e-01 1.515570878982543945e-01 1.000000000000000000e+00
3.288735151290893555e-01 5.951557159423828125e-01 1.466359049081802368e-01 1.000000000000000000e+00
3.211841583251953125e-01 5.886966586112976074e-01 1.417147219181060791e-01 1.000000000000000000e+00
3.134948015213012695e-01 5.822376012802124023e-01 1.367935389280319214e-01 1.000000000000000000e+00
3.058054447174072266e-01 5.757785439491271973e-01 1.318723559379577637e-01 1.000000000000000000e+00
2.990388274192810059e-01 5.690119266510009766e-01 1.287966221570968628e-01 1.000000000000000000e+00
2.931949198246002197e-01 5.619376897811889648e-01 1.275663226842880249e-01 1.000000000000000000e+00
2.873510122299194336e-01 5.548635125160217285e-01 1.263360232114791870e-01 1.000000000000000000e+00
2.815071046352386475e-01 5.477893352508544922e-01 1.251057237386703491e-01 1.000000000000000000e+00
2.756631970405578613e-01 5.407150983810424805e-01 1.238754317164421082e-01 1.000000000000000000e+00
2.698192894458770752e-01 5.336409211158752441e-01 1.226451396942138672e-01 1.000000000000000000e+00
2.639753818511962891e-01 5.265666842460632324e-01 1.214148402214050293e-01 1.000000000000000000e+00
2.581314742565155029e-01 5.194925069808959961e-01 1.201845407485961914e-01 1.000000000000000000e+00
2.522875964641571045e-01 5.124183297157287598e-01 1.189542487263679504e-01 1.000000000000000000e+00
2.464436739683151245e-01 5.053440928459167480e-01 1.177239492535591125e-01 1.000000000000000000e+00
2.405997663736343384e-01 4.982698857784271240e-01 1.164936572313308716e-01 1.000000000000000000e+00
2.347558587789535522e-01 4.911957085132598877e-01 1.152633577585220337e-01 1.000000000000000000e+00
2.289119511842727661e-01 4.841215014457702637e-01 1.140330657362937927e-01 1.000000000000000000e+00
2.230680435895919800e-01 4.770472943782806396e-01 1.128027662634849548e-01 1.000000000000000000e+00
2.172241508960723877e-01 4.699730873107910156e-01 1.115724742412567139e-01 1.000000000000000000e+00
2.113802433013916016e-01 4.628988802433013916e-01 1.103421747684478760e-01 1.000000000000000000e+00
2.055363357067108154e-01 4.558246731758117676e-01 1.091118827462196350e-01 1.000000000000000000e+00
1.996924281120300293e-01 4.487504661083221436e-01 1.078815832734107971e-01 1.000000000000000000e+00
1.938485205173492432e-01 4.416762888431549072e-01 1.066512912511825562e-01 1.000000000000000000e+00
1.880046129226684570e-01 4.346020817756652832e-01 1.054209917783737183e-01 1.000000000000000000e+00
1.821607053279876709e-01 4.275278747081756592e-01 1.041906923055648804e-01 1.000000000000000000e+00
1.763167977333068848e-01 4.204536676406860352e-01 1.029604002833366394e-01 1.000000000000000000e+00
1.704728901386260986e-01 4.133794605731964111e-01 1.017301008105278015e-01 1.000000000000000000e+00
1.646289825439453125e-01 4.063052535057067871e-01 1.004998087882995605e-01 1.000000000000000000e+00
1.587850898504257202e-01 3.992310762405395508e-01 9.926950931549072266e-02 1.000000000000000000e+00
1.529411822557449341e-01 3.921568691730499268e-01 9.803921729326248169e-02 1.000000000000000000e+00
