1.000000000000000000e+00 9.686274528503417969e-01 9.843137264251708984e-01 1.000000000000000000e+00
9.976624250411987305e-01 9.666589498519897461e-01 9.832064509391784668e-01 1.000000000000000000e+00
9.953248500823974609e-01 9.646905064582824707e-01 9.820991754531860352e-01 1.000000000000000000e+00
9.929873347282409668e-01 9.627220034599304199e-01 9.809918999671936035e-01 1.000000000000000000e+00
9.906497597694396973e-01 9.607535600662231445e-01 9.798846840858459473e-01 1.000000000000000000e+00
9.883121848106384277e-01 9.587850570678710938e-01 9.787774085998535156e-01 1.000000000000000000e+00
9.859746098518371582e-01 9.568166136741638184e-01 9.776701331138610840e-01 1.000000000000000000e+00
9.836370348930358887e-01 9.548481106758117676e-01 9.765628576278686523e-01 1.000000000000000000e+00
9.812995195388793945e-01 9.528796672821044922e-01 9.754555821418762207e-01 1.000000000000000000e+00
9.789619445800781250e-01 9.509111642837524414e-01 9.743483066558837891e-01 1.000000000000000000e+00
9.766243696212768555e-01 9.489427208900451660e-01 9.732410907745361328e-01 1.000000000000000000e+00
9.742867946624755859e-01 9.469742178916931152e-01 9.721338152885437012e-01 1.000000000000000000e+00
9.719492793083190918e-01 9.450057744979858398e-01 9.710265398025512695e-01 1.000000000000000000e+00
9.696117043495178223e-01 9.430372714996337891e-01 9.699192643165588379e-01 1.000000000000000000e+00
9.672741293907165527e-01 9.410688281059265137e-01 9.688119888305664062e-01 1.000000000000000000e+00
9.649365544319152832e-01 9.391003251075744629e-01 9.677047133445739746e-01 1.000000000000000000e+00
9.625989794731140137e-01 9.371318817138671875e-01 9.665974378585815430e-01 1.000000000000000000e+00
9.602614641189575195e-01 9.351633787155151367e-01 9.654902219772338867e-01 1.000000000000000000e+00
9.579238891601562500e-01 9.331949353218078613e-01 9.643829464912414551e-01 1.000000000000000000e+00
9.555863142013549805e-01 9.312264323234558105e-01 9.632756710052490234e-01 1.000000000000000000e+00
9.532487392425537109e-01 9.292579889297485352e-01 9.621683955192565918e-01 1.000000000000000000e+00
9.509111642837524414e-01 9.272894859313964844e-01 9.610611200332641602e-01 1.000000000000000000e+00
9.485736489295959473e-01 9.253210425376892090e-01 9.599538445472717285e-01 1.000000000000000000e+00
9.462360739707946777e-01 9.233525395393371582e-01 9.588465690612792969e-01 1.000000000000000000e+00
9.438984990119934082e-01 9.213840961456298828e-01 9.577393531799316406e-01 1.000000000000000000e+00
9.415609240531921387e-01 9.194155931472778320e-01 9.566320776939392090e-01 1.000000000000000000e+00
9.392233490943908691e-01 9.174471497535705566e-01 9.555248022079467773e-01 1.000000000000000000e+00
9.368858337402343750e-01 9.154786467552185059e-01 9.544175267219543457e-01 1.000000000000000000e+00
9.345482587814331055e-01 9.135102033615112305e-01 9.533102512359619141e-01 1.000000000000000000e+00
9.322106838226318359e-01 9.115417003631591797e-01 9.522029757499694824e-01 1.000000000000000000e+00
9.298731088638305664e-01 9.095732569694519043e-01 9.510957598686218262e-01 1.000000000000000000e+00
9.275355339050292969e-01 9.076047539710998535e-01 9.499884843826293945e-01 1.000000000000000000e+00
9.250596165657043457e-01 9.055440425872802734e-01 9.488350749015808105e-01 1.000000000000000000e+00
9.216147661209106445e-01 9.028373956680297852e-01 9.473587274551391602e-01 1.000000000000000000e+00
9.181699156761169434e-01 9.001307487487792969e-01 9.458823800086975098e-01 1.000000000000000000e+00
9.147251248359680176e-01 8.974240422248840332e-01 9.444059729576110840e-01 1.000000000000000000e+00
9.112802743911743164e-01 8.947173953056335449e-01 9.429296255111694336e-01 1.000000000000000000e+00
9.078354239463806152e-01 8.920107483863830566e-01 9.414532780647277832e-01 1.000000000000000000e+00
9.043906331062316895e-01 8.893041014671325684e-01 9.399769306182861328e-01 1.000000000000000000e+00
9.009457826614379883e-01 8.865974545478820801e-01 9.385005831718444824e-01 1.000000000000000000e+00
8.975009322166442871e-01 8.838908076286315918e-01 9.370242357254028320e-01 1.000000000000000000e+00
8.940561413764953613e-01 8.811841607093811035e-01 9.355478882789611816e-01 1.000000000000000000e+00
8.906112909317016602e-01 8.784775137901306152e-01 9.340714812278747559e-01 1.000000000000000000e+00
8.871665000915527344e-01 8.757708668708801270e-01 9.325951337814331055e-01 1.000000000000000000e+00
8.837216496467590332e-01 8.730642199516296387e-01 9.311187863349914551e-01 1.000000000000000000e+00
8.802767992019653320e-01 8.703575730323791504e-01 9.296424388885498047e-01 1.000000000000000000e+00
8.768320083618164062e-01 8.676509261131286621e-01 9.281660914421081543e-01 1.000000000000000000e+00
8.733871579170227051e-01 8.649442791938781738e-01 9.266897439956665039e-01 1.000000000000000000e+00
8.699423074722290039e-01 8.622375726699829102e-01 9.252133965492248535e-01 1.000000000000000000e+00
8.664975166320800781e-01 8.595309257507324219e-01 9.237370491027832031e-01 1.000000000000000000e+00
8.630526661872863770e-01 8.568242788314819336e-01 9.222606420516967773e-01 1.000000000000000000e+00
8.596078157424926758e-01 8.541176319122314453e-01 9.207842946052551270e-01 1.000000000000000000e+00
8.561630249023437500e-01 8.514109849929809570e-01 9.193079471588134766e-01 1.000000000000000000e+00
8.527181744575500488e-01 8.487043380737304688e-01 9.178315997123718262e-01 1.000000000000000000e+00
8.492733836174011230e-01 8.459976911544799805e-01 9.163552522659301758e-01 1.000000000000000000e+00
8.458285331726074219e-01 8.432910442352294922e-01 9.148789048194885254e-01 1.000000000000000000e+00
8.423836827278137207e-01 8.405843973159790039e-01 9.134025573730468750e-01 1.000000000000000000e+00
8.389388918876647949e-01 8.378777503967285156e-01 9.119262099266052246e-01 1.000000000000000000e+00
8.354940414428710938e-01 8.351711034774780273e-01 9.104498028755187988e-01 1.000000000000000000e+00
8.320491909980773926e-01 8.324644565582275391e-01 9.089734554290771484e-01 1.000000000000000000e+00
8.286044001579284668e-01 8.297578096389770508e-01 9.074971079826354980e-01 1.000000000000000000e+00
8.251595497131347656e-01 8.270511627197265625e-01 9.060207605361938477e-01 1.000000000000000000e+00
8.217146992683410645e-01 8.243444561958312988e-01 9.045444130897521973e-01 1.000000000000000000e+00
8.182699084281921387e-01 8.216378092765808105e-01 9.030680656433105469e-01 1.000000000000000000e+00
8.143944740295410156e-01 8.189926743507385254e-01 9.016224741935729980e-01 1.000000000000000000e+00
8.092272281646728516e-01 8.165320754051208496e-01 9.002691507339477539e-01 1.000000000000000000e+00
8.040599822998046875e-01 8.140715360641479492e-01 8.989158272743225098e-01 1.000000000000000000e+00
7.988927364349365234e-01 8.116109371185302734e-01 8.975625038146972656e-01 1.000000000000000000e+00
7.937254905700683594e-01 8.091503381729125977e-01 8.962091207504272461e-01 1.000000000000000000e+00
7.885582447052001953e-01 8.066897392272949219e-01 8.948557972908020020e-01 1.000000000000000000e+00
7.833909988403320312e-01 8.042291402816772461e-01 8.935024738311767578e-01 1.000000000000000000e+00
7.782237529754638672e-01 8.017685413360595703e-01 8.921491503715515137e-01 1.000000000000000000e+00
7.730565071105957031e-01 7.993079423904418945e-01 8.907958269119262695e-01 1.000000000000000000e+00
7.678892612457275391e-01 7.968473434448242188e-01 8.894425034523010254e-01 1.000000000000000000e+00
7.627220153808593750e-01 7.943868041038513184e-01 8.880891799926757812e-01 1.000000000000000000e+00
7.575547695159912109e-01 7.919262051582336426e-01 8.867358565330505371e-01 1.000000000000000000e+00
7.523875236511230469e-01 7.894656062126159668e-01 8.853825330734252930e-01 1.000000000000000000e+00
7.472202777862548828e-01 7.870050072669982910e-01 8.840292096138000488e-01 1.000000000000000000e+00
7.420530319213867188e-01 7.845444083213806152e-01 8.826758861541748047e-01 1.000000000000000000e+00
7.368857860565185547e-01 7.820838093757629395e-01 8.813225626945495605e-01 1.000000000000000000e+00
7.317185401916503906e-01 7.796232104301452637e-01 8.799692392349243164e-01 1.000000000000000000e+00
7.265513539314270020e-01 7.771626114845275879e-01 8.786159157752990723e-01 1.000000000000000000e+00
7.213841080665588379e-01 7.747020125389099121e-01 8.772625923156738281e-01 1.000000000000000000e+00
7.162168622016906738e-01 7.722414731979370117e-01 8.759092688560485840e-01 1.000000000000000000e+00
7.110496163368225098e-01 7.697808742523193359e-01 8.745559453964233398e-01 1.000000000000000000e+00
7.058823704719543457e-01 7.673202753067016602e-01 8.732026219367980957e-01 1.000000000000000000e+00
7.007151246070861816e-01 7.648596763610839844e-01 8.718492984771728516e-01 1.000000000000000000e+00
6.955478787422180176e-01 7.623990774154663086e-01 8.704959750175476074e-01 1.000000000000000000e+00
6.903806328773498535e-01 7.599384784698486328e-01 8.691426515579223633e-01 1.000000000000000000e+00
6.852133870124816895e-01 7.574778795242309570e-01 8.677893280982971191e-01 1.000000000000000000e+00
6.800461411476135254e-01 7.550172805786132812e-01 8.664360046386718750e-01 1.000000000000000000e+00
6.748788952827453613e-01 7.525566816329956055e-01 8.650826811790466309e-01 1.000000000000000000e+00
6.697116494178771973e-01 7.500961422920227051e-01 8.637293577194213867e-01 1.000000000000000000e+00
6.645444035530090332e-01 7.476355433464050293e-01 8.623760342597961426e-01 1.000000000000000000e+00
6.593771576881408691e-01 7.451749444007873535e-01 8.610227108001708984e-01 1.000000000000000000e+00
6.542099118232727051e-01 7.427143454551696777e-01 8.596693873405456543e-01 1.000000000000000000e+00
6.486735939979553223e-01 7.402537465095520020e-01 8.582698702812194824e-01 1.000000000000000000e+00
6.425220966339111328e-01 7.377931475639343262e-01 8.567935228347778320e-01 1.000000000000000000e+00
6.363705992698669434e-01 7.353325486183166504e-01 8.553171753883361816e-01 1.000000000000000000e+00
6.302191615104675293e-01 7.328719496726989746e-01 8.538408279418945312e-01 1.000000000000000000e+00
6.240676641464233398e-01 7.304113507270812988e-01 8.523644804954528809e-01 1.000000000000000000e+00
6.179161667823791504e-01 7.279508113861083984e-01 8.508881330490112305e-01 1.000000000000000000e+00
6.117647290229797363e-01 7.254902124404907227e-01 8.494117856025695801e-01 1.000000000000000000e+00
6.056132316589355469e-01 7.230296134948730469e-01 8.479354381561279297e-01 1.000000000000000000e+00
5.994617342948913574e-01 7.205690145492553711e-01 8.464590311050415039e-01 1.000000000000000000e+00
5.933102369308471680e-01 7.181084156036376953e-01 8.449826836585998535e-01 1.000000000000000000e+00
5.871587991714477539e-01 7.156478166580200195e-01 8.435063362121582031e-01 1.000000000000000000e+00
5.810073018074035645e-01 7.131872177124023438e-01 8.420299887657165527e-01 1.000000000000000000e+00
5.748558044433593750e-01 7.107266187667846680e-01 8.405536413192749023e-01 1.000000000000000000e+00
5.687043666839599609e-01 7.082660794258117676e-01 8.390772938728332520e-01 1.000000000000000000e+00
5.625528693199157715e-01 7.058054804801940918e-01 8.376009464263916016e-01 1.000000000000000000e+00
5.564013719558715820e-01 7.033448815345764160e-01 8.361245393753051758e-01 1.000000000000000000e+00
5.502498745918273926e-01 7.008842825889587402e-01 8.346481919288635254e-01 1.000000000000000000e+00
5.440984368324279785e-01 6.984236836433410645e-01 8.331718444824218750e-01 1.000000000000000000e+00
5.379469394683837891e-01 6.959630846977233887e-01 8.316954970359802246e-01 1.000000000000000000e+00
5.317954421043395996e-01 6.935024857521057129e-01 8.302191495895385742e-01 1.000000000000000000e+00
5.256440043449401855e-01 6.910418868064880371e-01 8.287428021430969238e-01 1.000000000000000000e+00
5.194925069808959961e-01 6.885812878608703613e-01 8.272664546966552734e-01 1.000000000000000000e+00
5.133410096168518066e-01 6.861207485198974609e-01 8.257901072502136230e-01 1.000000000000000000e+00
5.071895718574523926e-01 6.836601495742797852e-01 8.243137001991271973e-01 1.000000000000000000e+00
5.010380744934082031e-01 6.811995506286621094e-01 8.228373527526855469e-01 1.000000000000000000e+00
4.948865771293640137e-01 6.787389516830444336e-01 8.213610053062438965e-01 1.000000000000000000e+00
4.887351095676422119e-01 6.762783527374267578e-01 8.198846578598022461e-01 1.000000000000000000e+00
4.825836122035980225e-01 6.738177537918090820e-01 8.184083104133605957e-01 1.000000000000000000e+00
4.764321446418762207e-01 6.713571548461914062e-01 8.169319629669189453e-01 1.000000000000000000e+00
4.702806472778320312e-01 6.688965559005737305e-01 8.154556155204772949e-01 1.000000000000000000e+00
4.641291797161102295e-01 6.664359569549560547e-01 8.139792680740356445e-01 1.000000000000000000e+00
4.579777121543884277e-01 6.639754176139831543e-01 8.125028610229492188e-01 1.000000000000000000e+00
4.510880410671234131e-01 6.612071990966796875e-01 8.108419775962829590e-01 1.000000000000000000e+00
4.434601962566375732e-01 6.581314802169799805e-01 8.089965581893920898e-01 1.000000000000000000e+00
4.358323812484741211e-01 6.550557613372802734e-01 8.071510791778564453e-01 1.000000000000000000e+00
4.282045364379882812e-01 6.519799828529357910e-01 8.053056597709655762e-01 1.000000000000000000e+00
4.205766916275024414e-01 6.489042639732360840e-01 8.034601807594299316e-01 1.000000000000000000e+00
4.129488766193389893e-01 6.458285450935363770e-01 8.016147613525390625e-01 1.000000000000000000e+00
4.053210318088531494e-01 6.427527666091918945e-01 7.997693419456481934e-01 1.000000000000000000e+00
3.976931869983673096e-01 6.396770477294921875e-01 7.979238629341125488e-01 1.000000000000000000e+00
3.900653719902038574e-01 6.366013288497924805e-01 7.960784435272216797e-01 1.000000000000000000e+00
3.824375271797180176e-01 6.335255503654479980e-01 7.942329645156860352e-01 1.000000000000000000e+00
3.748096823692321777e-01 6.304498314857482910e-01 7.923875451087951660e-01 1.000000000000000000e+00
3.671818673610687256e-01 6.273741126060485840e-01 7.905421257019042969e-01 1.000000000000000000e+00
3.595540225505828857e-01 6.242983341217041016e-01 7.886966466903686523e-01 1.000000000000000000e+00
3.519261777400970459e-01 6.212226152420043945e-01 7.868512272834777832e-01 1.000000000000000000e+00
3.442983329296112061e-01 6.181468963623046875e-01 7.850057482719421387e-01 1.000000000000000000e+00
3.366705179214477539e-01 6.150711178779602051e-01 7.831603288650512695e-01 1.000000000000000000e+00
3.290426731109619141e-01 6.119953989982604980e-01 7.813148498535156250e-01 1.000000000000000000e+00
3.214148283004760742e-01 6.089196205139160156e-01 7.794694304466247559e-01 1.000000000000000000e+00
3.137870132923126221e-01 6.058439016342163086e-01 7.776240110397338867e-01 1.000000000000000000e+00
3.061591684818267822e-01 6.027681827545166016e-01 7.757785320281982422e-01 1.000000000000000000e+00
2.985313236713409424e-01 5.996924042701721191e-01 7.739331126213073730e-01 1.000000000000000000e+00
2.909035086631774902e-01 5.966166853904724121e-01 7.720876336097717285e-01 1.000000000000000000e+00
2.832756638526916504e-01 5.935409665107727051e-01 7.702422142028808594e-01 1.000000000000000000e+00
2.756478190422058105e-01 5.904651880264282227e-01 7.683967947959899902e-01 1.000000000000000000e+00
2.680200040340423584e-01 5.873894691467285156e-01 7.665513157844543457e-01 1.000000000000000000e+00
2.603921592235565186e-01 5.843137502670288086e-01 7.647058963775634766e-01 1.000000000000000000e+00
2.527643144130706787e-01 5.812379717826843262e-01 7.628604173660278320e-01 1.000000000000000000e+00
2.451364845037460327e-01 5.781622529029846191e-01 7.610149979591369629e-01 1.000000000000000000e+00
2.375086545944213867e-01 5.750865340232849121e-01 7.591695785522460938e-01 1.000000000000000000e+00
2.298808097839355469e-01 5.720107555389404297e-01 7.573240995407104492e-01 1.000000000000000000e+00
2.222529798746109009e-01 5.689350366592407227e-01 7.554786801338195801e-01 1.000000000000000000e+00
2.146251499652862549e-01 5.658592581748962402e-01 7.536332011222839355e-01 1.000000000000000000e+00
2.079969197511672974e-01 5.622453093528747559e-01 7.517108917236328125e-01 1.000000000000000000e+00
2.019684761762619019e-01 5.583083629608154297e-01 7.497423887252807617e-01 1.000000000000000000e+00
1.959400177001953125e-01 5.543714165687561035e-01 7.477739453315734863e-01 1.000000000000000000e+00
1.899115741252899170e-01 5.504344701766967773e-01 7.458054423332214355e-01 1.000000000000000000e+00
1.838831156492233276e-01 5.464975237846374512e-01 7.438369989395141602e-01 1.000000000000000000e+00
1.778546720743179321e-01 5.425605773925781250e-01 7.418684959411621094e-01 1.000000000000000000e+00
1.718262135982513428e-01 5.386236310005187988e-01 7.399000525474548340e-01 1.000000000000000000e+00
1.657977700233459473e-01 5.346866846084594727e-01 7.379315495491027832e-01 1.000000000000000000e+00
1.597693264484405518e-01 5.307497382164001465e-01 7.359631061553955078e-01 1.000000000000000000e+00
1.537408679723739624e-01 5.268127918243408203e-01 7.339946031570434570e-01 1.000000000000000000e+00
1.477124243974685669e-01 5.228758454322814941e-01 7.320261597633361816e-01 1.000000000000000000e+00
1.416839659214019775e-01 5.189388990402221680e-01 7.300576567649841309e-01 1.000000000000000000e+00
1.356555223464965820e-01 5.150018930435180664e-01 7.280892133712768555e-01 1.000000000000000000e+00
1.296270638704299927e-01 5.110649466514587402e-01 7.261207103729248047e-01 1.000000000000000000e+00
1.235986128449440002e-01 5.071280002593994141e-01 7.241522669792175293e-01 1.000000000000000000e+00
1.175701618194580078e-01 5.031910538673400879e-01 7.221837639808654785e-01 1.000000000000000000e+00
1.115417182445526123e-01 4.992541372776031494e-01 7.202153205871582031e-01 1.000000000000000000e+00
1.055132672190666199e-01 4.953171908855438232e-01 7.182468175888061523e-01 1.000000000000000000e+00
9.948481619358062744e-02 4.913802444934844971e-01 7.162783741950988770e-01 1.000000000000000000e+00
9.345636516809463501e-02 4.874432981014251709e-01 7.143098711967468262e-01 1.000000000000000000e+00
8.742791414260864258e-02 4.835063517093658447e-01 7.123414278030395508e-01 1.000000000000000000e+00
8.139946311712265015e-02 4.795694053173065186e-01 7.103729248046875000e-01 1.000000000000000000e+00
7.537101209163665771e-02 4.756324589252471924e-01 7.084044814109802246e-01 1.000000000000000000e+00
6.934256106615066528e-02 4.716955125331878662e-01 7.064359784126281738e-01 1.000000000000000000e+00
6.331411004066467285e-02 4.677585661411285400e-01 7.044675350189208984e-01 1.000000000000000000e+00
5.728565901517868042e-02 4.638216197490692139e-01 7.024990320205688477e-01 1.000000000000000000e+00
5.125720798969268799e-02 4.598846733570098877e-01 7.005305886268615723e-01 1.000000000000000000e+00
4.522875696420669556e-02 4.559477269649505615e-01 6.985620856285095215e-01 1.000000000000000000e+00
3.920030593872070312e-02 4.520107507705688477e-01 6.965936422348022461e-01 1.000000000000000000e+00
3.317185863852500916e-02 4.480738043785095215e-01 6.946251392364501953e-01 1.000000000000000000e+00
2.714340575039386749e-02 4.441368579864501953e-01 6.926566958427429199e-01 1.000000000000000000e+00
2.111495658755302429e-02 4.401999115943908691e-01 6.906881928443908691e-01 1.000000000000000000e+00
1.951557025313377380e-02 4.371857047080993652e-01 6.869665384292602539e-01 1.000000000000000000e+00
1.939254067838191986e-02 4.344790577888488770e-01 6.826605200767517090e-01 1.000000000000000000e+00
1.926951110363006592e-02 4.317723810672760010e-01 6.783545017242431641e-01 1.000000000000000000e+00
1.914648152887821198e-02 4.290657341480255127e-01 6.740484237670898438e-01 1.000000000000000000e+00
1.902345195412635803e-02 4.263590872287750244e-01 6.697424054145812988e-01 1.000000000000000000e+00
1.890042237937450409e-02 4.236524403095245361e-01 6.654363870620727539e-01 1.000000000000000000e+00
1.877739280462265015e-02 4.209457933902740479e-01 6.611303091049194336e-01 1.000000000000000000e+00
1.865436322987079620e-02 4.182391464710235596e-01 6.568242907524108887e-01 1.000000000000000000e+00
1.853133365511894226e-02 4.155324995517730713e-01 6.525182723999023438e-01 1.000000000000000000e+00
1.840830408036708832e-02 4.128258228302001953e-01 6.482122540473937988e-01 1.000000000000000000e+00
1.828527450561523438e-02 4.101191759109497070e-01 6.439061760902404785e-01 1.000000000000000000e+00
1.816224493086338043e-02 4.074125289916992188e-01 6.396001577377319336e-01 1.000000000000000000e+00
1.803921535611152649e-02 4.047058820724487305e-01 6.352941393852233887e-01 1.000000000000000000e+00
1.791618578135967255e-02 4.019992351531982422e-01 6.309880614280700684e-01 1.000000000000000000e+00
1.779315620660781860e-02 3.992925882339477539e-01 6.266820430755615234e-01 1.000000000000000000e+00
1.767012663185596466e-02 3.965859413146972656e-01 6.223760247230529785e-01 1.000000000000000000e+00
1.754709705710411072e-02 3.938792645931243896e-01 6.180699467658996582e-01 1.000000000000000000e+00
1.742406748235225677e-02 3.911726176738739014e-01 6.137639284133911133e-01 1.000000000000000000e+00
1.730103790760040283e-02 3.884659707546234131e-01 6.094579100608825684e-01 1.000000000000000000e+00
1.717800833284854889e-02 3.857593238353729248e-01 6.051518917083740234e-01 1.000000000000000000e+00
1.705497875809669495e-02 3.830526769161224365e-01 6.008458137512207031e-01 1.000000000000000000e+00
1.693194918334484100e-02 3.803460299968719482e-01 5.965397953987121582e-01 1.000000000000000000e+00
1.680891960859298706e-02 3.776393830776214600e-01 5.922337770462036133e-01 1.000000000000000000e+00
1.668589003384113312e-02 3.749327063560485840e-01 5.879276990890502930e-01 1.000000000000000000e+00
1.656286045908927917e-02 3.722260594367980957e-01 5.836216807365417480e-01 1.000000000000000000e+00
1.643983088433742523e-02 3.695194125175476074e-01 5.793156623840332031e-01 1.000000000000000000e+00
1.631680130958557129e-02 3.668127655982971191e-01 5.750095844268798828e-01 1.000000000000000000e+00
1.619377173483371735e-02 3.641061186790466309e-01 5.707035660743713379e-01 1.000000000000000000e+00
1.607074216008186340e-02 3.613994717597961426e-01 5.663975477218627930e-01 1.000000000000000000e+00
1.594771258533000946e-02 3.586928248405456543e-01 5.620915293693542480e-01 1.000000000000000000e+00
1.582468301057815552e-02 3.559861481189727783e-01 5.577854514122009277e-01 1.000000000000000000e+00
1.570165343582630157e-02 3.532795011997222900e-01 5.534794330596923828e-01 1.000000000000000000e+00
1.547097228467464447e-02 3.492810428142547607e-01 5.472356677055358887e-01 1.000000000000000000e+00
1.522491313517093658e-02 3.450980484485626221e-01 5.407150983810424805e-01 1.000000000000000000e+00
1.497885398566722870e-02 3.409150242805480957e-01 5.341945290565490723e-01 1.000000000000000000e+00
1.473279483616352081e-02 3.367320299148559570e-01 5.276739597320556641e-01 1.000000000000000000e+00
1.448673568665981293e-02 3.325490057468414307e-01 5.211533904075622559e-01 1.000000000000000000e+00
1.424067653715610504e-02 3.283660113811492920e-01 5.146328210830688477e-01 1.000000000000000000e+00
1.399461738765239716e-02 3.241830170154571533e-01 5.081122517585754395e-01 1.000000000000000000e+00
1.374855823814868927e-02 3.199999928474426270e-01 5.015916824340820312e-01 1.000000000000000000e+00
1.350249908864498138e-02 3.158169984817504883e-01 4.950711131095886230e-01 1.000000000000000000e+00
1.325643993914127350e-02 3.116339743137359619e-01 4.885505437850952148e-01 1.000000000000000000e+00
1.301038078963756561e-02 3.074509799480438232e-01 4.820299744606018066e-01 1.000000000000000000e+00
1.276432164013385773e-02 3.032679855823516846e-01 4.755094051361083984e-01 1.000000000000000000e+00
1.251826249063014984e-02 2.990849614143371582e-01 4.689888358116149902e-01 1.000000000000000000e+00
1.227220334112644196e-02 2.949019670486450195e-01 4.624682962894439697e-01 1.000000000000000000e+00
1.202614419162273407e-02 2.907189428806304932e-01 4.559477269649505615e-01 1.000000000000000000e+00
1.178008504211902618e-02 2.865359485149383545e-01 4.494271576404571533e-01 1.000000000000000000e+00
1.153402496129274368e-02 2.823529541492462158e-01 4.429065883159637451e-01 1.000000000000000000e+00
1.128796581178903580e-02 2.781699299812316895e-01 4.363860189914703369e-01 1.000000000000000000e+00
1.104190666228532791e-02 2.739869356155395508e-01 4.298654496669769287e-01 1.000000000000000000e+00
1.079584751278162003e-02 2.698039114475250244e-01 4.233448803424835205e-01 1.000000000000000000e+00
1.054978836327791214e-02 2.656209170818328857e-01 4.168243110179901123e-01 1.000000000000000000e+00
1.030372921377420425e-02 2.614379227161407471e-01 4.103037416934967041e-01 1.000000000000000000e+00
1.005767006427049637e-02 2.572548985481262207e-01 4.037831723690032959e-01 1.000000000000000000e+00
9.811610914766788483e-03 2.530719041824340820e-01 3.972626030445098877e-01 1.000000000000000000e+00
9.565551765263080597e-03 2.488888949155807495e-01 3.907420337200164795e-01 1.000000000000000000e+00
9.319492615759372711e-03 2.447058856487274170e-01 3.842214643955230713e-01 1.000000000000000000e+00
9.073433466255664825e-03 2.405228763818740845e-01 3.777008950710296631e-01 1.000000000000000000e+00
8.827374316751956940e-03 2.363398671150207520e-01 3.711803257465362549e-01 1.000000000000000000e+00
8.581315167248249054e-03 2.321568578481674194e-01 3.646597564220428467e-01 1.000000000000000000e+00
8.335256017744541168e-03 2.279738634824752808e-01 3.581391870975494385e-01 1.000000000000000000e+00
8.089196868240833282e-03 2.237908542156219482e-01 3.516186177730560303e-01 1.000000000000000000e+00
7.843137718737125397e-03 2.196078449487686157e-01 3.450980484485626221e-01 1.000000000000000000e+00
