9.882352948188781738e-01 9.843137264251708984e-01 9.921568632125854492e-01 1.000000000000000000e+00
9.866359233856201172e-01 9.825913310050964355e-01 9.911726117134094238e-01 1.000000000000000000e+00
9.850365519523620605e-01 9.808688759803771973e-01 9.901883602142333984e-01 1.000000000000000000e+00
9.834371209144592285e-01 9.791464805603027344e-01 9.892041683197021484e-01 1.000000000000000000e+00
9.818377494812011719e-01 9.774240851402282715e-01 9.882199168205261230e-01 1.000000000000000000e+00
9.802383780479431152e-01 9.757016301155090332e-01 9.872356653213500977e-01 1.000000000000000000e+00
9.786390066146850586e-01 9.739792346954345703e-01 9.862514138221740723e-01 1.000000000000000000e+00
9.770395755767822266e-01 9.722568392753601074e-01 9.852672219276428223e-01 1.000000000000000000e+00
9.754402041435241699e-01 9.705343842506408691e-01 9.842829704284667969e-01 1.000000000000000000e+00
9.738408327102661133e-01 9.688119888305664062e-01 9.832987189292907715e-01 1.000000000000000000e+00
9.722414612770080566e-01 9.670895934104919434e-01 9.823144674301147461e-01 1.000000000000000000e+00
9.706420898437500000e-01 9.653671383857727051e-01 9.813302755355834961e-01 1.000000000000000000e+00
9.690426588058471680e-01 9.636447429656982422e-01 9.803460240364074707e-01 1.000000000000000000e+00
9.674432873725891113e-01 9.619223475456237793e-01 9.793617725372314453e-01 1.000000000000000000e+00
9.658439159393310547e-01 9.601999521255493164e-01 9.783775210380554199e-01 1.000000000000000000e+00
9.642445445060729980e-01 9.584774971008300781e-01 9.773933291435241699e-01 1.000000000000000000e+00
9.626451134681701660e-01 9.567551016807556152e-01 9.764090776443481445e-01 1.000000000000000000e+00
9.610457420349121094e-01 9.550327062606811523e-01 9.754248261451721191e-01 1.000000000000000000e+00
9.594463706016540527e-01 9.533102512359619141e-01 9.744405746459960938e-01 1.000000000000000000e+00
9.578469991683959961e-01 9.515878558158874512e-01 9.734563827514648438e-01 1.000000000000000000e+00
9.562475681304931641e-01 9.498654603958129883e-01 9.724721312522888184e-01 1.000000000000000000e+00
9.546481966972351074e-01 9.481430053710937500e-01 9.714878797531127930e-01 1.000000000000000000e+00
9.530488252639770508e-01 9.464206099510192871e-01 9.705036282539367676e-01 1.000000000000000000e+00
9.514494538307189941e-01 9.446982145309448242e-01 9.695194363594055176e-01 1.000000000000000000e+00
9.498500823974609375e-01 9.429757595062255859e-01 9.685351848602294922e-01 1.000000000000000000e+00
9.482506513595581055e-01 9.412533640861511230e-01 9.675509333610534668e-01 1.000000000000000000e+00
9.466512799263000488e-01 9.395309686660766602e-01 9.665666818618774414e-01 1.000000000000000000e+00
9.450519084930419922e-01 9.378085136413574219e-01 9.655824899673461914e-01 1.000000000000000000e+00
9.434525370597839355e-01 9.360861182212829590e-01 9.645982384681701660e-01 1.000000000000000000e+00
9.418531060218811035e-01 9.343637228012084961e-01 9.636139869689941406e-01 1.000000000000000000e+00
9.402537345886230469e-01 9.326412677764892578e-01 9.626297354698181152e-01 1.000000000000000000e+00
9.386543631553649902e-01 9.309188723564147949e-01 9.616455435752868652e-01 1.000000000000000000e+00
9.369319677352905273e-01 9.291195869445800781e-01 9.606305360794067383e-01 1.000000000000000000e+00
9.343483448028564453e-01 9.267820119857788086e-01 9.594002366065979004e-01 1.000000000000000000e+00
9.317647218704223633e-01 9.244444370269775391e-01 9.581699371337890625e-01 1.000000000000000000e+00
9.291810989379882812e-01 9.221068620681762695e-01 9.569396376609802246e-01 1.000000000000000000e+00
9.265974760055541992e-01 9.197693467140197754e-01 9.557093381881713867e-01 1.000000000000000000e+00
9.240138530731201172e-01 9.174317717552185059e-01 9.544790387153625488e-01 1.000000000000000000e+00
9.214302301406860352e-01 9.150941967964172363e-01 9.532487392425537109e-01 1.000000000000000000e+00
9.188466072082519531e-01 9.127566218376159668e-01 9.520184397697448730e-01 1.000000000000000000e+00
9.162629842758178711e-01 9.104190468788146973e-01 9.507881402969360352e-01 1.000000000000000000e+00
9.136793613433837891e-01 9.080815315246582031e-01 9.495578408241271973e-01 1.000000000000000000e+00
9.110957384109497070e-01 9.057439565658569336e-01 9.483275413513183594e-01 1.000000000000000000e+00
9.085121154785156250e-01 9.034063816070556641e-01 9.470972418785095215e-01 1.000000000000000000e+00
9.059284925460815430e-01 9.010688066482543945e-01 9.458670020103454590e-01 1.000000000000000000e+00
9.033448696136474609e-01 8.987312316894531250e-01 9.446367025375366211e-01 1.000000000000000000e+00
9.007612466812133789e-01 8.963937163352966309e-01 9.434064030647277832e-01 1.000000000000000000e+00
8.981776237487792969e-01 8.940561413764953613e-01 9.421761035919189453e-01 1.000000000000000000e+00
8.955940008163452148e-01 8.917185664176940918e-01 9.409458041191101074e-01 1.000000000000000000e+00
8.930103778839111328e-01 8.893809914588928223e-01 9.397155046463012695e-01 1.000000000000000000e+00
8.904267549514770508e-01 8.870434165000915527e-01 9.384852051734924316e-01 1.000000000000000000e+00
8.878431320190429688e-01 8.847059011459350586e-01 9.372549057006835938e-01 1.000000000000000000e+00
8.852595090866088867e-01 8.823683261871337891e-01 9.360246062278747559e-01 1.000000000000000000e+00
8.826758861541748047e-01 8.800307512283325195e-01 9.347943067550659180e-01 1.000000000000000000e+00
8.800922632217407227e-01 8.776931762695312500e-01 9.335640072822570801e-01 1.000000000000000000e+00
8.775086402893066406e-01 8.753556609153747559e-01 9.323337078094482422e-01 1.000000000000000000e+00
8.749250173568725586e-01 8.730180859565734863e-01 9.311034083366394043e-01 1.000000000000000000e+00
8.723413944244384766e-01 8.706805109977722168e-01 9.298731088638305664e-01 1.000000000000000000e+00
8.697577714920043945e-01 8.683429360389709473e-01 9.286428093910217285e-01 1.000000000000000000e+00
8.671741485595703125e-01 8.660053610801696777e-01 9.274125099182128906e-01 1.000000000000000000e+00
8.645905256271362305e-01 8.636678457260131836e-01 9.261822104454040527e-01 1.000000000000000000e+00
8.620069026947021484e-01 8.613302707672119141e-01 9.249519705772399902e-01 1.000000000000000000e+00
8.594232797622680664e-01 8.589926958084106445e-01 9.237216711044311523e-01 1.000000000000000000e+00
8.568396568298339844e-01 8.566551208496093750e-01 9.224913716316223145e-01 1.000000000000000000e+00
8.539792299270629883e-01 8.540099859237670898e-01 9.211072921752929688e-01 1.000000000000000000e+00
8.502883315086364746e-01 8.504421114921569824e-01 9.192618131637573242e-01 1.000000000000000000e+00
8.465974330902099609e-01 8.468742966651916504e-01 9.174163937568664551e-01 1.000000000000000000e+00
8.429065942764282227e-01 8.433064222335815430e-01 9.155709147453308105e-01 1.000000000000000000e+00
8.392156958580017090e-01 8.397385478019714355e-01 9.137254953384399414e-01 1.000000000000000000e+00
8.355247974395751953e-01 8.361707329750061035e-01 9.118800759315490723e-01 1.000000000000000000e+00
8.318338990211486816e-01 8.326028585433959961e-01 9.100345969200134277e-01 1.000000000000000000e+00
8.281430006027221680e-01 8.290349841117858887e-01 9.081891775131225586e-01 1.000000000000000000e+00
8.244521617889404297e-01 8.254671096801757812e-01 9.063436985015869141e-01 1.000000000000000000e+00
8.207612633705139160e-01 8.218992948532104492e-01 9.044982790946960449e-01 1.000000000000000000e+00
8.170703649520874023e-01 8.183314204216003418e-01 9.026528000831604004e-01 1.000000000000000000e+00
8.133794665336608887e-01 8.147635459899902344e-01 9.008073806762695312e-01 1.000000000000000000e+00
8.096885681152343750e-01 8.111956715583801270e-01 8.989619612693786621e-01 1.000000000000000000e+00
8.059976696968078613e-01 8.076278567314147949e-01 8.971164822578430176e-01 1.000000000000000000e+00
8.023068308830261230e-01 8.040599822998046875e-01 8.952710628509521484e-01 1.000000000000000000e+00
7.986159324645996094e-01 8.004921078681945801e-01 8.934255838394165039e-01 1.000000000000000000e+00
7.949250340461730957e-01 7.969242334365844727e-01 8.915801644325256348e-01 1.000000000000000000e+00
7.912341356277465820e-01 7.933564186096191406e-01 8.897347450256347656e-01 1.000000000000000000e+00
7.875432372093200684e-01 7.897885441780090332e-01 8.878892660140991211e-01 1.000000000000000000e+00
7.838523387908935547e-01 7.862206697463989258e-01 8.860438466072082520e-01 1.000000000000000000e+00
7.801614999771118164e-01 7.826528549194335938e-01 8.841983675956726074e-01 1.000000000000000000e+00
7.764706015586853027e-01 7.790849804878234863e-01 8.823529481887817383e-01 1.000000000000000000e+00
7.727797031402587891e-01 7.755171060562133789e-01 8.805074691772460938e-01 1.000000000000000000e+00
7.690888047218322754e-01 7.719492316246032715e-01 8.786620497703552246e-01 1.000000000000000000e+00
7.653979063034057617e-01 7.683814167976379395e-01 8.768166303634643555e-01 1.000000000000000000e+00
7.617070078849792480e-01 7.648135423660278320e-01 8.749711513519287109e-01 1.000000000000000000e+00
7.580161690711975098e-01 7.612456679344177246e-01 8.731257319450378418e-01 1.000000000000000000e+00
7.543252706527709961e-01 7.576777935028076172e-01 8.712802529335021973e-01 1.000000000000000000e+00
7.506343722343444824e-01 7.541099786758422852e-01 8.694348335266113281e-01 1.000000000000000000e+00
7.469434738159179688e-01 7.505421042442321777e-01 8.675894141197204590e-01 1.000000000000000000e+00
7.432525753974914551e-01 7.469742298126220703e-01 8.657439351081848145e-01 1.000000000000000000e+00
7.395617365837097168e-01 7.434063553810119629e-01 8.638985157012939453e-01 1.000000000000000000e+00
7.358708381652832031e-01 7.395617365837097168e-01 8.618223667144775391e-01 1.000000000000000000e+00
7.321799397468566895e-01 7.352556586265563965e-01 8.593617677688598633e-01 1.000000000000000000e+00
7.284890413284301758e-01 7.309496402740478516e-01 8.569011688232421875e-01 1.000000000000000000e+00
7.247981429100036621e-01 7.266436219215393066e-01 8.544406294822692871e-01 1.000000000000000000e+00
7.211072444915771484e-01 7.223375439643859863e-01 8.519800305366516113e-01 1.000000000000000000e+00
7.174164056777954102e-01 7.180315256118774414e-01 8.495194315910339355e-01 1.000000000000000000e+00
7.137255072593688965e-01 7.137255072593688965e-01 8.470588326454162598e-01 1.000000000000000000e+00
7.100346088409423828e-01 7.094194293022155762e-01 8.445982336997985840e-01 1.000000000000000000e+00
7.063437104225158691e-01 7.051134109497070312e-01 8.421376347541809082e-01 1.000000000000000000e+00
7.026528120040893555e-01 7.008073925971984863e-01 8.396770358085632324e-01 1.000000000000000000e+00
6.989619135856628418e-01 6.965013742446899414e-01 8.372164368629455566e-01 1.000000000000000000e+00
6.952710747718811035e-01 6.921952962875366211e-01 8.347558379173278809e-01 1.000000000000000000e+00
6.915801763534545898e-01 6.878892779350280762e-01 8.322952985763549805e-01 1.000000000000000000e+00
6.878892779350280762e-01 6.835832595825195312e-01 8.298346996307373047e-01 1.000000000000000000e+00
6.841983795166015625e-01 6.792771816253662109e-01 8.273741006851196289e-01 1.000000000000000000e+00
6.805074810981750488e-01 6.749711632728576660e-01 8.249135017395019531e-01 1.000000000000000000e+00
6.768165826797485352e-01 6.706651449203491211e-01 8.224529027938842773e-01 1.000000000000000000e+00
6.731257438659667969e-01 6.663590669631958008e-01 8.199923038482666016e-01 1.000000000000000000e+00
6.694348454475402832e-01 6.620530486106872559e-01 8.175317049026489258e-01 1.000000000000000000e+00
6.657439470291137695e-01 6.577470302581787109e-01 8.150711059570312500e-01 1.000000000000000000e+00
6.620530486106872559e-01 6.534410119056701660e-01 8.126105070114135742e-01 1.000000000000000000e+00
6.583621501922607422e-01 6.491349339485168457e-01 8.101499676704406738e-01 1.000000000000000000e+00
6.546712517738342285e-01 6.448289155960083008e-01 8.076893687248229980e-01 1.000000000000000000e+00
6.509804129600524902e-01 6.405228972434997559e-01 8.052287697792053223e-01 1.000000000000000000e+00
6.472895145416259766e-01 6.362168192863464355e-01 8.027681708335876465e-01 1.000000000000000000e+00
6.435986161231994629e-01 6.319108009338378906e-01 8.003075718879699707e-01 1.000000000000000000e+00
6.399077177047729492e-01 6.276047825813293457e-01 7.978469729423522949e-01 1.000000000000000000e+00
6.362168192863464355e-01 6.232987046241760254e-01 7.953863739967346191e-01 1.000000000000000000e+00
6.325259804725646973e-01 6.189926862716674805e-01 7.929257750511169434e-01 1.000000000000000000e+00
6.288350820541381836e-01 6.146866679191589355e-01 7.904651761054992676e-01 1.000000000000000000e+00
6.251441836357116699e-01 6.103806495666503906e-01 7.880046367645263672e-01 1.000000000000000000e+00
6.214532852172851562e-01 6.060745716094970703e-01 7.855440378189086914e-01 1.000000000000000000e+00
6.177623867988586426e-01 6.021376252174377441e-01 7.834525108337402344e-01 1.000000000000000000e+00
6.140714883804321289e-01 5.985698103904724121e-01 7.817301154136657715e-01 1.000000000000000000e+00
6.103806495666503906e-01 5.950019359588623047e-01 7.800076603889465332e-01 1.000000000000000000e+00
6.066897511482238770e-01 5.914340615272521973e-01 7.782852649688720703e-01 1.000000000000000000e+00
6.029988527297973633e-01 5.878661870956420898e-01 7.765628695487976074e-01 1.000000000000000000e+00
5.993079543113708496e-01 5.842983722686767578e-01 7.748404741287231445e-01 1.000000000000000000e+00
5.956170558929443359e-01 5.807304978370666504e-01 7.731180191040039062e-01 1.000000000000000000e+00
5.919261574745178223e-01 5.771626234054565430e-01 7.713956236839294434e-01 1.000000000000000000e+00
5.882353186607360840e-01 5.735947489738464355e-01 7.696732282638549805e-01 1.000000000000000000e+00
5.845444202423095703e-01 5.700269341468811035e-01 7.679507732391357422e-01 1.000000000000000000e+00
5.808535218238830566e-01 5.664590597152709961e-01 7.662283778190612793e-01 1.000000000000000000e+00
5.771626234054565430e-01 5.628911852836608887e-01 7.645059823989868164e-01 1.000000000000000000e+00
5.734717249870300293e-01 5.593233108520507812e-01 7.627835273742675781e-01 1.000000000000000000e+00
5.697808265686035156e-01 5.557554960250854492e-01 7.610611319541931152e-01 1.000000000000000000e+00
5.660899877548217773e-01 5.521876215934753418e-01 7.593387365341186523e-01 1.000000000000000000e+00
5.623990893363952637e-01 5.486197471618652344e-01 7.576162815093994141e-01 1.000000000000000000e+00
5.587081909179687500e-01 5.450519323348999023e-01 7.558938860893249512e-01 1.000000000000000000e+00
5.550172924995422363e-01 5.414840579032897949e-01 7.541714906692504883e-01 1.000000000000000000e+00
5.513263940811157227e-01 5.379161834716796875e-01 7.524490356445312500e-01 1.000000000000000000e+00
5.476354956626892090e-01 5.343483090400695801e-01 7.507266402244567871e-01 1.000000000000000000e+00
5.439446568489074707e-01 5.307804942131042480e-01 7.490042448043823242e-01 1.000000000000000000e+00
5.402537584304809570e-01 5.272126197814941406e-01 7.472817897796630859e-01 1.000000000000000000e+00
5.365628600120544434e-01 5.236447453498840332e-01 7.455593943595886230e-01 1.000000000000000000e+00
5.328719615936279297e-01 5.200768709182739258e-01 7.438369989395141602e-01 1.000000000000000000e+00
5.291810631752014160e-01 5.165090560913085938e-01 7.421145439147949219e-01 1.000000000000000000e+00
5.254902243614196777e-01 5.129411816596984863e-01 7.403921484947204590e-01 1.000000000000000000e+00
5.217993259429931641e-01 5.093733072280883789e-01 7.386697530746459961e-01 1.000000000000000000e+00
5.181084275245666504e-01 5.058054327964782715e-01 7.369473576545715332e-01 1.000000000000000000e+00
5.144175291061401367e-01 5.022376179695129395e-01 7.352249026298522949e-01 1.000000000000000000e+00
5.107266306877136230e-01 4.986697435379028320e-01 7.335025072097778320e-01 1.000000000000000000e+00
5.070357322692871094e-01 4.951018691062927246e-01 7.317801117897033691e-01 1.000000000000000000e+00
5.033448934555053711e-01 4.915340244770050049e-01 7.300576567649841309e-01 1.000000000000000000e+00
5.002691149711608887e-01 4.868127703666687012e-01 7.276431918144226074e-01 1.000000000000000000e+00
4.975624680519104004e-01 4.813994765281677246e-01 7.248135209083557129e-01 1.000000000000000000e+00
4.948558211326599121e-01 4.759861528873443604e-01 7.219838500022888184e-01 1.000000000000000000e+00
4.921491742134094238e-01 4.705728590488433838e-01 7.191541790962219238e-01 1.000000000000000000e+00
4.894425272941589355e-01 4.651595652103424072e-01 7.163245081901550293e-01 1.000000000000000000e+00
4.867358803749084473e-01 4.597462415695190430e-01 7.134948372840881348e-01 1.000000000000000000e+00
4.840292334556579590e-01 4.543329477310180664e-01 7.106651067733764648e-01 1.000000000000000000e+00
4.813225567340850830e-01 4.489196538925170898e-01 7.078354358673095703e-01 1.000000000000000000e+00
4.786159098148345947e-01 4.435063302516937256e-01 7.050057649612426758e-01 1.000000000000000000e+00
4.759092628955841064e-01 4.380930364131927490e-01 7.021760940551757812e-01 1.000000000000000000e+00
4.732026159763336182e-01 4.326797425746917725e-01 6.993464231491088867e-01 1.000000000000000000e+00
4.704959690570831299e-01 4.272664487361907959e-01 6.965167522430419922e-01 1.000000000000000000e+00
4.677893221378326416e-01 4.218531250953674316e-01 6.936870217323303223e-01 1.000000000000000000e+00
4.650826752185821533e-01 4.164398312568664551e-01 6.908573508262634277e-01 1.000000000000000000e+00
4.623759984970092773e-01 4.110265374183654785e-01 6.880276799201965332e-01 1.000000000000000000e+00
4.596693515777587891e-01 4.056132137775421143e-01 6.851980090141296387e-01 1.000000000000000000e+00
4.569627046585083008e-01 4.001999199390411377e-01 6.823683381080627441e-01 1.000000000000000000e+00
4.542560577392578125e-01 3.947866261005401611e-01 6.795386672019958496e-01 1.000000000000000000e+00
4.515494108200073242e-01 3.893733322620391846e-01 6.767089366912841797e-01 1.000000000000000000e+00
4.488427639007568359e-01 3.839600086212158203e-01 6.738792657852172852e-01 1.000000000000000000e+00
4.461360871791839600e-01 3.785467147827148438e-01 6.710495948791503906e-01 1.000000000000000000e+00
4.434294402599334717e-01 3.731334209442138672e-01 6.682199239730834961e-01 1.000000000000000000e+00
4.407227933406829834e-01 3.677200973033905029e-01 6.653902530670166016e-01 1.000000000000000000e+00
4.380161464214324951e-01 3.623068034648895264e-01 6.625605821609497070e-01 1.000000000000000000e+00
4.353094995021820068e-01 3.568935096263885498e-01 6.597308516502380371e-01 1.000000000000000000e+00
4.326028525829315186e-01 3.514801859855651855e-01 6.569011807441711426e-01 1.000000000000000000e+00
4.298962056636810303e-01 3.460668921470642090e-01 6.540715098381042480e-01 1.000000000000000000e+00
4.271895289421081543e-01 3.406535983085632324e-01 6.512418389320373535e-01 1.000000000000000000e+00
4.244828820228576660e-01 3.352403044700622559e-01 6.484121680259704590e-01 1.000000000000000000e+00
4.217762351036071777e-01 3.298269808292388916e-01 6.455824971199035645e-01 1.000000000000000000e+00
4.190695881843566895e-01 3.244136869907379150e-01 6.427527666091918945e-01 1.000000000000000000e+00
4.163629412651062012e-01 3.190003931522369385e-01 6.399230957031250000e-01 1.000000000000000000e+00
4.136562943458557129e-01 3.137716352939605713e-01 6.373702287673950195e-01 1.000000000000000000e+00
4.109496474266052246e-01 3.086043894290924072e-01 6.349096298217773438e-01 1.000000000000000000e+00
4.082429707050323486e-01 3.034371435642242432e-01 6.324490308761596680e-01 1.000000000000000000e+00
4.055363237857818604e-01 2.982698976993560791e-01 6.299884915351867676e-01 1.000000000000000000e+00
4.028296768665313721e-01 2.931026518344879150e-01 6.275278925895690918e-01 1.000000000000000000e+00
4.001230299472808838e-01 2.879354059696197510e-01 6.250672936439514160e-01 1.000000000000000000e+00
3.974163830280303955e-01 2.827681601047515869e-01 6.226066946983337402e-01 1.000000000000000000e+00
3.947097361087799072e-01 2.776009142398834229e-01 6.201460957527160645e-01 1.000000000000000000e+00
3.920030891895294189e-01 2.724336683750152588e-01 6.176854968070983887e-01 1.000000000000000000e+00
3.892964124679565430e-01 2.672664225101470947e-01 6.152248978614807129e-01 1.000000000000000000e+00
3.865897655487060547e-01 2.620992064476013184e-01 6.127642989158630371e-01 1.000000000000000000e+00
3.838831186294555664e-01 2.569319605827331543e-01 6.103036999702453613e-01 1.000000000000000000e+00
3.811764717102050781e-01 2.517647147178649902e-01 6.078431606292724609e-01 1.000000000000000000e+00
3.784698247909545898e-01 2.465974688529968262e-01 6.053825616836547852e-01 1.000000000000000000e+00
3.757631778717041016e-01 2.414302229881286621e-01 6.029219627380371094e-01 1.000000000000000000e+00
3.730565309524536133e-01 2.362629771232604980e-01 6.004613637924194336e-01 1.000000000000000000e+00
3.703498542308807373e-01 2.310957312583923340e-01 5.980007648468017578e-01 1.000000000000000000e+00
3.676432073116302490e-01 2.259284853935241699e-01 5.955401659011840820e-01 1.000000000000000000e+00
3.649365603923797607e-01 2.207612395286560059e-01 5.930795669555664062e-01 1.000000000000000000e+00
3.622299134731292725e-01 2.155940085649490356e-01 5.906189680099487305e-01 1.000000000000000000e+00
3.595232665538787842e-01 2.104267627000808716e-01 5.881584286689758301e-01 1.000000000000000000e+00
3.568166196346282959e-01 2.052595168352127075e-01 5.856978297233581543e-01 1.000000000000000000e+00
3.541099429130554199e-01 2.000922709703445435e-01 5.832372307777404785e-01 1.000000000000000000e+00
3.514032959938049316e-01 1.949250251054763794e-01 5.807766318321228027e-01 1.000000000000000000e+00
3.486966490745544434e-01 1.897577792406082153e-01 5.783160328865051270e-01 1.000000000000000000e+00
3.459900021553039551e-01 1.845905482769012451e-01 5.758554339408874512e-01 1.000000000000000000e+00
3.432833552360534668e-01 1.794233024120330811e-01 5.733948349952697754e-01 1.000000000000000000e+00
3.405767083168029785e-01 1.742560565471649170e-01 5.709342360496520996e-01 1.000000000000000000e+00
3.378700613975524902e-01 1.690888106822967529e-01 5.684736371040344238e-01 1.000000000000000000e+00
3.351633846759796143e-01 1.639215648174285889e-01 5.660130977630615234e-01 1.000000000000000000e+00
3.324567377567291260e-01 1.587543189525604248e-01 5.635524988174438477e-01 1.000000000000000000e+00
3.297500908374786377e-01 1.535870879888534546e-01 5.610918998718261719e-01 1.000000000000000000e+00
3.271510899066925049e-01 1.487427949905395508e-01 5.588465929031372070e-01 1.000000000000000000e+00
3.245674669742584229e-01 1.439446359872817993e-01 5.566320419311523438e-01 1.000000000000000000e+00
3.219838440418243408e-01 1.391464769840240479e-01 5.544175505638122559e-01 1.000000000000000000e+00
3.194002211093902588e-01 1.343483328819274902e-01 5.522029995918273926e-01 1.000000000000000000e+00
3.168165981769561768e-01 1.295501738786697388e-01 5.499884486198425293e-01 1.000000000000000000e+00
3.142329752445220947e-01 1.247520148754119873e-01 5.477739572525024414e-01 1.000000000000000000e+00
3.116493523120880127e-01 1.199538633227348328e-01 5.455594062805175781e-01 1.000000000000000000e+00
3.090657293796539307e-01 1.151557117700576782e-01 5.433448553085327148e-01 1.000000000000000000e+00
3.064821362495422363e-01 1.103575527667999268e-01 5.411303639411926270e-01 1.000000000000000000e+00
3.038985133171081543e-01 1.055594012141227722e-01 5.389158129692077637e-01 1.000000000000000000e+00
3.013148903846740723e-01 1.007612422108650208e-01 5.367012619972229004e-01 1.000000000000000000e+00
2.987312674522399902e-01 9.596309065818786621e-02 5.344867110252380371e-01 1.000000000000000000e+00
2.961476445198059082e-01 9.116493910551071167e-02 5.322722196578979492e-01 1.000000000000000000e+00
2.935640215873718262e-01 8.636678010225296021e-02 5.300576686859130859e-01 1.000000000000000000e+00
2.909803986549377441e-01 8.156862854957580566e-02 5.278431177139282227e-01 1.000000000000000000e+00
2.883967757225036621e-01 7.677046954631805420e-02 5.256286263465881348e-01 1.000000000000000000e+00
2.858131527900695801e-01 7.197231799364089966e-02 5.234140753746032715e-01 1.000000000000000000e+00
2.832295298576354980e-01 6.717416644096374512e-02 5.211995244026184082e-01 1.000000000000000000e+00
2.806459069252014160e-01 6.237600743770599365e-02 5.189850330352783203e-01 1.000000000000000000e+00
2.780622839927673340e-01 5.757785588502883911e-02 5.167704820632934570e-01 1.000000000000000000e+00
2.754786610603332520e-01 5.277970060706138611e-02 5.145559310913085938e-01 1.000000000000000000e+00
2.728950381278991699e-01 4.798154532909393311e-02 5.123413801193237305e-01 1.000000000000000000e+00
2.703114151954650879e-01 4.318339005112648010e-02 5.101268887519836426e-01 1.000000000000000000e+00
2.677277922630310059e-01 3.838523477315902710e-02 5.079123377799987793e-01 1.000000000000000000e+00
2.651441693305969238e-01 3.358708322048187256e-02 5.056977868080139160e-01 1.000000000000000000e+00
2.625605463981628418e-01 2.878892794251441956e-02 5.034832954406738281e-01 1.000000000000000000e+00
2.599769234657287598e-01 2.399077266454696655e-02 5.012687444686889648e-01 1.000000000000000000e+00
2.573933005332946777e-01 1.919261738657951355e-02 4.990542232990264893e-01 1.000000000000000000e+00
2.548096776008605957e-01 1.439446397125720978e-02 4.968396723270416260e-01 1.000000000000000000e+00
2.522260546684265137e-01 9.596308693289756775e-03 4.946251511573791504e-01 1.000000000000000000e+00
2.496424466371536255e-01 4.798154346644878387e-03 4.924106001853942871e-01 1.000000000000000000e+00
2.470588237047195435e-01 0.000000000000000000e+00 4.901960790157318115e-01 1.000000000000000000e+00
