5.000000000000000000e-01 0.000000000000000000e+00 1.000000000000000000e+00 1.000000000000000000e+00
4.921568632125854492e-01 1.231965981423854828e-02 9.999810457229614258e-01 1.000000000000000000e+00
4.843137264251708984e-01 2.463744953274726868e-02 9.999241232872009277e-01 1.000000000000000000e+00
4.764705896377563477e-01 3.695150092244148254e-02 9.998292326927185059e-01 1.000000000000000000e+00
4.686274528503417969e-01 4.925994202494621277e-02 9.996964335441589355e-01 1.000000000000000000e+00
4.607843160629272461e-01 6.156090646982192993e-02 9.995257258415222168e-01 1.000000000000000000e+00
4.529411792755126953e-01 7.385252416133880615e-02 9.993170499801635742e-01 1.000000000000000000e+00
4.450980424880981445e-01 8.613293617963790894e-02 9.990704655647277832e-01 1.000000000000000000e+00
4.372549057006835938e-01 9.840027987957000732e-02 9.987859725952148438e-01 1.000000000000000000e+00
4.294117689132690430e-01 1.106526851654052734e-01 9.984636306762695312e-01 1.000000000000000000e+00
4.215686321258544922e-01 1.228882893919944763e-01 9.981033205986022949e-01 1.000000000000000000e+00
4.137254953384399414e-01 1.351052522659301758e-01 9.977051615715026855e-01 1.000000000000000000e+00
4.058823585510253906e-01 1.473017036914825439e-01 9.972691535949707031e-01 1.000000000000000000e+00
3.980392217636108398e-01 1.594757884740829468e-01 9.967952966690063477e-01 1.000000000000000000e+00
3.901960849761962891e-01 1.716256737709045410e-01 9.962836503982543945e-01 1.000000000000000000e+00
3.823529481887817383e-01 1.837495118379592896e-01 9.957341551780700684e-01 1.000000000000000000e+00
3.745098114013671875e-01 1.958454698324203491e-01 9.951469302177429199e-01 1.000000000000000000e+00
3.666666746139526367e-01 2.079116851091384888e-01 9.945219159126281738e-01 1.000000000000000000e+00
3.588235378265380859e-01 2.199463546276092529e-01 9.938591122627258301e-01 1.000000000000000000e+00
3.509804010391235352e-01 2.319476455450057983e-01 9.931586384773254395e-01 1.000000000000000000e+00
3.431372642517089844e-01 2.439137250185012817e-01 9.924204945564270020e-01 1.000000000000000000e+00
3.352941274642944336e-01 2.558427751064300537e-01 9.916446805000305176e-01 1.000000000000000000e+00
3.274509906768798828e-01 2.677330076694488525e-01 9.908312559127807617e-01 1.000000000000000000e+00
3.196078538894653320e-01 2.795825898647308350e-01 9.899802207946777344e-01 1.000000000000000000e+00
3.117647171020507812e-01 2.913897335529327393e-01 9.890916347503662109e-01 1.000000000000000000e+00
3.039215803146362305e-01 3.031526803970336914e-01 9.881654977798461914e-01 1.000000000000000000e+00
2.960784435272216797e-01 3.148695826530456543e-01 9.872018098831176758e-01 1.000000000000000000e+00
2.882353067398071289e-01 3.265387117862701416e-01 9.862007498741149902e-01 1.000000000000000000e+00
2.803921699523925781e-01 3.381582796573638916e-01 9.851622581481933594e-01 1.000000000000000000e+00
2.725490331649780273e-01 3.497264981269836426e-01 9.840863347053527832e-01 1.000000000000000000e+00
2.647058963775634766e-01 3.612416684627532959e-01 9.829730987548828125e-01 1.000000000000000000e+00
2.568627595901489258e-01 3.727020025253295898e-01 9.818225502967834473e-01 1.000000000000000000e+00
2.490196079015731812e-01 3.841057419776916504e-01 9.806347489356994629e-01 1.000000000000000000e+00
2.411764711141586304e-01 3.954512178897857666e-01 9.794097542762756348e-01 1.000000000000000000e+00
2.333333343267440796e-01 4.067366421222686768e-01 9.781476259231567383e-01 1.000000000000000000e+00
2.254901975393295288e-01 4.179603457450866699e-01 9.768483042716979980e-01 1.000000000000000000e+00
2.176470607519149780e-01 4.291206002235412598e-01 9.755119681358337402e-01 1.000000000000000000e+00
2.098039239645004272e-01 4.402157366275787354e-01 9.741386175155639648e-01 1.000000000000000000e+00
2.019607871770858765e-01 4.512440562248229980e-01 9.727282524108886719e-01 1.000000000000000000e+00
1.941176503896713257e-01 4.622038900852203369e-01 9.712810516357421875e-01 1.000000000000000000e+00
1.862745136022567749e-01 4.730935692787170410e-01 9.697969555854797363e-01 1.000000000000000000e+00
1.784313768148422241e-01 4.839114248752593994e-01 9.682760238647460938e-01 1.000000000000000000e+00
1.705882400274276733e-01 4.946558475494384766e-01 9.667183756828308105e-01 1.000000000000000000e+00
1.627451032400131226e-01 5.053251981735229492e-01 9.651240706443786621e-01 1.000000000000000000e+00
1.549019664525985718e-01 5.159178376197814941e-01 9.634931683540344238e-01 1.000000000000000000e+00
1.470588296651840210e-01 5.264321565628051758e-01 9.618256688117980957e-01 1.000000000000000000e+00
1.392156928777694702e-01 5.368666052818298340e-01 9.601216316223144531e-01 1.000000000000000000e+00
1.313725560903549194e-01 5.472195744514465332e-01 9.583812355995178223e-01 1.000000000000000000e+00
1.235294118523597717e-01 5.574894547462463379e-01 9.566044211387634277e-01 1.000000000000000000e+00
1.156862750649452209e-01 5.676746964454650879e-01 9.547913074493408203e-01 1.000000000000000000e+00
1.078431382775306702e-01 5.777738094329833984e-01 9.529420137405395508e-01 1.000000000000000000e+00
1.000000014901161194e-01 5.877852439880371094e-01 9.510565400123596191e-01 1.000000000000000000e+00
9.215686470270156860e-02 5.977074503898620605e-01 9.491349458694458008e-01 1.000000000000000000e+00
8.431372791528701782e-02 6.075389385223388672e-01 9.471773505210876465e-01 1.000000000000000000e+00
7.647059112787246704e-02 6.172782182693481445e-01 9.451838135719299316e-01 1.000000000000000000e+00
6.862745434045791626e-02 6.269237995147705078e-01 9.431544542312622070e-01 1.000000000000000000e+00
6.078431382775306702e-02 6.364742517471313477e-01 9.410892724990844727e-01 1.000000000000000000e+00
5.294117704033851624e-02 6.459280848503112793e-01 9.389883875846862793e-01 1.000000000000000000e+00
4.509804025292396545e-02 6.552838683128356934e-01 9.368518590927124023e-01 1.000000000000000000e+00
3.725490346550941467e-02 6.645401716232299805e-01 9.346797466278076172e-01 1.000000000000000000e+00
2.941176481544971466e-02 6.736956238746643066e-01 9.324722290039062500e-01 1.000000000000000000e+00
2.156862802803516388e-02 6.827488541603088379e-01 9.302293062210083008e-01 1.000000000000000000e+00
1.372549030929803848e-02 6.916984319686889648e-01 9.279510974884033203e-01 1.000000000000000000e+00
5.882353056222200394e-03 7.005430459976196289e-01 9.256376624107360840e-01 1.000000000000000000e+00
1.960784429684281349e-03 7.092813253402709961e-01 9.232891201972961426e-01 1.000000000000000000e+00
9.803921915590763092e-03 7.179118990898132324e-01 9.209055304527282715e-01 1.000000000000000000e+00
1.764705963432788849e-02 7.264335751533508301e-01 9.184870123863220215e-01 1.000000000000000000e+00
2.549019642174243927e-02 7.348449826240539551e-01 9.160336256027221680e-01 1.000000000000000000e+00
3.333333507180213928e-02 7.431448101997375488e-01 9.135454297065734863e-01 1.000000000000000000e+00
4.117647185921669006e-02 7.513318657875061035e-01 9.110226631164550781e-01 1.000000000000000000e+00
4.901960864663124084e-02 7.594048976898193359e-01 9.084652662277221680e-01 1.000000000000000000e+00
5.686274543404579163e-02 7.673626542091369629e-01 9.058734178543090820e-01 1.000000000000000000e+00
6.470588594675064087e-02 7.752040028572082520e-01 9.032471776008605957e-01 1.000000000000000000e+00
7.254902273416519165e-02 7.829276323318481445e-01 9.005867242813110352e-01 1.000000000000000000e+00
8.039215952157974243e-02 7.905324101448059082e-01 8.978920578956604004e-01 1.000000000000000000e+00
8.823529630899429321e-02 7.980172038078308105e-01 8.951632976531982422e-01 1.000000000000000000e+00
9.607843309640884399e-02 8.053809404373168945e-01 8.924005627632141113e-01 1.000000000000000000e+00
1.039215698838233948e-01 8.126223683357238770e-01 8.896040320396423340e-01 1.000000000000000000e+00
1.117647066712379456e-01 8.197404742240905762e-01 8.867737054824829102e-01 1.000000000000000000e+00
1.196078434586524963e-01 8.267341852188110352e-01 8.839097023010253906e-01 1.000000000000000000e+00
1.274509876966476440e-01 8.336023688316345215e-01 8.810122013092041016e-01 1.000000000000000000e+00
1.352941244840621948e-01 8.403440713882446289e-01 8.780812621116638184e-01 1.000000000000000000e+00
1.431372612714767456e-01 8.469582200050354004e-01 8.751170039176940918e-01 1.000000000000000000e+00
1.509803980588912964e-01 8.534438014030456543e-01 8.721194863319396973e-01 1.000000000000000000e+00
1.588235348463058472e-01 8.597998619079589844e-01 8.690889477729797363e-01 1.000000000000000000e+00
1.666666716337203979e-01 8.660253882408142090e-01 8.660253882408142090e-01 1.000000000000000000e+00
1.745098084211349487e-01 8.721194863319396973e-01 8.629289865493774414e-01 1.000000000000000000e+00
1.823529452085494995e-01 8.780812621116638184e-01 8.597998619079589844e-01 1.000000000000000000e+00
1.901960819959640503e-01 8.839097023010253906e-01 8.566380739212036133e-01 1.000000000000000000e+00
1.980392187833786011e-01 8.896040320396423340e-01 8.534438014030456543e-01 1.000000000000000000e+00
2.058823555707931519e-01 8.951632976531982422e-01 8.502171635627746582e-01 1.000000000000000000e+00
2.137254923582077026e-01 9.005867242813110352e-01 8.469582200050354004e-01 1.000000000000000000e+00
2.215686291456222534e-01 9.058734178543090820e-01 8.436671495437622070e-01 1.000000000000000000e+00
2.294117659330368042e-01 9.110226631164550781e-01 8.403440713882446289e-01 1.000000000000000000e+00
2.372549027204513550e-01 9.160336256027221680e-01 8.369891047477722168e-01 1.000000000000000000e+00
2.450980395078659058e-01 9.209055304527282715e-01 8.336023688316345215e-01 1.000000000000000000e+00
2.529411911964416504e-01 9.256376624107360840e-01 8.301840424537658691e-01 1.000000000000000000e+00
2.607843279838562012e-01 9.302293062210083008e-01 8.267341852188110352e-01 1.000000000000000000e+00
2.686274647712707520e-01 9.346797466278076172e-01 8.232529759407043457e-01 1.000000000000000000e+00
2.764706015586853027e-01 9.389883875846862793e-01 8.197404742240905762e-01 1.000000000000000000e+00
2.843137383460998535e-01 9.431544542312622070e-01 8.161969184875488281e-01 1.000000000000000000e+00
2.921568751335144043e-01 9.471773505210876465e-01 8.126223683357238770e-01 1.000000000000000000e+00
3.000000119209289551e-01 9.510565400123596191e-01 8.090170025825500488e-01 1.000000000000000000e+00
3.078431487083435059e-01 9.547913074493408203e-01 8.053809404373168945e-01 1.000000000000000000e+00
3.156862854957580566e-01 9.583812355995178223e-01 8.017143011093139648e-01 1.000000000000000000e+00
3.235294222831726074e-01 9.618256688117980957e-01 7.980172038078308105e-01 1.000000000000000000e+00
3.313725590705871582e-01 9.651240706443786621e-01 7.942898869514465332e-01 1.000000000000000000e+00
3.392156958580017090e-01 9.682760238647460938e-01 7.905324101448059082e-01 1.000000000000000000e+00
3.470588326454162598e-01 9.712810516357421875e-01 7.867449522018432617e-01 1.000000000000000000e+00
3.549019694328308105e-01 9.741386175155639648e-01 7.829276323318481445e-01 1.000000000000000000e+00
3.627451062202453613e-01 9.768483042716979980e-01 7.790805697441101074e-01 1.000000000000000000e+00
3.705882430076599121e-01 9.794097542762756348e-01 7.752040028572082520e-01 1.000000000000000000e+00
3.784313797950744629e-01 9.818225502967834473e-01 7.712979912757873535e-01 1.000000000000000000e+00
3.862745165824890137e-01 9.840863347053527832e-01 7.673626542091369629e-01 1.000000000000000000e+00
3.941176533699035645e-01 9.862007498741149902e-01 7.633982896804809570e-01 1.000000000000000000e+00
4.019607901573181152e-01 9.881654977798461914e-01 7.594048976898193359e-01 1.000000000000000000e+00
4.098039269447326660e-01 9.899802207946777344e-01 7.553827166557312012e-01 1.000000000000000000e+00
4.176470637321472168e-01 9.916446805000305176e-01 7.513318657875061035e-01 1.000000000000000000e+00
4.254902005195617676e-01 9.931586384773254395e-01 7.472525238990783691e-01 1.000000000000000000e+00
4.333333373069763184e-01 9.945219159126281738e-01 7.431448101997375488e-01 1.000000000000000000e+00
4.411764740943908691e-01 9.957341551780700684e-01 7.390089035034179688e-01 1.000000000000000000e+00
4.490196108818054199e-01 9.967952966690063477e-01 7.348449826240539551e-01 1.000000000000000000e+00
4.568627476692199707e-01 9.977051615715026855e-01 7.306531071662902832e-01 1.000000000000000000e+00
4.647058844566345215e-01 9.984636306762695312e-01 7.264335751533508301e-01 1.000000000000000000e+00
4.725490212440490723e-01 9.990704655647277832e-01 7.221864461898803711e-01 1.000000000000000000e+00
4.803921580314636230e-01 9.995257258415222168e-01 7.179118990898132324e-01 1.000000000000000000e+00
4.882352948188781738e-01 9.998292326927185059e-01 7.136101722717285156e-01 1.000000000000000000e+00
4.960784316062927246e-01 9.999810457229614258e-01 7.092813253402709961e-01 1.000000000000000000e+00
5.039215683937072754e-01 9.999810457229614258e-01 7.049255371093750000e-01 1.000000000000000000e+00
5.117647051811218262e-01 9.998292326927185059e-01 7.005430459976196289e-01 1.000000000000000000e+00
5.196078419685363770e-01 9.995257258415222168e-01 6.961339712142944336e-01 1.000000000000000000e+00
5.274509787559509277e-01 9.990704655647277832e-01 6.916984319686889648e-01 1.000000000000000000e+00
5.352941155433654785e-01 9.984636306762695312e-01 6.872366666793823242e-01 1.000000000000000000e+00
5.431372523307800293e-01 9.977051615715026855e-01 6.827488541603088379e-01 1.000000000000000000e+00
5.509803891181945801e-01 9.967952966690063477e-01 6.782351136207580566e-01 1.000000000000000000e+00
5.588235259056091309e-01 9.957341551780700684e-01 6.736956238746643066e-01 1.000000000000000000e+00
5.666666626930236816e-01 9.945219159126281738e-01 6.691306233406066895e-01 1.000000000000000000e+00
5.745097994804382324e-01 9.931586384773254395e-01 6.645401716232299805e-01 1.000000000000000000e+00
5.823529362678527832e-01 9.916446805000305176e-01 6.599245071411132812e-01 1.000000000000000000e+00
5.901960730552673340e-01 9.899802207946777344e-01 6.552838683128356934e-01 1.000000000000000000e+00
5.980392098426818848e-01 9.881654977798461914e-01 6.506183147430419922e-01 1.000000000000000000e+00
6.058823466300964355e-01 9.862007498741149902e-01 6.459280848503112793e-01 1.000000000000000000e+00
6.137254834175109863e-01 9.840863347053527832e-01 6.412132978439331055e-01 1.000000000000000000e+00
6.215686202049255371e-01 9.818225502967834473e-01 6.364742517471313477e-01 1.000000000000000000e+00
6.294117569923400879e-01 9.794097542762756348e-01 6.317110061645507812e-01 1.000000000000000000e+00
6.372548937797546387e-01 9.768483042716979980e-01 6.269237995147705078e-01 1.000000000000000000e+00
6.450980305671691895e-01 9.741386175155639648e-01 6.221128106117248535e-01 1.000000000000000000e+00
6.529411673545837402e-01 9.712810516357421875e-01 6.172782182693481445e-01 1.000000000000000000e+00
6.607843041419982910e-01 9.682760238647460938e-01 6.124202013015747070e-01 1.000000000000000000e+00
6.686274409294128418e-01 9.651240706443786621e-01 6.075389385223388672e-01 1.000000000000000000e+00
6.764705777168273926e-01 9.618256688117980957e-01 6.026346087455749512e-01 1.000000000000000000e+00
6.843137145042419434e-01 9.583812355995178223e-01 5.977074503898620605e-01 1.000000000000000000e+00
6.921568512916564941e-01 9.547913074493408203e-01 5.927575826644897461e-01 1.000000000000000000e+00
6.999999880790710449e-01 9.510565400123596191e-01 5.877852439880371094e-01 1.000000000000000000e+00
7.078431248664855957e-01 9.471773505210876465e-01 5.827906131744384766e-01 1.000000000000000000e+00
7.156862616539001465e-01 9.431544542312622070e-01 5.777738094329833984e-01 1.000000000000000000e+00
7.235293984413146973e-01 9.389883875846862793e-01 5.727351307868957520e-01 1.000000000000000000e+00
7.313725352287292480e-01 9.346797466278076172e-01 5.676746964454650879e-01 1.000000000000000000e+00
7.392156720161437988e-01 9.302293062210083008e-01 5.625927448272705078e-01 1.000000000000000000e+00
7.470588088035583496e-01 9.256376624107360840e-01 5.574894547462463379e-01 1.000000000000000000e+00
7.549019455909729004e-01 9.209055304527282715e-01 5.523649454116821289e-01 1.000000000000000000e+00
7.627450823783874512e-01 9.160336256027221680e-01 5.472195744514465332e-01 1.000000000000000000e+00
7.705882191658020020e-01 9.110226631164550781e-01 5.420533418655395508e-01 1.000000000000000000e+00
7.784313559532165527e-01 9.058734178543090820e-01 5.368666052818298340e-01 1.000000000000000000e+00
7.862744927406311035e-01 9.005867242813110352e-01 5.316594839096069336e-01 1.000000000000000000e+00
7.941176295280456543e-01 8.951632976531982422e-01 5.264321565628051758e-01 1.000000000000000000e+00
8.019607663154602051e-01 8.896040320396423340e-01 5.211848616600036621e-01 1.000000000000000000e+00
8.098039031028747559e-01 8.839097023010253906e-01 5.159178376197814941e-01 1.000000000000000000e+00
8.176470398902893066e-01 8.780812621116638184e-01 5.106312036514282227e-01 1.000000000000000000e+00
8.254901766777038574e-01 8.721194863319396973e-01 5.053251981735229492e-01 1.000000000000000000e+00
8.333333134651184082e-01 8.660253882408142090e-01 5.000000000000000000e-01 1.000000000000000000e+00
8.411764502525329590e-01 8.597998619079589844e-01 4.946558475494384766e-01 1.000000000000000000e+00
8.490195870399475098e-01 8.534438014030456543e-01 4.892929196357727051e-01 1.000000000000000000e+00
8.568627238273620605e-01 8.469582200050354004e-01 4.839114248752593994e-01 1.000000000000000000e+00
8.647058606147766113e-01 8.403440713882446289e-01 4.785115718841552734e-01 1.000000000000000000e+00
8.725489974021911621e-01 8.336023688316345215e-01 4.730935692787170410e-01 1.000000000000000000e+00
8.803921341896057129e-01 8.267341852188110352e-01 4.676575958728790283e-01 1.000000000000000000e+00
8.882352709770202637e-01 8.197404742240905762e-01 4.622038900852203369e-01 1.000000000000000000e+00
8.960784077644348145e-01 8.126223683357238770e-01 4.567326307296752930e-01 1.000000000000000000e+00
9.039215445518493652e-01 8.053809404373168945e-01 4.512440562248229980e-01 1.000000000000000000e+00
9.117646813392639160e-01 7.980172038078308105e-01 4.457383453845977783e-01 1.000000000000000000e+00
9.196078181266784668e-01 7.905324101448059082e-01 4.402157366275787354e-01 1.000000000000000000e+00
9.274509549140930176e-01 7.829276323318481445e-01 4.346764087677001953e-01 1.000000000000000000e+00
9.352940917015075684e-01 7.752040028572082520e-01 4.291206002235412598e-01 1.000000000000000000e+00
9.431372284889221191e-01 7.673626542091369629e-01 4.235485196113586426e-01 1.000000000000000000e+00
9.509803652763366699e-01 7.594048976898193359e-01 4.179603457450866699e-01 1.000000000000000000e+00
9.588235020637512207e-01 7.513318657875061035e-01 4.123563170433044434e-01 1.000000000000000000e+00
9.666666388511657715e-01 7.431448101997375488e-01 4.067366421222686768e-01 1.000000000000000000e+00
9.745097756385803223e-01 7.348449826240539551e-01 4.011015295982360840e-01 1.000000000000000000e+00
9.823529124259948730e-01 7.264335751533508301e-01 3.954512178897857666e-01 1.000000000000000000e+00
9.901960492134094238e-01 7.179118990898132324e-01 3.897858858108520508e-01 1.000000000000000000e+00
9.980391860008239746e-01 7.092813253402709961e-01 3.841057419776916504e-01 1.000000000000000000e+00
1.000000000000000000e+00 7.005430459976196289e-01 3.784110546112060547e-01 1.000000000000000000e+00
1.000000000000000000e+00 6.916984319686889648e-01 3.727020025253295898e-01 1.000000000000000000e+00
1.000000000000000000e+00 6.827488541603088379e-01 3.669787943363189697e-01 1.000000000000000000e+00
1.000000000000000000e+00 6.736956238746643066e-01 3.612416684627532959e-01 1.000000000000000000e+00
1.000000000000000000e+00 6.645401716232299805e-01 3.554908335208892822e-01 1.000000000000000000e+00
1.000000000000000000e+00 6.552838683128356934e-01 3.497264981269836426e-01 1.000000000000000000e+00
1.000000000000000000e+00 6.459280848503112793e-01 3.439489305019378662e-01 1.000000000000000000e+00
1.000000000000000000e+00 6.364742517471313477e-01 3.381582796573638916e-01 1.000000000000000000e+00
1.000000000000000000e+00 6.269237995147705078e-01 3.323548138141632080e-01 1.000000000000000000e+00
1.000000000000000000e+00 6.172782182693481445e-01 3.265387117862701416e-01 1.000000000000000000e+00
1.000000000000000000e+00 6.075389385223388672e-01 3.207102417945861816e-01 1.000000000000000000e+00
1.000000000000000000e+00 5.977074503898620605e-01 3.148695826530456543e-01 1.000000000000000000e+00
1.000000000000000000e+00 5.877852439880371094e-01 3.090170025825500488e-01 1.000000000000000000e+00
1.000000000000000000e+00 5.777738094329833984e-01 3.031526803970336914e-01 1.000000000000000000e+00
1.000000000000000000e+00 5.676746964454650879e-01 2.972768545150756836e-01 1.000000000000000000e+00
1.000000000000000000e+00 5.574894547462463379e-01 2.913897335529327393e-01 1.000000000000000000e+00
1.000000000000000000e+00 5.472195744514465332e-01 2.854915857315063477e-01 1.000000000000000000e+00
1.000000000000000000e+00 5.368666052818298340e-01 2.795825898647308350e-01 1.000000000000000000e+00
1.000000000000000000e+00 5.264321565628051758e-01 2.736629843711853027e-01 1.000000000000000000e+00
1.000000000000000000e+00 5.159178376197814941e-01 2.677330076694488525e-01 1.000000000000000000e+00
1.000000000000000000e+00 5.053251981735229492e-01 2.617928683757781982e-01 1.000000000000000000e+00
1.000000000000000000e+00 4.946558475494384766e-01 2.558427751064300537e-01 1.000000000000000000e+00
1.000000000000000000e+00 4.839114248752593994e-01 2.498829960823059082e-01 1.000000000000000000e+00
1.000000000000000000e+00 4.730935692787170410e-01 2.439137250185012817e-01 1.000000000000000000e+00
1.000000000000000000e+00 4.622038900852203369e-01 2.379352003335952759e-01 1.000000000000000000e+00
1.000000000000000000e+00 4.512440562248229980e-01 2.319476455450057983e-01 1.000000000000000000e+00
1.000000000000000000e+00 4.402157366275787354e-01 2.259512841701507568e-01 1.000000000000000000e+00
1.000000000000000000e+00 4.291206002235412598e-01 2.199463546276092529e-01 1.000000000000000000e+00
1.000000000000000000e+00 4.179603457450866699e-01 2.139330804347991943e-01 1.000000000000000000e+00
1.000000000000000000e+00 4.067366421222686768e-01 2.079116851091384888e-01 1.000000000000000000e+00
1.000000000000000000e+00 3.954512178897857666e-01 2.018824070692062378e-01 1.000000000000000000e+00
1.000000000000000000e+00 3.841057419776916504e-01 1.958454698324203491e-01 1.000000000000000000e+00
1.000000000000000000e+00 3.727020025253295898e-01 1.898010969161987305e-01 1.000000000000000000e+00
1.000000000000000000e+00 3.612416684627532959e-01 1.837495118379592896e-01 1.000000000000000000e+00
1.000000000000000000e+00 3.497264981269836426e-01 1.776909679174423218e-01 1.000000000000000000e+00
1.000000000000000000e+00 3.381582796573638916e-01 1.716256737709045410e-01 1.000000000000000000e+00
1.000000000000000000e+00 3.265387117862701416e-01 1.655538827180862427e-01 1.000000000000000000e+00
1.000000000000000000e+00 3.148695826530456543e-01 1.594757884740829468e-01 1.000000000000000000e+00
1.000000000000000000e+00 3.031526803970336914e-01 1.533916592597961426e-01 1.000000000000000000e+00
1.000000000000000000e+00 2.913897335529327393e-01 1.473017036914825439e-01 1.000000000000000000e+00
1.000000000000000000e+00 2.795825898647308350e-01 1.412061452865600586e-01 1.000000000000000000e+00
1.000000000000000000e+00 2.677330076694488525e-01 1.351052522659301758e-01 1.000000000000000000e+00
1.000000000000000000e+00 2.558427751064300537e-01 1.289992183446884155e-01 1.000000000000000000e+00
1.000000000000000000e+00 2.439137250185012817e-01 1.228882893919944763e-01 1.000000000000000000e+00
1.000000000000000000e+00 2.319476455450057983e-01 1.167727038264274597e-01 1.000000000000000000e+00
1.000000000000000000e+00 2.199463546276092529e-01 1.106526851654052734e-01 1.000000000000000000e+00
1.000000000000000000e+00 2.079116851091384888e-01 1.045284643769264221e-01 1.000000000000000000e+00
1.000000000000000000e+00 1.958454698324203491e-01 9.840027987957000732e-02 1.000000000000000000e+00
1.000000000000000000e+00 1.837495118379592896e-01 9.226836264133453369e-02 1.000000000000000000e+00
1.000000000000000000e+00 1.716256737709045410e-01 8.613293617963790894e-02 1.000000000000000000e+00
1.000000000000000000e+00 1.594757884740829468e-01 7.999425381422042847e-02 1.000000000000000000e+00
1.000000000000000000e+00 1.473017036914825439e-01 7.385252416133880615e-02 1.000000000000000000e+00
1.000000000000000000e+00 1.351052522659301758e-01 6.770800054073333740e-02 1.000000000000000000e+00
1.000000000000000000e+00 1.228882893919944763e-01 6.156090646982192993e-02 1.000000000000000000e+00
1.000000000000000000e+00 1.106526851654052734e-01 5.541147664189338684e-02 1.000000000000000000e+00
1.000000000000000000e+00 9.840027987957000732e-02 4.925994202494621277e-02 1.000000000000000000e+00
1.000000000000000000e+00 8.613293617963790894e-02 4.310653731226921082e-02 1.000000000000000000e+00
1.000000000000000000e+00 7.385252416133880615e-02 3.695150092244148254e-02 1.000000000000000000e+00
1.000000000000000000e+00 6.156090646982192993e-02 3.079505823552608490e-02 1.000000000000000000e+00
1.000000000000000000e+00 4.925994202494621277e-02 2.463744953274726868e-02 1.000000000000000000e+00
1.000000000000000000e+00 3.695150092244148254e-02 1.847890578210353851e-02 1.000000000000000000e+00
1.000000000000000000e+00 2.463744953274726868e-02 1.231965981423854828e-02 1.000000000000000000e+00
1.000000000000000000e+00 1.231965981423854828e-02 6.159946788102388382e-03 1.000000000000000000e+00
1.000000000000000000e+00 1.224646852585167854e-16 6.123234262925839272e-17 1.000000000000000000e+00
