1.000000000000000000e+00 9.686274528503417969e-01 9.529411792755126953e-01 1.000000000000000000e+00
9.997539520263671875e-01 9.657977819442749023e-01 9.502345323562622070e-01 1.000000000000000000e+00
9.995079040527343750e-01 9.629681110382080078e-01 9.475278854370117188e-01 1.000000000000000000e+00
9.992617964744567871e-01 9.601383805274963379e-01 9.448212385177612305e-01 1.000000000000000000e+00
9.990157485008239746e-01 9.573087096214294434e-01 9.421145915985107422e-01 1.000000000000000000e+00
9.987697005271911621e-01 9.544790387153625488e-01 9.394079446792602539e-01 1.000000000000000000e+00
9.985236525535583496e-01 9.516493678092956543e-01 9.367012977600097656e-01 1.000000000000000000e+00
9.982776045799255371e-01 9.488196969032287598e-01 9.339945912361145020e-01 1.000000000000000000e+00
9.980314970016479492e-01 9.459900259971618652e-01 9.312879443168640137e-01 1.000000000000000000e+00
9.977854490280151367e-01 9.431602954864501953e-01 9.285812973976135254e-01 1.000000000000000000e+00
9.975394010543823242e-01 9.403306245803833008e-01 9.258746504783630371e-01 1.000000000000000000e+00
9.972933530807495117e-01 9.375009536743164062e-01 9.231680035591125488e-01 1.000000000000000000e+00
9.970473051071166992e-01 9.346712827682495117e-01 9.204613566398620605e-01 1.000000000000000000e+00
9.968012571334838867e-01 9.318416118621826172e-01 9.177547097206115723e-01 1.000000000000000000e+00
9.965551495552062988e-01 9.290119409561157227e-01 9.150480628013610840e-01 1.000000000000000000e+00
9.963091015815734863e-01 9.261822104454040527e-01 9.123414158821105957e-01 1.000000000000000000e+00
9.960630536079406738e-01 9.233525395393371582e-01 9.096347689628601074e-01 1.000000000000000000e+00
9.958170056343078613e-01 9.205228686332702637e-01 9.069281220436096191e-01 1.000000000000000000e+00
9.955709576606750488e-01 9.176931977272033691e-01 9.042214751243591309e-01 1.000000000000000000e+00
9.953248500823974609e-01 9.148635268211364746e-01 9.015148282051086426e-01 1.000000000000000000e+00
9.950788021087646484e-01 9.120338559150695801e-01 8.988081216812133789e-01 1.000000000000000000e+00
9.948327541351318359e-01 9.092041254043579102e-01 8.961014747619628906e-01 1.000000000000000000e+00
9.945867061614990234e-01 9.063744544982910156e-01 8.933948278427124023e-01 1.000000000000000000e+00
9.943406581878662109e-01 9.035447835922241211e-01 8.906881809234619141e-01 1.000000000000000000e+00
9.940945506095886230e-01 9.007151126861572266e-01 8.879815340042114258e-01 1.000000000000000000e+00
9.938485026359558105e-01 8.978854417800903320e-01 8.852748870849609375e-01 1.000000000000000000e+00
9.936024546623229980e-01 8.950557708740234375e-01 8.825682401657104492e-01 1.000000000000000000e+00
9.933564066886901855e-01 8.922260403633117676e-01 8.798615932464599609e-01 1.000000000000000000e+00
9.931103587150573730e-01 8.893963694572448730e-01 8.771549463272094727e-01 1.000000000000000000e+00
9.928643107414245605e-01 8.865666985511779785e-01 8.744482994079589844e-01 1.000000000000000000e+00
9.926182031631469727e-01 8.837370276451110840e-01 8.717416524887084961e-01 1.000000000000000000e+00
9.923721551895141602e-01 8.809073567390441895e-01 8.690350055694580078e-01 1.000000000000000000e+00
9.921414852142333984e-01 8.780161738395690918e-01 8.662207126617431641e-01 1.000000000000000000e+00
9.920184612274169922e-01 8.746943473815917969e-01 8.626528382301330566e-01 1.000000000000000000e+00
9.918954372406005859e-01 8.713725209236145020e-01 8.590849637985229492e-01 1.000000000000000000e+00
9.917724132537841797e-01 8.680507540702819824e-01 8.555170893669128418e-01 1.000000000000000000e+00
9.916493892669677734e-01 8.647289276123046875e-01 8.519492745399475098e-01 1.000000000000000000e+00
9.915263652801513672e-01 8.614071607589721680e-01 8.483814001083374023e-01 1.000000000000000000e+00
9.914032816886901855e-01 8.580853343009948730e-01 8.448135256767272949e-01 1.000000000000000000e+00
9.912802577018737793e-01 8.547635674476623535e-01 8.412456512451171875e-01 1.000000000000000000e+00
9.911572337150573730e-01 8.514417409896850586e-01 8.376778364181518555e-01 1.000000000000000000e+00
9.910342097282409668e-01 8.481199741363525391e-01 8.341099619865417480e-01 1.000000000000000000e+00
9.909111857414245605e-01 8.447981476783752441e-01 8.305420875549316406e-01 1.000000000000000000e+00
9.907881617546081543e-01 8.414763808250427246e-01 8.269742131233215332e-01 1.000000000000000000e+00
9.906651377677917480e-01 8.381545543670654297e-01 8.234063982963562012e-01 1.000000000000000000e+00
9.905421137809753418e-01 8.348327279090881348e-01 8.198385238647460938e-01 1.000000000000000000e+00
9.904190897941589355e-01 8.315109610557556152e-01 8.162706494331359863e-01 1.000000000000000000e+00
9.902960658073425293e-01 8.281891345977783203e-01 8.127028346061706543e-01 1.000000000000000000e+00
9.901729822158813477e-01 8.248673677444458008e-01 8.091349601745605469e-01 1.000000000000000000e+00
9.900499582290649414e-01 8.215455412864685059e-01 8.055670857429504395e-01 1.000000000000000000e+00
9.899269342422485352e-01 8.182237744331359863e-01 8.019992113113403320e-01 1.000000000000000000e+00
9.898039102554321289e-01 8.149019479751586914e-01 7.984313964843750000e-01 1.000000000000000000e+00
9.896808862686157227e-01 8.115801811218261719e-01 7.948635220527648926e-01 1.000000000000000000e+00
9.895578622817993164e-01 8.082583546638488770e-01 7.912956476211547852e-01 1.000000000000000000e+00
9.894348382949829102e-01 8.049365878105163574e-01 7.877277731895446777e-01 1.000000000000000000e+00
9.893118143081665039e-01 8.016147613525390625e-01 7.841599583625793457e-01 1.000000000000000000e+00
9.891887903213500977e-01 7.982929348945617676e-01 7.805920839309692383e-01 1.000000000000000000e+00
9.890657663345336914e-01 7.949711680412292480e-01 7.770242094993591309e-01 1.000000000000000000e+00
9.889427423477172852e-01 7.916493415832519531e-01 7.734563350677490234e-01 1.000000000000000000e+00
9.888196587562561035e-01 7.883275747299194336e-01 7.698885202407836914e-01 1.000000000000000000e+00
9.886966347694396973e-01 7.850057482719421387e-01 7.663206458091735840e-01 1.000000000000000000e+00
9.885736107826232910e-01 7.816839814186096191e-01 7.627527713775634766e-01 1.000000000000000000e+00
9.884505867958068848e-01 7.783621549606323242e-01 7.591849565505981445e-01 1.000000000000000000e+00
9.883275628089904785e-01 7.750403881072998047e-01 7.556170821189880371e-01 1.000000000000000000e+00
9.881737828254699707e-01 7.713802456855773926e-01 7.526028156280517578e-01 1.000000000000000000e+00
9.879277348518371582e-01 7.667050957679748535e-01 7.512494921684265137e-01 1.000000000000000000e+00
9.876816868782043457e-01 7.620300054550170898e-01 7.498961687088012695e-01 1.000000000000000000e+00
9.874355792999267578e-01 7.573548555374145508e-01 7.485428452491760254e-01 1.000000000000000000e+00
9.871895313262939453e-01 7.526797652244567871e-01 7.471895217895507812e-01 1.000000000000000000e+00
9.869434833526611328e-01 7.480046153068542480e-01 7.458361983299255371e-01 1.000000000000000000e+00
9.866974353790283203e-01 7.433294653892517090e-01 7.444828748703002930e-01 1.000000000000000000e+00
9.864513874053955078e-01 7.386543750762939453e-01 7.431295514106750488e-01 1.000000000000000000e+00
9.862052798271179199e-01 7.339792251586914062e-01 7.417762279510498047e-01 1.000000000000000000e+00
9.859592318534851074e-01 7.293041348457336426e-01 7.404229044914245605e-01 1.000000000000000000e+00
9.857131838798522949e-01 7.246289849281311035e-01 7.390695810317993164e-01 1.000000000000000000e+00
9.854671359062194824e-01 7.199538350105285645e-01 7.377162575721740723e-01 1.000000000000000000e+00
9.852210879325866699e-01 7.152787446975708008e-01 7.363629341125488281e-01 1.000000000000000000e+00
9.849749803543090820e-01 7.106035947799682617e-01 7.350096106529235840e-01 1.000000000000000000e+00
9.847289323806762695e-01 7.059285044670104980e-01 7.336562871932983398e-01 1.000000000000000000e+00
9.844828844070434570e-01 7.012533545494079590e-01 7.323029637336730957e-01 1.000000000000000000e+00
9.842368364334106445e-01 6.965782642364501953e-01 7.309496402740478516e-01 1.000000000000000000e+00
9.839907884597778320e-01 6.919031143188476562e-01 7.295963168144226074e-01 1.000000000000000000e+00
9.837447404861450195e-01 6.872279644012451172e-01 7.282429933547973633e-01 1.000000000000000000e+00
9.834986329078674316e-01 6.825528740882873535e-01 7.268896698951721191e-01 1.000000000000000000e+00
9.832525849342346191e-01 6.778777241706848145e-01 7.255363464355468750e-01 1.000000000000000000e+00
9.830065369606018066e-01 6.732026338577270508e-01 7.241830229759216309e-01 1.000000000000000000e+00
9.827604889869689941e-01 6.685274839401245117e-01 7.228296995162963867e-01 1.000000000000000000e+00
9.825144410133361816e-01 6.638523936271667480e-01 7.214763760566711426e-01 1.000000000000000000e+00
9.822683334350585938e-01 6.591772437095642090e-01 7.201230525970458984e-01 1.000000000000000000e+00
9.820222854614257812e-01 6.545020937919616699e-01 7.187697291374206543e-01 1.000000000000000000e+00
9.817762374877929688e-01 6.498270034790039062e-01 7.174164056777954102e-01 1.000000000000000000e+00
9.815301895141601562e-01 6.451518535614013672e-01 7.160630822181701660e-01 1.000000000000000000e+00
9.812841415405273438e-01 6.404767632484436035e-01 7.147096991539001465e-01 1.000000000000000000e+00
9.810380339622497559e-01 6.358016133308410645e-01 7.133563756942749023e-01 1.000000000000000000e+00
9.807919859886169434e-01 6.311264634132385254e-01 7.120030522346496582e-01 1.000000000000000000e+00
9.805459380149841309e-01 6.264513731002807617e-01 7.106497287750244141e-01 1.000000000000000000e+00
9.802537560462951660e-01 6.209919452667236328e-01 7.088811993598937988e-01 1.000000000000000000e+00
9.798846840858459473e-01 6.142252683639526367e-01 7.064206004142761230e-01 1.000000000000000000e+00
9.795155525207519531e-01 6.074586510658264160e-01 7.039600014686584473e-01 1.000000000000000000e+00
9.791464805603027344e-01 6.006920337677001953e-01 7.014994025230407715e-01 1.000000000000000000e+00
9.787774085998535156e-01 5.939254164695739746e-01 6.990388035774230957e-01 1.000000000000000000e+00
9.784082770347595215e-01 5.871587991714477539e-01 6.965782642364501953e-01 1.000000000000000000e+00
9.780392050743103027e-01 5.803921818733215332e-01 6.941176652908325195e-01 1.000000000000000000e+00
9.776701331138610840e-01 5.736255049705505371e-01 6.916570663452148438e-01 1.000000000000000000e+00
9.773010611534118652e-01 5.668588876724243164e-01 6.891964673995971680e-01 1.000000000000000000e+00
9.769319295883178711e-01 5.600922703742980957e-01 6.867358684539794922e-01 1.000000000000000000e+00
9.765628576278686523e-01 5.533256530761718750e-01 6.842752695083618164e-01 1.000000000000000000e+00
9.761937856674194336e-01 5.465590357780456543e-01 6.818146705627441406e-01 1.000000000000000000e+00
9.758246541023254395e-01 5.397923588752746582e-01 6.793540716171264648e-01 1.000000000000000000e+00
9.754555821418762207e-01 5.330257415771484375e-01 6.768935322761535645e-01 1.000000000000000000e+00
9.750865101814270020e-01 5.262591242790222168e-01 6.744329333305358887e-01 1.000000000000000000e+00
9.747174382209777832e-01 5.194925069808959961e-01 6.719723343849182129e-01 1.000000000000000000e+00
9.743483066558837891e-01 5.127258896827697754e-01 6.695117354393005371e-01 1.000000000000000000e+00
9.739792346954345703e-01 5.059592723846435547e-01 6.670511364936828613e-01 1.000000000000000000e+00
9.736101627349853516e-01 4.991926252841949463e-01 6.645905375480651855e-01 1.000000000000000000e+00
9.732410907745361328e-01 4.924259781837463379e-01 6.621299386024475098e-01 1.000000000000000000e+00
9.728719592094421387e-01 4.856593608856201172e-01 6.596693396568298340e-01 1.000000000000000000e+00
9.725028872489929199e-01 4.788927435874938965e-01 6.572087407112121582e-01 1.000000000000000000e+00
9.721338152885437012e-01 4.721260964870452881e-01 6.547482013702392578e-01 1.000000000000000000e+00
9.717646837234497070e-01 4.653594791889190674e-01 6.522876024246215820e-01 1.000000000000000000e+00
9.713956117630004883e-01 4.585928618907928467e-01 6.498270034790039062e-01 1.000000000000000000e+00
9.710265398025512695e-01 4.518262147903442383e-01 6.473664045333862305e-01 1.000000000000000000e+00
9.706574678421020508e-01 4.450595974922180176e-01 6.449058055877685547e-01 1.000000000000000000e+00
9.702883362770080566e-01 4.382929503917694092e-01 6.424452066421508789e-01 1.000000000000000000e+00
9.699192643165588379e-01 4.315263330936431885e-01 6.399846076965332031e-01 1.000000000000000000e+00
9.695501923561096191e-01 4.247597157955169678e-01 6.375240087509155273e-01 1.000000000000000000e+00
9.691810607910156250e-01 4.179930686950683594e-01 6.350634098052978516e-01 1.000000000000000000e+00
9.688119888305664062e-01 4.112264513969421387e-01 6.326028704643249512e-01 1.000000000000000000e+00
9.670280814170837402e-01 4.046443700790405273e-01 6.307573914527893066e-01 1.000000000000000000e+00
9.638292789459228516e-01 3.982468247413635254e-01 6.295270919799804688e-01 1.000000000000000000e+00
9.606305360794067383e-01 3.918492794036865234e-01 6.282967925071716309e-01 1.000000000000000000e+00
9.574317336082458496e-01 3.854517638683319092e-01 6.270664930343627930e-01 1.000000000000000000e+00
9.542329907417297363e-01 3.790542185306549072e-01 6.258361935615539551e-01 1.000000000000000000e+00
9.510341882705688477e-01 3.726566731929779053e-01 6.246058940887451172e-01 1.000000000000000000e+00
9.478354454040527344e-01 3.662591278553009033e-01 6.233756542205810547e-01 1.000000000000000000e+00
9.446367025375366211e-01 3.598615825176239014e-01 6.221453547477722168e-01 1.000000000000000000e+00
9.414379000663757324e-01 3.534640669822692871e-01 6.209150552749633789e-01 1.000000000000000000e+00
9.382391571998596191e-01 3.470665216445922852e-01 6.196847558021545410e-01 1.000000000000000000e+00
9.350403547286987305e-01 3.406689763069152832e-01 6.184544563293457031e-01 1.000000000000000000e+00
9.318416118621826172e-01 3.342714309692382812e-01 6.172241568565368652e-01 1.000000000000000000e+00
9.286428093910217285e-01 3.278738856315612793e-01 6.159938573837280273e-01 1.000000000000000000e+00
9.254440665245056152e-01 3.214763700962066650e-01 6.147635579109191895e-01 1.000000000000000000e+00
9.222452640533447266e-01 3.150788247585296631e-01 6.135332584381103516e-01 1.000000000000000000e+00
9.190465211868286133e-01 3.086812794208526611e-01 6.123029589653015137e-01 1.000000000000000000e+00
9.158477783203125000e-01 3.022837340831756592e-01 6.110726594924926758e-01 1.000000000000000000e+00
9.126489758491516113e-01 2.958861887454986572e-01 6.098423600196838379e-01 1.000000000000000000e+00
9.094502329826354980e-01 2.894886434078216553e-01 6.086120605468750000e-01 1.000000000000000000e+00
9.062514305114746094e-01 2.830911278724670410e-01 6.073817610740661621e-01 1.000000000000000000e+00
9.030526876449584961e-01 2.766935825347900391e-01 6.061514616012573242e-01 1.000000000000000000e+00
8.998538851737976074e-01 2.702960371971130371e-01 6.049211621284484863e-01 1.000000000000000000e+00
8.966551423072814941e-01 2.638984918594360352e-01 6.036908626556396484e-01 1.000000000000000000e+00
8.934563398361206055e-01 2.575009465217590332e-01 6.024605631828308105e-01 1.000000000000000000e+00
8.902575969696044922e-01 2.511034309864044189e-01 6.012303233146667480e-01 1.000000000000000000e+00
8.870587944984436035e-01 2.447058856487274170e-01 6.000000238418579102e-01 1.000000000000000000e+00
8.838600516319274902e-01 2.383083403110504150e-01 5.987697243690490723e-01 1.000000000000000000e+00
8.806613087654113770e-01 2.319108098745346069e-01 5.975394248962402344e-01 1.000000000000000000e+00
8.774625062942504883e-01 2.255132645368576050e-01 5.963091254234313965e-01 1.000000000000000000e+00
8.742637634277343750e-01 2.191157191991806030e-01 5.950788259506225586e-01 1.000000000000000000e+00
8.710649609565734863e-01 2.127181887626647949e-01 5.938485264778137207e-01 1.000000000000000000e+00
8.678662180900573730e-01 2.063206434249877930e-01 5.926182270050048828e-01 1.000000000000000000e+00
8.630526661872863770e-01 2.000000029802322388e-01 5.902345180511474609e-01 1.000000000000000000e+00
8.572703003883361816e-01 1.937254965305328369e-01 5.871587991714477539e-01 1.000000000000000000e+00
8.514878749847412109e-01 1.874509751796722412e-01 5.840830206871032715e-01 1.000000000000000000e+00
8.457055091857910156e-01 1.811764687299728394e-01 5.810073018074035645e-01 1.000000000000000000e+00
8.399230837821960449e-01 1.749019622802734375e-01 5.779315829277038574e-01 1.000000000000000000e+00
8.341407179832458496e-01 1.686274558305740356e-01 5.748558044433593750e-01 1.000000000000000000e+00
8.283583521842956543e-01 1.623529344797134399e-01 5.717800855636596680e-01 1.000000000000000000e+00
8.225759267807006836e-01 1.560784280300140381e-01 5.687043666839599609e-01 1.000000000000000000e+00
8.167935609817504883e-01 1.498039215803146362e-01 5.656285881996154785e-01 1.000000000000000000e+00
8.110111355781555176e-01 1.435294151306152344e-01 5.625528693199157715e-01 1.000000000000000000e+00
8.052287697792053223e-01 1.372549086809158325e-01 5.594771504402160645e-01 1.000000000000000000e+00
7.994463443756103516e-01 1.309803873300552368e-01 5.564013719558715820e-01 1.000000000000000000e+00
7.936639785766601562e-01 1.247058808803558350e-01 5.533256530761718750e-01 1.000000000000000000e+00
7.878816127777099609e-01 1.184313744306564331e-01 5.502498745918273926e-01 1.000000000000000000e+00
7.820991873741149902e-01 1.121568605303764343e-01 5.471741557121276855e-01 1.000000000000000000e+00
7.763168215751647949e-01 1.058823540806770325e-01 5.440984368324279785e-01 1.000000000000000000e+00
7.705343961715698242e-01 9.960784018039703369e-02 5.410226583480834961e-01 1.000000000000000000e+00
7.647520303726196289e-01 9.333333373069763184e-02 5.379469394683837891e-01 1.000000000000000000e+00
7.589696049690246582e-01 8.705881983041763306e-02 5.348712205886840820e-01 1.000000000000000000e+00
7.531872391700744629e-01 8.078431338071823120e-02 5.317954421043395996e-01 1.000000000000000000e+00
7.474048733711242676e-01 7.450980693101882935e-02 5.287197232246398926e-01 1.000000000000000000e+00
7.416224479675292969e-01 6.823529303073883057e-02 5.256440043449401855e-01 1.000000000000000000e+00
7.358400821685791016e-01 6.196078285574913025e-02 5.225682258605957031e-01 1.000000000000000000e+00
7.300576567649841309e-01 5.568627268075942993e-02 5.194925069808959961e-01 1.000000000000000000e+00
7.242752909660339355e-01 4.941176623106002808e-02 5.164167881011962891e-01 1.000000000000000000e+00
7.184928655624389648e-01 4.313725605607032776e-02 5.133410096168518066e-01 1.000000000000000000e+00
7.127104997634887695e-01 3.686274588108062744e-02 5.102652907371520996e-01 1.000000000000000000e+00
7.069281339645385742e-01 3.058823570609092712e-02 5.071895718574523926e-01 1.000000000000000000e+00
7.011457085609436035e-01 2.431372553110122681e-02 5.041137933731079102e-01 1.000000000000000000e+00
6.953633427619934082e-01 1.803921535611152649e-02 5.010380744934082031e-01 1.000000000000000000e+00
6.895809173583984375e-01 1.176470611244440079e-02 4.979623258113861084e-01 1.000000000000000000e+00
6.837985515594482422e-01 5.490195937454700470e-03 4.948865771293640137e-01 1.000000000000000000e+00
6.775547862052917480e-01 3.921568859368562698e-03 4.934717416763305664e-01 1.000000000000000000e+00
6.711572408676147461e-01 3.921568859368562698e-03 4.926105439662933350e-01 1.000000000000000000e+00
6.647596955299377441e-01 3.921568859368562698e-03 4.917493164539337158e-01 1.000000000000000000e+00
6.583621501922607422e-01 3.921568859368562698e-03 4.908881187438964844e-01 1.000000000000000000e+00
6.519646048545837402e-01 3.921568859368562698e-03 4.900269210338592529e-01 1.000000000000000000e+00
6.455671191215515137e-01 3.921568859368562698e-03 4.891656935214996338e-01 1.000000000000000000e+00
6.391695737838745117e-01 3.921568859368562698e-03 4.883044958114624023e-01 1.000000000000000000e+00
6.327720284461975098e-01 3.921568859368562698e-03 4.874432981014251709e-01 1.000000000000000000e+00
6.263744831085205078e-01 3.921568859368562698e-03 4.865820705890655518e-01 1.000000000000000000e+00
6.199769377708435059e-01 3.921568859368562698e-03 4.857208728790283203e-01 1.000000000000000000e+00
6.135793924331665039e-01 3.921568859368562698e-03 4.848596751689910889e-01 1.000000000000000000e+00
6.071818470954895020e-01 3.921568859368562698e-03 4.839984476566314697e-01 1.000000000000000000e+00
6.007843017578125000e-01 3.921568859368562698e-03 4.831372499465942383e-01 1.000000000000000000e+00
5.943867564201354980e-01 3.921568859368562698e-03 4.822760522365570068e-01 1.000000000000000000e+00
5.879892110824584961e-01 3.921568859368562698e-03 4.814148545265197754e-01 1.000000000000000000e+00
5.815916657447814941e-01 3.921568859368562698e-03 4.805536270141601562e-01 1.000000000000000000e+00
5.751941800117492676e-01 3.921568859368562698e-03 4.796924293041229248e-01 1.000000000000000000e+00
5.687966346740722656e-01 3.921568859368562698e-03 4.788312315940856934e-01 1.000000000000000000e+00
5.623990893363952637e-01 3.921568859368562698e-03 4.779700040817260742e-01 1.000000000000000000e+00
5.560015439987182617e-01 3.921568859368562698e-03 4.771088063716888428e-01 1.000000000000000000e+00
5.496039986610412598e-01 3.921568859368562698e-03 4.762476086616516113e-01 1.000000000000000000e+00
5.432064533233642578e-01 3.921568859368562698e-03 4.753863811492919922e-01 1.000000000000000000e+00
5.368089079856872559e-01 3.921568859368562698e-03 4.745251834392547607e-01 1.000000000000000000e+00
5.304113626480102539e-01 3.921568859368562698e-03 4.736639857292175293e-01 1.000000000000000000e+00
5.240138173103332520e-01 3.921568859368562698e-03 4.728027582168579102e-01 1.000000000000000000e+00
5.176162719726562500e-01 3.921568859368562698e-03 4.719415605068206787e-01 1.000000000000000000e+00
5.112187862396240234e-01 3.921568859368562698e-03 4.710803627967834473e-01 1.000000000000000000e+00
5.048212409019470215e-01 3.921568859368562698e-03 4.702191352844238281e-01 1.000000000000000000e+00
4.984236955642700195e-01 3.921568859368562698e-03 4.693579375743865967e-01 1.000000000000000000e+00
4.920261502265930176e-01 3.921568859368562698e-03 4.684967398643493652e-01 1.000000000000000000e+00
4.856286048889160156e-01 3.921568859368562698e-03 4.676355123519897461e-01 1.000000000000000000e+00
4.792310595512390137e-01 3.921568859368562698e-03 4.667743146419525146e-01 1.000000000000000000e+00
4.731564819812774658e-01 3.813917748630046844e-03 4.652672111988067627e-01 1.000000000000000000e+00
4.671280384063720703e-01 3.690888173878192902e-03 4.636678099632263184e-01 1.000000000000000000e+00
4.610995650291442871e-01 3.567858599126338959e-03 4.620684385299682617e-01 1.000000000000000000e+00
4.550711214542388916e-01 3.444829024374485016e-03 4.604690372943878174e-01 1.000000000000000000e+00
4.490426778793334961e-01 3.321799216791987419e-03 4.588696658611297607e-01 1.000000000000000000e+00
4.430142343044281006e-01 3.198769642040133476e-03 4.572702944278717041e-01 1.000000000000000000e+00
4.369857609272003174e-01 3.075740067288279533e-03 4.556708931922912598e-01 1.000000000000000000e+00
4.309573173522949219e-01 2.952710492536425591e-03 4.540715217590332031e-01 1.000000000000000000e+00
4.249288737773895264e-01 2.829680917784571648e-03 4.524721205234527588e-01 1.000000000000000000e+00
4.189004302024841309e-01 2.706651343032717705e-03 4.508727490901947021e-01 1.000000000000000000e+00
4.128719866275787354e-01 2.583621768280863762e-03 4.492733478546142578e-01 1.000000000000000000e+00
4.068435132503509521e-01 2.460592193529009819e-03 4.476739764213562012e-01 1.000000000000000000e+00
4.008150696754455566e-01 2.337562385946512222e-03 4.460745751857757568e-01 1.000000000000000000e+00
3.947866261005401611e-01 2.214532811194658279e-03 4.444752037525177002e-01 1.000000000000000000e+00
3.887581825256347656e-01 2.091503236442804337e-03 4.428758025169372559e-01 1.000000000000000000e+00
3.827297091484069824e-01 1.968473661690950394e-03 4.412764310836791992e-01 1.000000000000000000e+00
3.767012655735015869e-01 1.845444086939096451e-03 4.396770596504211426e-01 1.000000000000000000e+00
3.706728219985961914e-01 1.722414512187242508e-03 4.380776584148406982e-01 1.000000000000000000e+00
3.646443784236907959e-01 1.599384821020066738e-03 4.364782869815826416e-01 1.000000000000000000e+00
3.586159050464630127e-01 1.476355246268212795e-03 4.348788857460021973e-01 1.000000000000000000e+00
3.525874614715576172e-01 1.353325671516358852e-03 4.332795143127441406e-01 1.000000000000000000e+00
3.465590178966522217e-01 1.230296096764504910e-03 4.316801130771636963e-01 1.000000000000000000e+00
3.405305743217468262e-01 1.107266405597329140e-03 4.300807416439056396e-01 1.000000000000000000e+00
3.345021009445190430e-01 9.842368308454751968e-04 4.284813404083251953e-01 1.000000000000000000e+00
3.284736573696136475e-01 8.612072560936212540e-04 4.268819689750671387e-01 1.000000000000000000e+00
3.224452137947082520e-01 7.381776231341063976e-04 4.252825975418090820e-01 1.000000000000000000e+00
3.164167702198028564e-01 6.151480483822524548e-04 4.236831963062286377e-01 1.000000000000000000e+00
3.103883266448974609e-01 4.921184154227375984e-04 4.220838248729705811e-01 1.000000000000000000e+00
3.043598532676696777e-01 3.690888115670531988e-04 4.204844236373901367e-01 1.000000000000000000e+00
2.983314096927642822e-01 2.460592077113687992e-04 4.188850522041320801e-01 1.000000000000000000e+00
2.923029661178588867e-01 1.230296038556843996e-04 4.172856509685516357e-01 1.000000000000000000e+00
2.862745225429534912e-01 0.000000000000000000e+00 4.156862795352935791e-01 1.000000000000000000e+00
