6.470588445663452148e-01 0.000000000000000000e+00 1.490196138620376587e-01 1.000000000000000000e+00
6.547482013702392578e-01 7.381776347756385803e-03 1.491733938455581665e-01 1.000000000000000000e+00
6.624374985694885254e-01 1.476355269551277161e-02 1.493271887302398682e-01 1.000000000000000000e+00
6.701268553733825684e-01 2.214532904326915741e-02 1.494809687137603760e-01 1.000000000000000000e+00
6.778162121772766113e-01 2.952710539102554321e-02 1.496347486972808838e-01 1.000000000000000000e+00
6.855055689811706543e-01 3.690887987613677979e-02 1.497885435819625854e-01 1.000000000000000000e+00
6.931949257850646973e-01 4.429065808653831482e-02 1.499423235654830933e-01 1.000000000000000000e+00
7.008842825889587402e-01 5.167243257164955139e-02 1.500961184501647949e-01 1.000000000000000000e+00
7.085736393928527832e-01 5.905421078205108643e-02 1.502498984336853027e-01 1.000000000000000000e+00
7.162629961967468262e-01 6.643598526716232300e-02 1.504036933183670044e-01 1.000000000000000000e+00
7.239523530006408691e-01 7.381775975227355957e-02 1.505574733018875122e-01 1.000000000000000000e+00
7.316416501998901367e-01 8.119954168796539307e-02 1.507112681865692139e-01 1.000000000000000000e+00
7.393310070037841797e-01 8.858131617307662964e-02 1.508650481700897217e-01 1.000000000000000000e+00
7.470203638076782227e-01 9.596309065818786621e-02 1.510188430547714233e-01 1.000000000000000000e+00
7.547097206115722656e-01 1.033448651432991028e-01 1.511726230382919312e-01 1.000000000000000000e+00
7.623990774154663086e-01 1.107266470789909363e-01 1.513264179229736328e-01 1.000000000000000000e+00
7.700884342193603516e-01 1.181084215641021729e-01 1.514801979064941406e-01 1.000000000000000000e+00
7.777777910232543945e-01 1.254902034997940063e-01 1.516339927911758423e-01 1.000000000000000000e+00
7.854671478271484375e-01 1.328719705343246460e-01 1.517877727746963501e-01 1.000000000000000000e+00
7.931565046310424805e-01 1.402537524700164795e-01 1.519415676593780518e-01 1.000000000000000000e+00
8.008458018302917480e-01 1.476355195045471191e-01 1.520953476428985596e-01 1.000000000000000000e+00
8.085351586341857910e-01 1.550173014402389526e-01 1.522491276264190674e-01 1.000000000000000000e+00
8.162245154380798340e-01 1.623990833759307861e-01 1.524029225111007690e-01 1.000000000000000000e+00
8.239138722419738770e-01 1.697808504104614258e-01 1.525567024946212769e-01 1.000000000000000000e+00
8.316032290458679199e-01 1.771626323461532593e-01 1.527104973793029785e-01 1.000000000000000000e+00
8.392925858497619629e-01 1.845443993806838989e-01 1.528642773628234863e-01 1.000000000000000000e+00
8.453671932220458984e-01 1.929257959127426147e-01 1.550941914319992065e-01 1.000000000000000000e+00
8.498269915580749512e-01 2.023068070411682129e-01 1.594002246856689453e-01 1.000000000000000000e+00
8.542867898941040039e-01 2.116878181695938110e-01 1.637062728404998779e-01 1.000000000000000000e+00
8.587466478347778320e-01 2.210688143968582153e-01 1.680123060941696167e-01 1.000000000000000000e+00
8.632064461708068848e-01 2.304498255252838135e-01 1.723183393478393555e-01 1.000000000000000000e+00
8.676663041114807129e-01 2.398308366537094116e-01 1.766243726015090942e-01 1.000000000000000000e+00
8.721261024475097656e-01 2.492118477821350098e-01 1.809304058551788330e-01 1.000000000000000000e+00
8.765859007835388184e-01 2.585928440093994141e-01 1.852364540100097656e-01 1.000000000000000000e+00
8.810457587242126465e-01 2.679738700389862061e-01 1.895424872636795044e-01 1.000000000000000000e+00
8.855055570602416992e-01 2.773548662662506104e-01 1.938485205173492432e-01 1.000000000000000000e+00
8.899654150009155273e-01 2.867358624935150146e-01 1.981545537710189819e-01 1.000000000000000000e+00
8.944252133369445801e-01 2.961168885231018066e-01 2.024605870246887207e-01 1.000000000000000000e+00
8.988850712776184082e-01 3.054978847503662109e-01 2.067666351795196533e-01 1.000000000000000000e+00
9.033448696136474609e-01 3.148788809776306152e-01 2.110726684331893921e-01 1.000000000000000000e+00
9.078046679496765137e-01 3.242599070072174072e-01 2.153787016868591309e-01 1.000000000000000000e+00
9.122645258903503418e-01 3.336409032344818115e-01 2.196847349405288696e-01 1.000000000000000000e+00
9.167243242263793945e-01 3.430219292640686035e-01 2.239907681941986084e-01 1.000000000000000000e+00
9.211841821670532227e-01 3.524029254913330078e-01 2.282968163490295410e-01 1.000000000000000000e+00
9.256439805030822754e-01 3.617839217185974121e-01 2.326028496026992798e-01 1.000000000000000000e+00
9.301037788391113281e-01 3.711649477481842041e-01 2.369088828563690186e-01 1.000000000000000000e+00
9.345636367797851562e-01 3.805459439754486084e-01 2.412149161100387573e-01 1.000000000000000000e+00
9.390234351158142090e-01 3.899269402027130127e-01 2.455209493637084961e-01 1.000000000000000000e+00
9.434832930564880371e-01 3.993079662322998047e-01 2.498269826173782349e-01 1.000000000000000000e+00
9.479430913925170898e-01 4.086889624595642090e-01 2.541330158710479736e-01 1.000000000000000000e+00
9.524029493331909180e-01 4.180699586868286133e-01 2.584390640258789062e-01 1.000000000000000000e+00
9.568627476692199707e-01 4.274509847164154053e-01 2.627451121807098389e-01 1.000000000000000000e+00
9.582468271255493164e-01 4.374471306800842285e-01 2.673587203025817871e-01 1.000000000000000000e+00
9.596309065818786621e-01 4.474432766437530518e-01 2.719723284244537354e-01 1.000000000000000000e+00
9.610149860382080078e-01 4.574394524097442627e-01 2.765859365463256836e-01 1.000000000000000000e+00
9.623990654945373535e-01 4.674355983734130859e-01 2.811995446681976318e-01 1.000000000000000000e+00
9.637831449508666992e-01 4.774317443370819092e-01 2.858131527900695801e-01 1.000000000000000000e+00
9.651672244071960449e-01 4.874279201030731201e-01 2.904267609119415283e-01 1.000000000000000000e+00
9.665513038635253906e-01 4.974240660667419434e-01 2.950403690338134766e-01 1.000000000000000000e+00
9.679353833198547363e-01 5.074202418327331543e-01 2.996539771556854248e-01 1.000000000000000000e+00
9.693194627761840820e-01 5.174163579940795898e-01 3.042675852775573730e-01 1.000000000000000000e+00
9.707036018371582031e-01 5.274125337600708008e-01 3.088811933994293213e-01 1.000000000000000000e+00
9.720876812934875488e-01 5.374087095260620117e-01 3.134948015213012695e-01 1.000000000000000000e+00
9.734717607498168945e-01 5.474048256874084473e-01 3.181084096431732178e-01 1.000000000000000000e+00
9.748558402061462402e-01 5.574010014533996582e-01 3.227220177650451660e-01 1.000000000000000000e+00
9.762399196624755859e-01 5.673971772193908691e-01 3.273356258869171143e-01 1.000000000000000000e+00
9.776239991188049316e-01 5.773932933807373047e-01 3.319492638111114502e-01 1.000000000000000000e+00
9.790080785751342773e-01 5.873894691467285156e-01 3.365628719329833984e-01 1.000000000000000000e+00
9.803921580314636230e-01 5.973856449127197266e-01 3.411764800548553467e-01 1.000000000000000000e+00
9.817762374877929688e-01 6.073817610740661621e-01 3.457900881767272949e-01 1.000000000000000000e+00
9.831603169441223145e-01 6.173779368400573730e-01 3.504036962985992432e-01 1.000000000000000000e+00
9.845443964004516602e-01 6.273741126060485840e-01 3.550173044204711914e-01 1.000000000000000000e+00
9.859284758567810059e-01 6.373702287673950195e-01 3.596309125423431396e-01 1.000000000000000000e+00
9.873125553131103516e-01 6.473664045333862305e-01 3.642445206642150879e-01 1.000000000000000000e+00
9.886966347694396973e-01 6.573625802993774414e-01 3.688581287860870361e-01 1.000000000000000000e+00
9.900807142257690430e-01 6.673586964607238770e-01 3.734717369079589844e-01 1.000000000000000000e+00
9.914647936820983887e-01 6.773548722267150879e-01 3.780853450298309326e-01 1.000000000000000000e+00
9.922337532043457031e-01 6.861976385116577148e-01 3.836216926574707031e-01 1.000000000000000000e+00
9.923875331878662109e-01 6.938869953155517578e-01 3.900807499885559082e-01 1.000000000000000000e+00
9.925413131713867188e-01 7.015762925148010254e-01 3.965397775173187256e-01 1.000000000000000000e+00
9.926950931549072266e-01 7.092656493186950684e-01 4.029988348484039307e-01 1.000000000000000000e+00
9.928489327430725098e-01 7.169550061225891113e-01 4.094578921794891357e-01 1.000000000000000000e+00
9.930027127265930176e-01 7.246443629264831543e-01 4.159169495105743408e-01 1.000000000000000000e+00
9.931564927101135254e-01 7.323337197303771973e-01 4.223760068416595459e-01 1.000000000000000000e+00
9.933102726936340332e-01 7.400230765342712402e-01 4.288350641727447510e-01 1.000000000000000000e+00
9.934640526771545410e-01 7.477124333381652832e-01 4.352941215038299561e-01 1.000000000000000000e+00
9.936178326606750488e-01 7.554017901420593262e-01 4.417531788349151611e-01 1.000000000000000000e+00
9.937716126441955566e-01 7.630911469459533691e-01 4.482122361660003662e-01 1.000000000000000000e+00
9.939253926277160645e-01 7.707804441452026367e-01 4.546712934970855713e-01 1.000000000000000000e+00
9.940791726112365723e-01 7.784698009490966797e-01 4.611303210258483887e-01 1.000000000000000000e+00
9.942330121994018555e-01 7.861591577529907227e-01 4.675893783569335938e-01 1.000000000000000000e+00
9.943867921829223633e-01 7.938485145568847656e-01 4.740484356880187988e-01 1.000000000000000000e+00
9.945405721664428711e-01 8.015378713607788086e-01 4.805074930191040039e-01 1.000000000000000000e+00
9.946943521499633789e-01 8.092272281646728516e-01 4.869665503501892090e-01 1.000000000000000000e+00
9.948481321334838867e-01 8.169165849685668945e-01 4.934256076812744141e-01 1.000000000000000000e+00
9.950019121170043945e-01 8.246059417724609375e-01 4.998846650123596191e-01 1.000000000000000000e+00
9.951556921005249023e-01 8.322952985763549805e-01 5.063437223434448242e-01 1.000000000000000000e+00
9.953094720840454102e-01 8.399845957756042480e-01 5.128027796745300293e-01 1.000000000000000000e+00
9.954633116722106934e-01 8.476739525794982910e-01 5.192618370056152344e-01 1.000000000000000000e+00
9.956170916557312012e-01 8.553633093833923340e-01 5.257208943367004395e-01 1.000000000000000000e+00
9.957708716392517090e-01 8.630526661872863770e-01 5.321799516677856445e-01 1.000000000000000000e+00
9.959246516227722168e-01 8.707420229911804199e-01 5.386390089988708496e-01 1.000000000000000000e+00
9.960784316062927246e-01 8.784313797950744629e-01 5.450980663299560547e-01 1.000000000000000000e+00
9.962322115898132324e-01 8.831987977027893066e-01 5.530949831008911133e-01 1.000000000000000000e+00
9.963859915733337402e-01 8.879661560058593750e-01 5.610918998718261719e-01 1.000000000000000000e+00
9.965397715568542480e-01 8.927335739135742188e-01 5.690888166427612305e-01 1.000000000000000000e+00
9.966935515403747559e-01 8.975009322166442871e-01 5.770857334136962891e-01 1.000000000000000000e+00
9.968473911285400391e-01 9.022683501243591309e-01 5.850826501846313477e-01 1.000000000000000000e+00
9.970011711120605469e-01 9.070357680320739746e-01 5.930795669555664062e-01 1.000000000000000000e+00
9.971549510955810547e-01 9.118031263351440430e-01 6.010764837265014648e-01 1.000000000000000000e+00
9.973087310791015625e-01 9.165705442428588867e-01 6.090734601020812988e-01 1.000000000000000000e+00
9.974625110626220703e-01 9.213379621505737305e-01 6.170703768730163574e-01 1.000000000000000000e+00
9.976162910461425781e-01 9.261053204536437988e-01 6.250672936439514160e-01 1.000000000000000000e+00
9.977700710296630859e-01 9.308727383613586426e-01 6.330642104148864746e-01 1.000000000000000000e+00
9.979238510131835938e-01 9.356401562690734863e-01 6.410611271858215332e-01 1.000000000000000000e+00
9.980776906013488770e-01 9.404075145721435547e-01 6.490580439567565918e-01 1.000000000000000000e+00
9.982314705848693848e-01 9.451749324798583984e-01 6.570549607276916504e-01 1.000000000000000000e+00
9.983852505683898926e-01 9.499423503875732422e-01 6.650518774986267090e-01 1.000000000000000000e+00
9.985390305519104004e-01 9.547097086906433105e-01 6.730488538742065430e-01 1.000000000000000000e+00
9.986928105354309082e-01 9.594771265983581543e-01 6.810457706451416016e-01 1.000000000000000000e+00
9.988465905189514160e-01 9.642445445060729980e-01 6.890426874160766602e-01 1.000000000000000000e+00
9.990003705024719238e-01 9.690119028091430664e-01 6.970396041870117188e-01 1.000000000000000000e+00
9.991541504859924316e-01 9.737793207168579102e-01 7.050365209579467773e-01 1.000000000000000000e+00
9.993079304695129395e-01 9.785467386245727539e-01 7.130334377288818359e-01 1.000000000000000000e+00
9.994617700576782227e-01 9.833140969276428223e-01 7.210303544998168945e-01 1.000000000000000000e+00
9.996155500411987305e-01 9.880815148353576660e-01 7.290272712707519531e-01 1.000000000000000000e+00
9.997693300247192383e-01 9.928489327430725098e-01 7.370242476463317871e-01 1.000000000000000000e+00
9.999231100082397461e-01 9.976162910461425781e-01 7.450211644172668457e-01 1.000000000000000000e+00
9.970780611038208008e-01 9.987697005271911621e-01 7.450211644172668457e-01 1.000000000000000000e+00
9.912341237068176270e-01 9.963091015815734863e-01 7.370242476463317871e-01 1.000000000000000000e+00
9.853902459144592285e-01 9.938485026359558105e-01 7.290272712707519531e-01 1.000000000000000000e+00
9.795463085174560547e-01 9.913879036903381348e-01 7.210303544998168945e-01 1.000000000000000000e+00
9.737024307250976562e-01 9.889273643493652344e-01 7.130334377288818359e-01 1.000000000000000000e+00
9.678584933280944824e-01 9.864667654037475586e-01 7.050365209579467773e-01 1.000000000000000000e+00
9.620146155357360840e-01 9.840061664581298828e-01 6.970396041870117188e-01 1.000000000000000000e+00
9.561706781387329102e-01 9.815455675125122070e-01 6.890426874160766602e-01 1.000000000000000000e+00
9.503268003463745117e-01 9.790849685668945312e-01 6.810457706451416016e-01 1.000000000000000000e+00
9.444828629493713379e-01 9.766243696212768555e-01 6.730488538742065430e-01 1.000000000000000000e+00
9.386389851570129395e-01 9.741637706756591797e-01 6.650518774986267090e-01 1.000000000000000000e+00
9.327951073646545410e-01 9.717031717300415039e-01 6.570549607276916504e-01 1.000000000000000000e+00
9.269511699676513672e-01 9.692425727844238281e-01 6.490580439567565918e-01 1.000000000000000000e+00
9.211072921752929688e-01 9.667820334434509277e-01 6.410611271858215332e-01 1.000000000000000000e+00
9.152633547782897949e-01 9.643214344978332520e-01 6.330642104148864746e-01 1.000000000000000000e+00
9.094194769859313965e-01 9.618608355522155762e-01 6.250672936439514160e-01 1.000000000000000000e+00
9.035755395889282227e-01 9.594002366065979004e-01 6.170703768730163574e-01 1.000000000000000000e+00
8.977316617965698242e-01 9.569396376609802246e-01 6.090734601020812988e-01 1.000000000000000000e+00
8.918877243995666504e-01 9.544790387153625488e-01 6.010764837265014648e-01 1.000000000000000000e+00
8.860438466072082520e-01 9.520184397697448730e-01 5.930795669555664062e-01 1.000000000000000000e+00
8.801999092102050781e-01 9.495578408241271973e-01 5.850826501846313477e-01 1.000000000000000000e+00
8.743560314178466797e-01 9.470972418785095215e-01 5.770857334136962891e-01 1.000000000000000000e+00
8.685120940208435059e-01 9.446367025375366211e-01 5.690888166427612305e-01 1.000000000000000000e+00
8.626682162284851074e-01 9.421761035919189453e-01 5.610918998718261719e-01 1.000000000000000000e+00
8.568242788314819336e-01 9.397155046463012695e-01 5.530949831008911133e-01 1.000000000000000000e+00
8.509804010391235352e-01 9.372549057006835938e-01 5.450980663299560547e-01 1.000000000000000000e+00
8.431372642517089844e-01 9.338715672492980957e-01 5.400230884552001953e-01 1.000000000000000000e+00
8.352941274642944336e-01 9.304882884025573730e-01 5.349481105804443359e-01 1.000000000000000000e+00
8.274509906768798828e-01 9.271049499511718750e-01 5.298731327056884766e-01 1.000000000000000000e+00
8.196078538894653320e-01 9.237216711044311523e-01 5.247981548309326172e-01 1.000000000000000000e+00
8.117647171020507812e-01 9.203383326530456543e-01 5.197231769561767578e-01 1.000000000000000000e+00
8.039215803146362305e-01 9.169549942016601562e-01 5.146481990814208984e-01 1.000000000000000000e+00
7.960784435272216797e-01 9.135717153549194336e-01 5.095732212066650391e-01 1.000000000000000000e+00
7.882353067398071289e-01 9.101883769035339355e-01 5.044982433319091797e-01 1.000000000000000000e+00
7.803921699523925781e-01 9.068050980567932129e-01 4.994232952594757080e-01 1.000000000000000000e+00
7.725490331649780273e-01 9.034217596054077148e-01 4.943483173847198486e-01 1.000000000000000000e+00
7.647058963775634766e-01 9.000384211540222168e-01 4.892733693122863770e-01 1.000000000000000000e+00
7.568627595901489258e-01 8.966551423072814941e-01 4.841983914375305176e-01 1.000000000000000000e+00
7.490196228027343750e-01 8.932718038558959961e-01 4.791234135627746582e-01 1.000000000000000000e+00
7.411764860153198242e-01 8.898885250091552734e-01 4.740484356880187988e-01 1.000000000000000000e+00
7.333333492279052734e-01 8.865051865577697754e-01 4.689734578132629395e-01 1.000000000000000000e+00
7.254902124404907227e-01 8.831218481063842773e-01 4.638985097408294678e-01 1.000000000000000000e+00
7.176470756530761719e-01 8.797385692596435547e-01 4.588235318660736084e-01 1.000000000000000000e+00
7.098039388656616211e-01 8.763552308082580566e-01 4.537485539913177490e-01 1.000000000000000000e+00
7.019608020782470703e-01 8.729719519615173340e-01 4.486735761165618896e-01 1.000000000000000000e+00
6.941176652908325195e-01 8.695886135101318359e-01 4.435986280441284180e-01 1.000000000000000000e+00
6.862745285034179688e-01 8.662053346633911133e-01 4.385236501693725586e-01 1.000000000000000000e+00
6.784313917160034180e-01 8.628219962120056152e-01 4.334486722946166992e-01 1.000000000000000000e+00
6.705882549285888672e-01 8.594386577606201172e-01 4.283736944198608398e-01 1.000000000000000000e+00
6.627451181411743164e-01 8.560553789138793945e-01 4.232987165451049805e-01 1.000000000000000000e+00
6.549019813537597656e-01 8.526720404624938965e-01 4.182237684726715088e-01 1.000000000000000000e+00
6.460592150688171387e-01 8.488273620605468750e-01 4.151480197906494141e-01 1.000000000000000000e+00
6.362168192863464355e-01 8.445213437080383301e-01 4.140715003013610840e-01 1.000000000000000000e+00
6.263744831085205078e-01 8.402153253555297852e-01 4.129950106143951416e-01 1.000000000000000000e+00
6.165320873260498047e-01 8.359092473983764648e-01 4.119184911251068115e-01 1.000000000000000000e+00
6.066897511482238770e-01 8.316032290458679199e-01 4.108419716358184814e-01 1.000000000000000000e+00
5.968473553657531738e-01 8.272972106933593750e-01 4.097654819488525391e-01 1.000000000000000000e+00
5.870050191879272461e-01 8.229911327362060547e-01 4.086889624595642090e-01 1.000000000000000000e+00
5.771626234054565430e-01 8.186851143836975098e-01 4.076124429702758789e-01 1.000000000000000000e+00
5.673202872276306152e-01 8.143790960311889648e-01 4.065359532833099365e-01 1.000000000000000000e+00
5.574778914451599121e-01 8.100730776786804199e-01 4.054594337940216064e-01 1.000000000000000000e+00
5.476354956626892090e-01 8.057669997215270996e-01 4.043829441070556641e-01 1.000000000000000000e+00
5.377931594848632812e-01 8.014609813690185547e-01 4.033064246177673340e-01 1.000000000000000000e+00
5.279507637023925781e-01 7.971549630165100098e-01 4.022299051284790039e-01 1.000000000000000000e+00
5.181084275245666504e-01 7.928488850593566895e-01 4.011534154415130615e-01 1.000000000000000000e+00
5.082660317420959473e-01 7.885428667068481445e-01 4.000768959522247314e-01 1.000000000000000000e+00
4.984236955642700195e-01 7.842368483543395996e-01 3.990003764629364014e-01 1.000000000000000000e+00
4.885813295841217041e-01 7.799307703971862793e-01 3.979238867759704590e-01 1.000000000000000000e+00
4.787389338016510010e-01 7.756247520446777344e-01 3.968473672866821289e-01 1.000000000000000000e+00
4.688965678215026855e-01 7.713187336921691895e-01 3.957708477973937988e-01 1.000000000000000000e+00
4.590542018413543701e-01 7.670127153396606445e-01 3.946943581104278564e-01 1.000000000000000000e+00
4.492118358612060547e-01 7.627066373825073242e-01 3.936178386211395264e-01 1.000000000000000000e+00
4.393694698810577393e-01 7.584006190299987793e-01 3.925413191318511963e-01 1.000000000000000000e+00
4.295271039009094238e-01 7.540946006774902344e-01 3.914648294448852539e-01 1.000000000000000000e+00
4.196847379207611084e-01 7.497885227203369141e-01 3.903883099555969238e-01 1.000000000000000000e+00
4.098423719406127930e-01 7.454825043678283691e-01 3.893117904663085938e-01 1.000000000000000000e+00
4.000000059604644775e-01 7.411764860153198242e-01 3.882353007793426514e-01 1.000000000000000000e+00
3.883121907711029053e-01 7.354863286018371582e-01 3.853133320808410645e-01 1.000000000000000000e+00
3.766243755817413330e-01 7.297962307929992676e-01 3.823913931846618652e-01 1.000000000000000000e+00
3.649365603923797607e-01 7.241061329841613770e-01 3.794694244861602783e-01 1.000000000000000000e+00
3.532487452030181885e-01 7.184159755706787109e-01 3.765474855899810791e-01 1.000000000000000000e+00
3.415609300136566162e-01 7.127258777618408203e-01 3.736255168914794922e-01 1.000000000000000000e+00
3.298731148242950439e-01 7.070357799530029297e-01 3.707035779953002930e-01 1.000000000000000000e+00
3.181852996349334717e-01 7.013456225395202637e-01 3.677816092967987061e-01 1.000000000000000000e+00
3.064975142478942871e-01 6.956555247306823730e-01 3.648596704006195068e-01 1.000000000000000000e+00
2.948096990585327148e-01 6.899654269218444824e-01 3.619377017021179199e-01 1.000000000000000000e+00
2.831218838691711426e-01 6.842752695083618164e-01 3.590157628059387207e-01 1.000000000000000000e+00
2.714340686798095703e-01 6.785851716995239258e-01 3.560938239097595215e-01 1.000000000000000000e+00
2.597462534904479980e-01 6.728950142860412598e-01 3.531718552112579346e-01 1.000000000000000000e+00
2.480584383010864258e-01 6.672049164772033691e-01 3.502499163150787354e-01 1.000000000000000000e+00
2.363706231117248535e-01 6.615148186683654785e-01 3.473279476165771484e-01 1.000000000000000000e+00
2.246828079223632812e-01 6.558246612548828125e-01 3.444060087203979492e-01 1.000000000000000000e+00
2.129950076341629028e-01 6.501345634460449219e-01 3.414840400218963623e-01 1.000000000000000000e+00
2.013071924448013306e-01 6.444444656372070312e-01 3.385621011257171631e-01 1.000000000000000000e+00
1.896193772554397583e-01 6.387543082237243652e-01 3.356401324272155762e-01 1.000000000000000000e+00
1.779315620660781860e-01 6.330642104148864746e-01 3.327181935310363770e-01 1.000000000000000000e+00
1.662437468767166138e-01 6.273741126060485840e-01 3.297962248325347900e-01 1.000000000000000000e+00
1.545559465885162354e-01 6.216839551925659180e-01 3.268742859363555908e-01 1.000000000000000000e+00
1.428681313991546631e-01 6.159938573837280273e-01 3.239523172378540039e-01 1.000000000000000000e+00
1.311803162097930908e-01 6.103036999702453613e-01 3.210303783416748047e-01 1.000000000000000000e+00
1.194925010204315186e-01 6.046136021614074707e-01 3.181084096431732178e-01 1.000000000000000000e+00
1.078046932816505432e-01 5.989235043525695801e-01 3.151864707469940186e-01 1.000000000000000000e+00
9.996155649423599243e-02 5.923875570297241211e-01 3.118031620979309082e-01 1.000000000000000000e+00
9.596309065818786621e-02 5.850057601928710938e-01 3.079584836959838867e-01 1.000000000000000000e+00
9.196463227272033691e-02 5.776239633560180664e-01 3.041138052940368652e-01 1.000000000000000000e+00
8.796616643667221069e-02 5.702422261238098145e-01 3.002691268920898438e-01 1.000000000000000000e+00
8.396770805120468140e-02 5.628604292869567871e-01 2.964244484901428223e-01 1.000000000000000000e+00
7.996924221515655518e-02 5.554786324501037598e-01 2.925797700881958008e-01 1.000000000000000000e+00
7.597078382968902588e-02 5.480968952178955078e-01 2.887350916862487793e-01 1.000000000000000000e+00
7.197231799364089966e-02 5.407150983810424805e-01 2.848904132843017578e-01 1.000000000000000000e+00
6.797385960817337036e-02 5.333333611488342285e-01 2.810457646846771240e-01 1.000000000000000000e+00
6.397539377212524414e-02 5.259515643119812012e-01 2.772010862827301025e-01 1.000000000000000000e+00
5.997693166136741638e-02 5.185697674751281738e-01 2.733564078807830811e-01 1.000000000000000000e+00
5.597846955060958862e-02 5.111880302429199219e-01 2.695117294788360596e-01 1.000000000000000000e+00
5.198000743985176086e-02 5.038062334060668945e-01 2.656670510768890381e-01 1.000000000000000000e+00
4.798154532909393311e-02 4.964244663715362549e-01 2.618223726749420166e-01 1.000000000000000000e+00
4.398308321833610535e-02 4.890426695346832275e-01 2.579776942729949951e-01 1.000000000000000000e+00
3.998462110757827759e-02 4.816609025001525879e-01 2.541330158710479736e-01 1.000000000000000000e+00
3.598615899682044983e-02 4.742791354656219482e-01 2.502883374691009521e-01 1.000000000000000000e+00
3.198769688606262207e-02 4.668973386287689209e-01 2.464436739683151245e-01 1.000000000000000000e+00
2.798923477530479431e-02 4.595155715942382812e-01 2.425989955663681030e-01 1.000000000000000000e+00
2.399077266454696655e-02 4.521338045597076416e-01 2.387543320655822754e-01 1.000000000000000000e+00
1.999231055378913879e-02 4.447520077228546143e-01 2.349096536636352539e-01 1.000000000000000000e+00
1.599384844303131104e-02 4.373702406883239746e-01 2.310649752616882324e-01 1.000000000000000000e+00
1.199538633227348328e-02 4.299884736537933350e-01 2.272202968597412109e-01 1.000000000000000000e+00
7.996924221515655518e-03 4.226066768169403076e-01 2.233756184577941895e-01 1.000000000000000000e+00
3.998462110757827759e-03 4.152249097824096680e-01 2.195309549570083618e-01 1.000000000000000000e+00
0.000000000000000000e+00 4.078431427478790283e-01 2.156862765550613403e-01 1.000000000000000000e+00
