6.470588445663452148e-01 0.000000000000000000e+00 1.490196138620376587e-01 1.000000000000000000e+00
6.547482013702392578e-01 7.381776347756385803e-03 1.491733938455581665e-01 1.000000000000000000e+00
6.624374985694885254e-01 1.476355269551277161e-02 1.493271887302398682e-01 1.000000000000000000e+00
6.701268553733825684e-01 2.214532904326915741e-02 1.494809687137603760e-01 1.000000000000000000e+00
6.778162121772766113e-01 2.952710539102554321e-02 1.496347486972808838e-01 1.000000000000000000e+00
6.855055689811706543e-01 3.690887987613677979e-02 1.497885435819625854e-01 1.000000000000000000e+00
6.931949257850646973e-01 4.429065808653831482e-02 1.499423235654830933e-01 1.000000000000000000e+00
7.008842825889587402e-01 5.167243257164955139e-02 1.500961184501647949e-01 1.000000000000000000e+00
7.085736393928527832e-01 5.905421078205108643e-02 1.502498984336853027e-01 1.000000000000000000e+00
7.162629961967468262e-01 6.643598526716232300e-02 1.504036933183670044e-01 1.000000000000000000e+00
7.239523530006408691e-01 7.381775975227355957e-02 1.505574733018875122e-01 1.000000000000000000e+00
7.316416501998901367e-01 8.119954168796539307e-02 1.507112681865692139e-01 1.000000000000000000e+00
7.393310070037841797e-01 8.858131617307662964e-02 1.508650481700897217e-01 1.000000000000000000e+00
7.470203638076782227e-01 9.596309065818786621e-02 1.510188430547714233e-01 1.000000000000000000e+00
7.547097206115722656e-01 1.033448651432991028e-01 1.511726230382919312e-01 1.000000000000000000e+00
7.623990774154663086e-01 1.107266470789909363e-01 1.513264179229736328e-01 1.000000000000000000e+00
7.700884342193603516e-01 1.181084215641021729e-01 1.514801979064941406e-01 1.000000000000000000e+00
7.777777910232543945e-01 1.254902034997940063e-01 1.516339927911758423e-01 1.000000000000000000e+00
7.854671478271484375e-01 1.328719705343246460e-01 1.517877727746963501e-01 1.000000000000000000e+00
7.931565046310424805e-01 1.402537524700164795e-01 1.519415676593780518e-01 1.000000000000000000e+00
8.008458018302917480e-01 1.476355195045471191e-01 1.520953476428985596e-01 1.000000000000000000e+00
8.085351586341857910e-01 1.550173014402389526e-01 1.522491276264190674e-01 1.000000000000000000e+00
8.162245154380798340e-01 1.623990833759307861e-01 1.524029225111007690e-01 1.000000000000000000e+00
8.239138722419738770e-01 1.697808504104614258e-01 1.525567024946212769e-01 1.000000000000000000e+00
8.316032290458679199e-01 1.771626323461532593e-01 1.527104973793029785e-01 1.000000000000000000e+00
8.392925858497619629e-01 1.845443993806838989e-01 1.528642773628234863e-01 1.000000000000000000e+00
8.453671932220458984e-01 1.929257959127426147e-01 1.550941914319992065e-01 1.000000000000000000e+00
8.498269915580749512e-01 2.023068070411682129e-01 1.594002246856689453e-01 1.000000000000000000e+00
8.542867898941040039e-01 2.116878181695938110e-01 1.637062728404998779e-01 1.000000000000000000e+00
8.587466478347778320e-01 2.210688143968582153e-01 1.680123060941696167e-01 1.000000000000000000e+00
8.632064461708068848e-01 2.304498255252838135e-01 1.723183393478393555e-01 1.000000000000000000e+00
8.676663041114807129e-01 2.398308366537094116e-01 1.766243726015090942e-01 1.000000000000000000e+00
8.721261024475097656e-01 2.492118477821350098e-01 1.809304058551788330e-01 1.000000000000000000e+00
8.765859007835388184e-01 2.585928440093994141e-01 1.852364540100097656e-01 1.000000000000000000e+00
8.810457587242126465e-01 2.679738700389862061e-01 1.895424872636795044e-01 1.000000000000000000e+00
8.855055570602416992e-01 2.773548662662506104e-01 1.938485205173492432e-01 1.000000000000000000e+00
8.899654150009155273e-01 2.867358624935150146e-01 1.981545537710189819e-01 1.000000000000000000e+00
8.944252133369445801e-01 2.961168885231018066e-01 2.024605870246887207e-01 1.000000000000000000e+00
8.988850712776184082e-01 3.054978847503662109e-01 2.067666351795196533e-01 1.000000000000000000e+00
9.033448696136474609e-01 3.148788809776306152e-01 2.110726684331893921e-01 1.000000000000000000e+00
9.078046679496765137e-01 3.242599070072174072e-01 2.153787016868591309e-01 1.000000000000000000e+00
9.122645258903503418e-01 3.336409032344818115e-01 2.196847349405288696e-01 1.000000000000000000e+00
9.167243242263793945e-01 3.430219292640686035e-01 2.239907681941986084e-01 1.000000000000000000e+00
9.211841821670532227e-01 3.524029254913330078e-01 2.282968163490295410e-01 1.000000000000000000e+00
9.256439805030822754e-01 3.617839217185974121e-01 2.326028496026992798e-01 1.000000000000000000e+00
9.301037788391113281e-01 3.711649477481842041e-01 2.369088828563690186e-01 1.000000000000000000e+00
9.345636367797851562e-01 3.805459439754486084e-01 2.412149161100387573e-01 1.000000000000000000e+00
9.390234351158142090e-01 3.899269402027130127e-01 2.455209493637084961e-01 1.000000000000000000e+00
9.434832930564880371e-01 3.993079662322998047e-01 2.498269826173782349e-01 1.000000000000000000e+00
9.479430913925170898e-01 4.086889624595642090e-01 2.541330158710479736e-01 1.000000000000000000e+00
9.524029493331909180e-01 4.180699586868286133e-01 2.584390640258789062e-01 1.000000000000000000e+00
9.568627476692199707e-01 4.274509847164154053e-01 2.627451121807098389e-01 1.000000000000000000e+00
9.582468271255493164e-01 4.374471306800842285e-01 2.673587203025817871e-01 1.000000000000000000e+00
9.596309065818786621e-01 4.474432766437530518e-01 2.719723284244537354e-01 1.000000000000000000e+00
9.610149860382080078e-01 4.574394524097442627e-01 2.765859365463256836e-01 1.000000000000000000e+00
9.623990654945373535e-01 4.674355983734130859e-01 2.811995446681976318e-01 1.000000000000000000e+00
9.637831449508666992e-01 4.774317443370819092e-01 2.858131527900695801e-01 1.000000000000000000e+00
9.651672244071960449e-01 4.874279201030731201e-01 2.904267609119415283e-01 1.000000000000000000e+00
9.665513038635253906e-01 4.974240660667419434e-01 2.950403690338134766e-01 1.000000000000000000e+00
9.679353833198547363e-01 5.074202418327331543e-01 2.996539771556854248e-01 1.000000000000000000e+00
9.693194627761840820e-01 5.174163579940795898e-01 3.042675852775573730e-01 1.000000000000000000e+00
9.707036018371582031e-01 5.274125337600708008e-01 3.088811933994293213e-01 1.000000000000000000e+00
9.720876812934875488e-01 5.374087095260620117e-01 3.134948015213012695e-01 1.000000000000000000e+00
9.734717607498168945e-01 5.474048256874084473e-01 3.181084096431732178e-01 1.000000000000000000e+00
9.748558402061462402e-01 5.574010014533996582e-01 3.227220177650451660e-01 1.000000000000000000e+00
9.762399196624755859e-01 5.673971772193908691e-01 3.273356258869171143e-01 1.000000000000000000e+00
9.776239991188049316e-01 5.773932933807373047e-01 3.319492638111114502e-01 1.000000000000000000e+00
9.790080785751342773e-01 5.873894691467285156e-01 3.365628719329833984e-01 1.000000000000000000e+00
9.803921580314636230e-01 5.973856449127197266e-01 3.411764800548553467e-01 1.000000000000000000e+00
9.817762374877929688e-01 6.073817610740661621e-01 3.457900881767272949e-01 1.000000000000000000e+00
9.831603169441223145e-01 6.173779368400573730e-01 3.504036962985992432e-01 1.000000000000000000e+00
9.845443964004516602e-01 6.273741126060485840e-01 3.550173044204711914e-01 1.000000000000000000e+00
9.859284758567810059e-01 6.373702287673950195e-01 3.596309125423431396e-01 1.000000000000000000e+00
9.873125553131103516e-01 6.473664045333862305e-01 3.642445206642150879e-01 1.000000000000000000e+00
9.886966347694396973e-01 6.573625802993774414e-01 3.688581287860870361e-01 1.000000000000000000e+00
9.900807142257690430e-01 6.673586964607238770e-01 3.734717369079589844e-01 1.000000000000000000e+00
9.914647936820983887e-01 6.773548722267150879e-01 3.780853450298309326e-01 1.000000000000000000e+00
9.922337532043457031e-01 6.861976385116577148e-01 3.840061426162719727e-01 1.000000000000000000e+00
9.923875331878662109e-01 6.938869953155517578e-01 3.912341296672821045e-01 1.000000000000000000e+00
9.925413131713867188e-01 7.015762925148010254e-01 3.984621167182922363e-01 1.000000000000000000e+00
9.926950931549072266e-01 7.092656493186950684e-01 4.056901335716247559e-01 1.000000000000000000e+00
9.928489327430725098e-01 7.169550061225891113e-01 4.129181206226348877e-01 1.000000000000000000e+00
9.930027127265930176e-01 7.246443629264831543e-01 4.201461076736450195e-01 1.000000000000000000e+00
9.931564927101135254e-01 7.323337197303771973e-01 4.273740947246551514e-01 1.000000000000000000e+00
9.933102726936340332e-01 7.400230765342712402e-01 4.346020817756652832e-01 1.000000000000000000e+00
9.934640526771545410e-01 7.477124333381652832e-01 4.418300688266754150e-01 1.000000000000000000e+00
9.936178326606750488e-01 7.554017901420593262e-01 4.490580558776855469e-01 1.000000000000000000e+00
9.937716126441955566e-01 7.630911469459533691e-01 4.562860429286956787e-01 1.000000000000000000e+00
9.939253926277160645e-01 7.707804441452026367e-01 4.635140299797058105e-01 1.000000000000000000e+00
9.940791726112365723e-01 7.784698009490966797e-01 4.707420170307159424e-01 1.000000000000000000e+00
9.942330121994018555e-01 7.861591577529907227e-01 4.779700040817260742e-01 1.000000000000000000e+00
9.943867921829223633e-01 7.938485145568847656e-01 4.851979911327362061e-01 1.000000000000000000e+00
9.945405721664428711e-01 8.015378713607788086e-01 4.924259781837463379e-01 1.000000000000000000e+00
9.946943521499633789e-01 8.092272281646728516e-01 4.996539652347564697e-01 1.000000000000000000e+00
9.948481321334838867e-01 8.169165849685668945e-01 5.068819522857666016e-01 1.000000000000000000e+00
9.950019121170043945e-01 8.246059417724609375e-01 5.141099691390991211e-01 1.000000000000000000e+00
9.951556921005249023e-01 8.322952985763549805e-01 5.213379263877868652e-01 1.000000000000000000e+00
9.953094720840454102e-01 8.399845957756042480e-01 5.285659432411193848e-01 1.000000000000000000e+00
9.954633116722106934e-01 8.476739525794982910e-01 5.357939004898071289e-01 1.000000000000000000e+00
9.956170916557312012e-01 8.553633093833923340e-01 5.430219173431396484e-01 1.000000000000000000e+00
9.957708716392517090e-01 8.630526661872863770e-01 5.502498745918273926e-01 1.000000000000000000e+00
9.959246516227722168e-01 8.707420229911804199e-01 5.574778914451599121e-01 1.000000000000000000e+00
9.960784316062927246e-01 8.784313797950744629e-01 5.647059082984924316e-01 1.000000000000000000e+00
9.962322115898132324e-01 8.831987977027893066e-01 5.719338655471801758e-01 1.000000000000000000e+00
9.963859915733337402e-01 8.879661560058593750e-01 5.791618824005126953e-01 1.000000000000000000e+00
9.965397715568542480e-01 8.927335739135742188e-01 5.863898396492004395e-01 1.000000000000000000e+00
9.966935515403747559e-01 8.975009322166442871e-01 5.936178565025329590e-01 1.000000000000000000e+00
9.968473911285400391e-01 9.022683501243591309e-01 6.008458137512207031e-01 1.000000000000000000e+00
9.970011711120605469e-01 9.070357680320739746e-01 6.080738306045532227e-01 1.000000000000000000e+00
9.971549510955810547e-01 9.118031263351440430e-01 6.153017878532409668e-01 1.000000000000000000e+00
9.973087310791015625e-01 9.165705442428588867e-01 6.225298047065734863e-01 1.000000000000000000e+00
9.974625110626220703e-01 9.213379621505737305e-01 6.297577619552612305e-01 1.000000000000000000e+00
9.976162910461425781e-01 9.261053204536437988e-01 6.369857788085937500e-01 1.000000000000000000e+00
9.977700710296630859e-01 9.308727383613586426e-01 6.442137360572814941e-01 1.000000000000000000e+00
9.979238510131835938e-01 9.356401562690734863e-01 6.514417529106140137e-01 1.000000000000000000e+00
9.980776906013488770e-01 9.404075145721435547e-01 6.586697697639465332e-01 1.000000000000000000e+00
9.982314705848693848e-01 9.451749324798583984e-01 6.658977270126342773e-01 1.000000000000000000e+00
9.983852505683898926e-01 9.499423503875732422e-01 6.731257438659667969e-01 1.000000000000000000e+00
9.985390305519104004e-01 9.547097086906433105e-01 6.803537011146545410e-01 1.000000000000000000e+00
9.986928105354309082e-01 9.594771265983581543e-01 6.875817179679870605e-01 1.000000000000000000e+00
9.988465905189514160e-01 9.642445445060729980e-01 6.948096752166748047e-01 1.000000000000000000e+00
9.990003705024719238e-01 9.690119028091430664e-01 7.020376920700073242e-01 1.000000000000000000e+00
9.991541504859924316e-01 9.737793207168579102e-01 7.092656493186950684e-01 1.000000000000000000e+00
9.993079304695129395e-01 9.785467386245727539e-01 7.164936661720275879e-01 1.000000000000000000e+00
9.994617700576782227e-01 9.833140969276428223e-01 7.237216234207153320e-01 1.000000000000000000e+00
9.996155500411987305e-01 9.880815148353576660e-01 7.309496402740478516e-01 1.000000000000000000e+00
9.997693300247192383e-01 9.928489327430725098e-01 7.381775975227355957e-01 1.000000000000000000e+00
9.999231100082397461e-01 9.976162910461425781e-01 7.454056143760681152e-01 1.000000000000000000e+00
9.976162910461425781e-01 9.990772604942321777e-01 7.534025311470031738e-01 1.000000000000000000e+00
9.928489327430725098e-01 9.972318410873413086e-01 7.621684074401855469e-01 1.000000000000000000e+00
9.880815148353576660e-01 9.953863620758056641e-01 7.709342837333679199e-01 1.000000000000000000e+00
9.833140969276428223e-01 9.935409426689147949e-01 7.797001004219055176e-01 1.000000000000000000e+00
9.785467386245727539e-01 9.916955232620239258e-01 7.884659767150878906e-01 1.000000000000000000e+00
9.737793207168579102e-01 9.898500442504882812e-01 7.972318530082702637e-01 1.000000000000000000e+00
9.690119028091430664e-01 9.880046248435974121e-01 8.059976696968078613e-01 1.000000000000000000e+00
9.642445445060729980e-01 9.861591458320617676e-01 8.147635459899902344e-01 1.000000000000000000e+00
9.594771265983581543e-01 9.843137264251708984e-01 8.235294222831726074e-01 1.000000000000000000e+00
9.547097086906433105e-01 9.824683070182800293e-01 8.322952985763549805e-01 1.000000000000000000e+00
9.499423503875732422e-01 9.806228280067443848e-01 8.410611152648925781e-01 1.000000000000000000e+00
9.451749324798583984e-01 9.787774085998535156e-01 8.498269915580749512e-01 1.000000000000000000e+00
9.404075145721435547e-01 9.769319295883178711e-01 8.585928678512573242e-01 1.000000000000000000e+00
9.356401562690734863e-01 9.750865101814270020e-01 8.673586845397949219e-01 1.000000000000000000e+00
9.308727383613586426e-01 9.732410907745361328e-01 8.761245608329772949e-01 1.000000000000000000e+00
9.261053204536437988e-01 9.713956117630004883e-01 8.848904371261596680e-01 1.000000000000000000e+00
9.213379621505737305e-01 9.695501923561096191e-01 8.936563134193420410e-01 1.000000000000000000e+00
9.165705442428588867e-01 9.677047133445739746e-01 9.024221301078796387e-01 1.000000000000000000e+00
9.118031263351440430e-01 9.658592939376831055e-01 9.111880064010620117e-01 1.000000000000000000e+00
9.070357680320739746e-01 9.640138149261474609e-01 9.199538826942443848e-01 1.000000000000000000e+00
9.022683501243591309e-01 9.621683955192565918e-01 9.287196993827819824e-01 1.000000000000000000e+00
8.975009322166442871e-01 9.603229761123657227e-01 9.374855756759643555e-01 1.000000000000000000e+00
8.927335739135742188e-01 9.584774971008300781e-01 9.462514519691467285e-01 1.000000000000000000e+00
8.879661560058593750e-01 9.566320776939392090e-01 9.550173282623291016e-01 1.000000000000000000e+00
8.831987977027893066e-01 9.547865986824035645e-01 9.637831449508666992e-01 1.000000000000000000e+00
8.784313797950744629e-01 9.529411792755126953e-01 9.725490212440490723e-01 1.000000000000000000e+00
8.702806830406188965e-01 9.489427208900451660e-01 9.702422022819519043e-01 1.000000000000000000e+00
8.621299266815185547e-01 9.449442625045776367e-01 9.679353833198547363e-01 1.000000000000000000e+00
8.539792299270629883e-01 9.409458041191101074e-01 9.656286239624023438e-01 1.000000000000000000e+00
8.458285331726074219e-01 9.369473457336425781e-01 9.633218050003051758e-01 1.000000000000000000e+00
8.376778364181518555e-01 9.329488873481750488e-01 9.610149860382080078e-01 1.000000000000000000e+00
8.295270800590515137e-01 9.289504289627075195e-01 9.587081670761108398e-01 1.000000000000000000e+00
8.213763833045959473e-01 9.249519705772399902e-01 9.564014077186584473e-01 1.000000000000000000e+00
8.132256865501403809e-01 9.209534525871276855e-01 9.540945887565612793e-01 1.000000000000000000e+00
8.050749897956848145e-01 9.169549942016601562e-01 9.517877697944641113e-01 1.000000000000000000e+00
7.969242334365844727e-01 9.129565358161926270e-01 9.494809508323669434e-01 1.000000000000000000e+00
7.887735366821289062e-01 9.089580774307250977e-01 9.471741914749145508e-01 1.000000000000000000e+00
7.806228399276733398e-01 9.049596190452575684e-01 9.448673725128173828e-01 1.000000000000000000e+00
7.724721431732177734e-01 9.009611606597900391e-01 9.425605535507202148e-01 1.000000000000000000e+00
7.643213868141174316e-01 8.969627022743225098e-01 9.402537345886230469e-01 1.000000000000000000e+00
7.561706900596618652e-01 8.929642438888549805e-01 9.379469156265258789e-01 1.000000000000000000e+00
7.480199933052062988e-01 8.889657855033874512e-01 9.356401562690734863e-01 1.000000000000000000e+00
7.398692965507507324e-01 8.849673271179199219e-01 9.333333373069763184e-01 1.000000000000000000e+00
7.317185401916503906e-01 8.809688687324523926e-01 9.310265183448791504e-01 1.000000000000000000e+00
7.235678434371948242e-01 8.769704103469848633e-01 9.287196993827819824e-01 1.000000000000000000e+00
7.154171466827392578e-01 8.729719519615173340e-01 9.264129400253295898e-01 1.000000000000000000e+00
7.072664499282836914e-01 8.689734935760498047e-01 9.241061210632324219e-01 1.000000000000000000e+00
6.991157531738281250e-01 8.649750351905822754e-01 9.217993021011352539e-01 1.000000000000000000e+00
6.909649968147277832e-01 8.609765768051147461e-01 9.194924831390380859e-01 1.000000000000000000e+00
6.828143000602722168e-01 8.569780588150024414e-01 9.171857237815856934e-01 1.000000000000000000e+00
6.746636033058166504e-01 8.529796004295349121e-01 9.148789048194885254e-01 1.000000000000000000e+00
6.663590669631958008e-01 8.475970625877380371e-01 9.118800759315490723e-01 1.000000000000000000e+00
6.579008102416992188e-01 8.408304452896118164e-01 9.081891775131225586e-01 1.000000000000000000e+00
6.494424939155578613e-01 8.340638279914855957e-01 9.044982790946960449e-01 1.000000000000000000e+00
6.409842371940612793e-01 8.272972106933593750e-01 9.008073806762695312e-01 1.000000000000000000e+00
6.325259804725646973e-01 8.205305933952331543e-01 8.971164822578430176e-01 1.000000000000000000e+00
6.240676641464233398e-01 8.137639164924621582e-01 8.934255838394165039e-01 1.000000000000000000e+00
6.156094074249267578e-01 8.069972991943359375e-01 8.897347450256347656e-01 1.000000000000000000e+00
6.071510910987854004e-01 8.002306818962097168e-01 8.860438466072082520e-01 1.000000000000000000e+00
5.986928343772888184e-01 7.934640645980834961e-01 8.823529481887817383e-01 1.000000000000000000e+00
5.902345180511474609e-01 7.866974472999572754e-01 8.786620497703552246e-01 1.000000000000000000e+00
5.817762613296508789e-01 7.799307703971862793e-01 8.749711513519287109e-01 1.000000000000000000e+00
5.733179450035095215e-01 7.731641530990600586e-01 8.712802529335021973e-01 1.000000000000000000e+00
5.648596882820129395e-01 7.663975358009338379e-01 8.675894141197204590e-01 1.000000000000000000e+00
5.564013719558715820e-01 7.596309185028076172e-01 8.638985157012939453e-01 1.000000000000000000e+00
5.479431152343750000e-01 7.528643012046813965e-01 8.602076172828674316e-01 1.000000000000000000e+00
5.394847989082336426e-01 7.460976839065551758e-01 8.565167188644409180e-01 1.000000000000000000e+00
5.310265421867370605e-01 7.393310070037841797e-01 8.528258204460144043e-01 1.000000000000000000e+00
5.225682258605957031e-01 7.325643897056579590e-01 8.491349220275878906e-01 1.000000000000000000e+00
5.141099691390991211e-01 7.257977724075317383e-01 8.454440832138061523e-01 1.000000000000000000e+00
5.056516528129577637e-01 7.190311551094055176e-01 8.417531847953796387e-01 1.000000000000000000e+00
4.971933960914611816e-01 7.122645378112792969e-01 8.380622863769531250e-01 1.000000000000000000e+00
4.887351095676422119e-01 7.054978609085083008e-01 8.343713879585266113e-01 1.000000000000000000e+00
4.802768230438232422e-01 6.987312436103820801e-01 8.306804895401000977e-01 1.000000000000000000e+00
4.718185365200042725e-01 6.919646263122558594e-01 8.269895911216735840e-01 1.000000000000000000e+00
4.633602499961853027e-01 6.851980090141296387e-01 8.232987523078918457e-01 1.000000000000000000e+00
4.549019634723663330e-01 6.784313917160034180e-01 8.196078538894653320e-01 1.000000000000000000e+00
4.476739764213562012e-01 6.698192954063415527e-01 8.151479959487915039e-01 1.000000000000000000e+00
4.404459893703460693e-01 6.612071990966796875e-01 8.106881976127624512e-01 1.000000000000000000e+00
4.332180023193359375e-01 6.525951623916625977e-01 8.062283992767333984e-01 1.000000000000000000e+00
4.259900152683258057e-01 6.439830660820007324e-01 8.017685413360595703e-01 1.000000000000000000e+00
4.187620282173156738e-01 6.353710293769836426e-01 7.973087430000305176e-01 1.000000000000000000e+00
4.115340113639831543e-01 6.267589330673217773e-01 7.928488850593566895e-01 1.000000000000000000e+00
4.043060243129730225e-01 6.181468963623046875e-01 7.883890867233276367e-01 1.000000000000000000e+00
3.970780372619628906e-01 6.095348000526428223e-01 7.839292287826538086e-01 1.000000000000000000e+00
3.898500502109527588e-01 6.009227037429809570e-01 7.794694304466247559e-01 1.000000000000000000e+00
3.826220631599426270e-01 5.923106670379638672e-01 7.750096321105957031e-01 1.000000000000000000e+00
3.753940761089324951e-01 5.836985707283020020e-01 7.705497741699218750e-01 1.000000000000000000e+00
3.681660890579223633e-01 5.750865340232849121e-01 7.660899758338928223e-01 1.000000000000000000e+00
3.609381020069122314e-01 5.664744377136230469e-01 7.616301178932189941e-01 1.000000000000000000e+00
3.537101149559020996e-01 5.578623414039611816e-01 7.571703195571899414e-01 1.000000000000000000e+00
3.464821279048919678e-01 5.492503046989440918e-01 7.527105212211608887e-01 1.000000000000000000e+00
3.392541408538818359e-01 5.406382083892822266e-01 7.482506632804870605e-01 1.000000000000000000e+00
3.320261538028717041e-01 5.320261716842651367e-01 7.437908649444580078e-01 1.000000000000000000e+00
3.247981667518615723e-01 5.234140753746032715e-01 7.393310070037841797e-01 1.000000000000000000e+00
3.175701797008514404e-01 5.148019790649414062e-01 7.348712086677551270e-01 1.000000000000000000e+00
3.103421628475189209e-01 5.061899423599243164e-01 7.304113507270812988e-01 1.000000000000000000e+00
3.031141757965087891e-01 4.975778460502624512e-01 7.259515523910522461e-01 1.000000000000000000e+00
2.958861887454986572e-01 4.889657795429229736e-01 7.214917540550231934e-01 1.000000000000000000e+00
2.886582016944885254e-01 4.803537130355834961e-01 7.170318961143493652e-01 1.000000000000000000e+00
2.814302146434783936e-01 4.717416465282440186e-01 7.125720977783203125e-01 1.000000000000000000e+00
2.742022275924682617e-01 4.631295800209045410e-01 7.081122398376464844e-01 1.000000000000000000e+00
2.690503597259521484e-01 4.539792239665985107e-01 7.034986615180969238e-01 1.000000000000000000e+00
2.659746110439300537e-01 4.442906677722930908e-01 6.987312436103820801e-01 1.000000000000000000e+00
2.628988921642303467e-01 4.346020817756652832e-01 6.939638853073120117e-01 1.000000000000000000e+00
2.598231434822082520e-01 4.249134957790374756e-01 6.891964673995971680e-01 1.000000000000000000e+00
2.567473948001861572e-01 4.152249097824096680e-01 6.844290494918823242e-01 1.000000000000000000e+00
2.536716759204864502e-01 4.055363237857818604e-01 6.796616911888122559e-01 1.000000000000000000e+00
2.505959272384643555e-01 3.958477377891540527e-01 6.748942732810974121e-01 1.000000000000000000e+00
2.475201785564422607e-01 3.861591815948486328e-01 6.701268553733825684e-01 1.000000000000000000e+00
2.444444447755813599e-01 3.764705955982208252e-01 6.653594970703125000e-01 1.000000000000000000e+00
2.413687109947204590e-01 3.667820096015930176e-01 6.605920791625976562e-01 1.000000000000000000e+00
2.382929623126983643e-01 3.570934236049652100e-01 6.558246612548828125e-01 1.000000000000000000e+00
2.352172285318374634e-01 3.474048376083374023e-01 6.510573029518127441e-01 1.000000000000000000e+00
2.321414798498153687e-01 3.377162516117095947e-01 6.462898850440979004e-01 1.000000000000000000e+00
2.290657460689544678e-01 3.280276954174041748e-01 6.415224671363830566e-01 1.000000000000000000e+00
2.259899973869323730e-01 3.183391094207763672e-01 6.367551088333129883e-01 1.000000000000000000e+00
2.229142636060714722e-01 3.086505234241485596e-01 6.319876909255981445e-01 1.000000000000000000e+00
2.198385298252105713e-01 2.989619374275207520e-01 6.272202730178833008e-01 1.000000000000000000e+00
2.167627811431884766e-01 2.892733514308929443e-01 6.224529147148132324e-01 1.000000000000000000e+00
2.136870473623275757e-01 2.795847654342651367e-01 6.176854968070983887e-01 1.000000000000000000e+00
2.106112986803054810e-01 2.698961794376373291e-01 6.129180788993835449e-01 1.000000000000000000e+00
2.075355648994445801e-01 2.602076232433319092e-01 6.081507205963134766e-01 1.000000000000000000e+00
2.044598162174224854e-01 2.505190372467041016e-01 6.033833026885986328e-01 1.000000000000000000e+00
2.013840824365615845e-01 2.408304512500762939e-01 5.986159443855285645e-01 1.000000000000000000e+00
1.983083486557006836e-01 2.311418652534484863e-01 5.938485264778137207e-01 1.000000000000000000e+00
1.952325999736785889e-01 2.214532941579818726e-01 5.890811085700988770e-01 1.000000000000000000e+00
1.921568661928176880e-01 2.117647081613540649e-01 5.843137502670288086e-01 1.000000000000000000e+00
