1.000000000000000000e+00 9.607843160629272461e-01 9.411764740943908691e-01 1.000000000000000000e+00
9.998769760131835938e-01 9.582006931304931641e-01 9.374855756759643555e-01 1.000000000000000000e+00
9.997539520263671875e-01 9.556170701980590820e-01 9.337946772575378418e-01 1.000000000000000000e+00
9.996309280395507812e-01 9.530334472656250000e-01 9.301037788391113281e-01 1.000000000000000000e+00
9.995079040527343750e-01 9.504498243331909180e-01 9.264129400253295898e-01 1.000000000000000000e+00
9.993848800659179688e-01 9.478662014007568359e-01 9.227220416069030762e-01 1.000000000000000000e+00
9.992617964744567871e-01 9.452825784683227539e-01 9.190311431884765625e-01 1.000000000000000000e+00
9.991387724876403809e-01 9.426989555358886719e-01 9.153402447700500488e-01 1.000000000000000000e+00
9.990157485008239746e-01 9.401153326034545898e-01 9.116493463516235352e-01 1.000000000000000000e+00
9.988927245140075684e-01 9.375317096710205078e-01 9.079584479331970215e-01 1.000000000000000000e+00
9.987697005271911621e-01 9.349480867385864258e-01 9.042676091194152832e-01 1.000000000000000000e+00
9.986466765403747559e-01 9.323644638061523438e-01 9.005767107009887695e-01 1.000000000000000000e+00
9.985236525535583496e-01 9.297808408737182617e-01 8.968858122825622559e-01 1.000000000000000000e+00
9.984006285667419434e-01 9.271972179412841797e-01 8.931949138641357422e-01 1.000000000000000000e+00
9.982776045799255371e-01 9.246135950088500977e-01 8.895040154457092285e-01 1.000000000000000000e+00
9.981545805931091309e-01 9.220299720764160156e-01 8.858131766319274902e-01 1.000000000000000000e+00
9.980314970016479492e-01 9.194463491439819336e-01 8.821222782135009766e-01 1.000000000000000000e+00
9.979084730148315430e-01 9.168627262115478516e-01 8.784313797950744629e-01 1.000000000000000000e+00
9.977854490280151367e-01 9.142791032791137695e-01 8.747404813766479492e-01 1.000000000000000000e+00
9.976624250411987305e-01 9.116954803466796875e-01 8.710495829582214355e-01 1.000000000000000000e+00
9.975394010543823242e-01 9.091118574142456055e-01 8.673586845397949219e-01 1.000000000000000000e+00
9.974163770675659180e-01 9.065282344818115234e-01 8.636678457260131836e-01 1.000000000000000000e+00
9.972933530807495117e-01 9.039446115493774414e-01 8.599769473075866699e-01 1.000000000000000000e+00
9.971703290939331055e-01 9.013609886169433594e-01 8.562860488891601562e-01 1.000000000000000000e+00
9.970473051071166992e-01 8.987773656845092773e-01 8.525951504707336426e-01 1.000000000000000000e+00
9.969242811203002930e-01 8.961937427520751953e-01 8.489042520523071289e-01 1.000000000000000000e+00
9.968012571334838867e-01 8.936101794242858887e-01 8.452133536338806152e-01 1.000000000000000000e+00
9.966781735420227051e-01 8.910265564918518066e-01 8.415225148200988770e-01 1.000000000000000000e+00
9.965551495552062988e-01 8.884429335594177246e-01 8.378316164016723633e-01 1.000000000000000000e+00
9.964321255683898926e-01 8.858593106269836426e-01 8.341407179832458496e-01 1.000000000000000000e+00
9.963091015815734863e-01 8.832756876945495605e-01 8.304498195648193359e-01 1.000000000000000000e+00
9.961860775947570801e-01 8.806920647621154785e-01 8.267589211463928223e-01 1.000000000000000000e+00
9.960476756095886230e-01 8.778623342514038086e-01 8.227758407592773438e-01 1.000000000000000000e+00
9.958016276359558105e-01 8.733102679252624512e-01 8.167474269866943359e-01 1.000000000000000000e+00
9.955555796623229980e-01 8.687581419944763184e-01 8.107189536094665527e-01 1.000000000000000000e+00
9.953094720840454102e-01 8.642060756683349609e-01 8.046904802322387695e-01 1.000000000000000000e+00
9.950634241104125977e-01 8.596539497375488281e-01 7.986620664596557617e-01 1.000000000000000000e+00
9.948173761367797852e-01 8.551018834114074707e-01 7.926335930824279785e-01 1.000000000000000000e+00
9.945713281631469727e-01 8.505498170852661133e-01 7.866051793098449707e-01 1.000000000000000000e+00
9.943252801895141602e-01 8.459976911544799805e-01 7.805767059326171875e-01 1.000000000000000000e+00
9.940791726112365723e-01 8.414456248283386230e-01 7.745482325553894043e-01 1.000000000000000000e+00
9.938331246376037598e-01 8.368934988975524902e-01 7.685198187828063965e-01 1.000000000000000000e+00
9.935870766639709473e-01 8.323414325714111328e-01 7.624913454055786133e-01 1.000000000000000000e+00
9.933410286903381348e-01 8.277893066406250000e-01 7.564628720283508301e-01 1.000000000000000000e+00
9.930949807167053223e-01 8.232372403144836426e-01 7.504344582557678223e-01 1.000000000000000000e+00
9.928489327430725098e-01 8.186851143836975098e-01 7.444059848785400391e-01 1.000000000000000000e+00
9.926028251647949219e-01 8.141330480575561523e-01 7.383775711059570312e-01 1.000000000000000000e+00
9.923567771911621094e-01 8.095809221267700195e-01 7.323490977287292480e-01 1.000000000000000000e+00
9.921107292175292969e-01 8.050288558006286621e-01 7.263206243515014648e-01 1.000000000000000000e+00
9.918646812438964844e-01 8.004767298698425293e-01 7.202922105789184570e-01 1.000000000000000000e+00
9.916186332702636719e-01 7.959246635437011719e-01 7.142637372016906738e-01 1.000000000000000000e+00
9.913725256919860840e-01 7.913725376129150391e-01 7.082353234291076660e-01 1.000000000000000000e+00
9.911264777183532715e-01 7.868204712867736816e-01 7.022068500518798828e-01 1.000000000000000000e+00
9.908804297447204590e-01 7.822683453559875488e-01 6.961783766746520996e-01 1.000000000000000000e+00
9.906343817710876465e-01 7.777162790298461914e-01 6.901499629020690918e-01 1.000000000000000000e+00
9.903883337974548340e-01 7.731641530990600586e-01 6.841214895248413086e-01 1.000000000000000000e+00
9.901422262191772461e-01 7.686120867729187012e-01 6.780930161476135254e-01 1.000000000000000000e+00
9.898961782455444336e-01 7.640599608421325684e-01 6.720646023750305176e-01 1.000000000000000000e+00
9.896501302719116211e-01 7.595078945159912109e-01 6.660361289978027344e-01 1.000000000000000000e+00
9.894040822982788086e-01 7.549557685852050781e-01 6.600077152252197266e-01 1.000000000000000000e+00
9.891580343246459961e-01 7.504037022590637207e-01 6.539792418479919434e-01 1.000000000000000000e+00
9.889119863510131836e-01 7.458515763282775879e-01 6.479507684707641602e-01 1.000000000000000000e+00
9.886658787727355957e-01 7.412995100021362305e-01 6.419223546981811523e-01 1.000000000000000000e+00
9.884198307991027832e-01 7.367473840713500977e-01 6.358938813209533691e-01 1.000000000000000000e+00
9.882352948188781738e-01 7.320722937583923340e-01 6.299269795417785645e-01 1.000000000000000000e+00
9.882352948188781738e-01 7.270280718803405762e-01 6.241445541381835938e-01 1.000000000000000000e+00
9.882352948188781738e-01 7.219838500022888184e-01 6.183621883392333984e-01 1.000000000000000000e+00
9.882352948188781738e-01 7.169396281242370605e-01 6.125797629356384277e-01 1.000000000000000000e+00
9.882352948188781738e-01 7.118954062461853027e-01 6.067973971366882324e-01 1.000000000000000000e+00
9.882352948188781738e-01 7.068511843681335449e-01 6.010149717330932617e-01 1.000000000000000000e+00
9.882352948188781738e-01 7.018070220947265625e-01 5.952326059341430664e-01 1.000000000000000000e+00
9.882352948188781738e-01 6.967628002166748047e-01 5.894502401351928711e-01 1.000000000000000000e+00
9.882352948188781738e-01 6.917185783386230469e-01 5.836678147315979004e-01 1.000000000000000000e+00
9.882352948188781738e-01 6.866743564605712891e-01 5.778854489326477051e-01 1.000000000000000000e+00
9.882352948188781738e-01 6.816301345825195312e-01 5.721030235290527344e-01 1.000000000000000000e+00
9.882352948188781738e-01 6.765859127044677734e-01 5.663206577301025391e-01 1.000000000000000000e+00
9.882352948188781738e-01 6.715416908264160156e-01 5.605382323265075684e-01 1.000000000000000000e+00
9.882352948188781738e-01 6.664975285530090332e-01 5.547558665275573730e-01 1.000000000000000000e+00
9.882352948188781738e-01 6.614533066749572754e-01 5.489735007286071777e-01 1.000000000000000000e+00
9.882352948188781738e-01 6.564090847969055176e-01 5.431910753250122070e-01 1.000000000000000000e+00
9.882352948188781738e-01 6.513648629188537598e-01 5.374087095260620117e-01 1.000000000000000000e+00
9.882352948188781738e-01 6.463206410408020020e-01 5.316262841224670410e-01 1.000000000000000000e+00
9.882352948188781738e-01 6.412764191627502441e-01 5.258439183235168457e-01 1.000000000000000000e+00
9.882352948188781738e-01 6.362321972846984863e-01 5.200614929199218750e-01 1.000000000000000000e+00
9.882352948188781738e-01 6.311879754066467285e-01 5.142791271209716797e-01 1.000000000000000000e+00
9.882352948188781738e-01 6.261438131332397461e-01 5.084967613220214844e-01 1.000000000000000000e+00
9.882352948188781738e-01 6.210995912551879883e-01 5.027143359184265137e-01 1.000000000000000000e+00
9.882352948188781738e-01 6.160553693771362305e-01 4.969319403171539307e-01 1.000000000000000000e+00
9.882352948188781738e-01 6.110111474990844727e-01 4.911495447158813477e-01 1.000000000000000000e+00
9.882352948188781738e-01 6.059669256210327148e-01 4.853671789169311523e-01 1.000000000000000000e+00
9.882352948188781738e-01 6.009227037429809570e-01 4.795847833156585693e-01 1.000000000000000000e+00
9.882352948188781738e-01 5.958784818649291992e-01 4.738023877143859863e-01 1.000000000000000000e+00
9.882352948188781738e-01 5.908343195915222168e-01 4.680199921131134033e-01 1.000000000000000000e+00
9.882352948188781738e-01 5.857900977134704590e-01 4.622375965118408203e-01 1.000000000000000000e+00
9.882352948188781738e-01 5.807458758354187012e-01 4.564552009105682373e-01 1.000000000000000000e+00
9.882352948188781738e-01 5.757016539573669434e-01 4.506728053092956543e-01 1.000000000000000000e+00
9.881891608238220215e-01 5.707035660743713379e-01 4.452133774757385254e-01 1.000000000000000000e+00
9.880661368370056152e-01 5.657823681831359863e-01 4.402922093868255615e-01 1.000000000000000000e+00
9.879431128501892090e-01 5.608612298965454102e-01 4.353710114955902100e-01 1.000000000000000000e+00
9.878200888633728027e-01 5.559400320053100586e-01 4.304498136043548584e-01 1.000000000000000000e+00
9.876970648765563965e-01 5.510188341140747070e-01 4.255286455154418945e-01 1.000000000000000000e+00
9.875739812850952148e-01 5.460976362228393555e-01 4.206074476242065430e-01 1.000000000000000000e+00
9.874509572982788086e-01 5.411764979362487793e-01 4.156862795352935791e-01 1.000000000000000000e+00
9.873279333114624023e-01 5.362553000450134277e-01 4.107650816440582275e-01 1.000000000000000000e+00
9.872049093246459961e-01 5.313341021537780762e-01 4.058439135551452637e-01 1.000000000000000000e+00
9.870818853378295898e-01 5.264129042625427246e-01 4.009227156639099121e-01 1.000000000000000000e+00
9.869588613510131836e-01 5.214917063713073730e-01 3.960015475749969482e-01 1.000000000000000000e+00
9.868358373641967773e-01 5.165705680847167969e-01 3.910803496837615967e-01 1.000000000000000000e+00
9.867128133773803711e-01 5.116493701934814453e-01 3.861591815948486328e-01 1.000000000000000000e+00
9.865897893905639648e-01 5.067281723022460938e-01 3.812379837036132812e-01 1.000000000000000000e+00
9.864667654037475586e-01 5.018069744110107422e-01 3.763168156147003174e-01 1.000000000000000000e+00
9.863437414169311523e-01 4.968858063220977783e-01 3.713956177234649658e-01 1.000000000000000000e+00
9.862206578254699707e-01 4.919646382331848145e-01 3.664744198322296143e-01 1.000000000000000000e+00
9.860976338386535645e-01 4.870434403419494629e-01 3.615532517433166504e-01 1.000000000000000000e+00
9.859746098518371582e-01 4.821222722530364990e-01 3.566320538520812988e-01 1.000000000000000000e+00
9.858515858650207520e-01 4.772010743618011475e-01 3.517108857631683350e-01 1.000000000000000000e+00
9.857285618782043457e-01 4.722799062728881836e-01 3.467896878719329834e-01 1.000000000000000000e+00
9.856055378913879395e-01 4.673587083816528320e-01 3.418685197830200195e-01 1.000000000000000000e+00
9.854825139045715332e-01 4.624375104904174805e-01 3.369473218917846680e-01 1.000000000000000000e+00
9.853594899177551270e-01 4.575163424015045166e-01 3.320261538028717041e-01 1.000000000000000000e+00
9.852364659309387207e-01 4.525951445102691650e-01 3.271049559116363525e-01 1.000000000000000000e+00
9.851134419441223145e-01 4.476739764213562012e-01 3.221837878227233887e-01 1.000000000000000000e+00
9.849904179573059082e-01 4.427527785301208496e-01 3.172625899314880371e-01 1.000000000000000000e+00
9.848673343658447266e-01 4.378316104412078857e-01 3.123414218425750732e-01 1.000000000000000000e+00
9.847443103790283203e-01 4.329104125499725342e-01 3.074202239513397217e-01 1.000000000000000000e+00
9.846212863922119141e-01 4.279892444610595703e-01 3.024990260601043701e-01 1.000000000000000000e+00
9.844982624053955078e-01 4.230680465698242188e-01 2.975778579711914062e-01 1.000000000000000000e+00
9.843752384185791016e-01 4.181468784809112549e-01 2.926566600799560547e-01 1.000000000000000000e+00
9.835755228996276855e-01 4.127950668334960938e-01 2.883506417274475098e-01 1.000000000000000000e+00
9.820991754531860352e-01 4.070127010345458984e-01 2.846597433090209961e-01 1.000000000000000000e+00
9.806228280067443848e-01 4.012303054332733154e-01 2.809688448905944824e-01 1.000000000000000000e+00
9.791464805603027344e-01 3.954479098320007324e-01 2.772779762744903564e-01 1.000000000000000000e+00
9.776701331138610840e-01 3.896655142307281494e-01 2.735870778560638428e-01 1.000000000000000000e+00
9.761937856674194336e-01 3.838831186294555664e-01 2.698961794376373291e-01 1.000000000000000000e+00
9.747174382209777832e-01 3.781007230281829834e-01 2.662053108215332031e-01 1.000000000000000000e+00
9.732410907745361328e-01 3.723183274269104004e-01 2.625144124031066895e-01 1.000000000000000000e+00
9.717646837234497070e-01 3.665359616279602051e-01 2.588235437870025635e-01 1.000000000000000000e+00
9.702883362770080566e-01 3.607535660266876221e-01 2.551326453685760498e-01 1.000000000000000000e+00
9.688119888305664062e-01 3.549711704254150391e-01 2.514417469501495361e-01 1.000000000000000000e+00
9.673356413841247559e-01 3.491887748241424561e-01 2.477508634328842163e-01 1.000000000000000000e+00
9.658592939376831055e-01 3.434063792228698730e-01 2.440599799156188965e-01 1.000000000000000000e+00
9.643829464912414551e-01 3.376239836215972900e-01 2.403690814971923828e-01 1.000000000000000000e+00
9.629065990447998047e-01 3.318415880203247070e-01 2.366781979799270630e-01 1.000000000000000000e+00
9.614301919937133789e-01 3.260592222213745117e-01 2.329873144626617432e-01 1.000000000000000000e+00
9.599538445472717285e-01 3.202768266201019287e-01 2.292964309453964233e-01 1.000000000000000000e+00
9.584774971008300781e-01 3.144944310188293457e-01 2.256055325269699097e-01 1.000000000000000000e+00
9.570011496543884277e-01 3.087120354175567627e-01 2.219146490097045898e-01 1.000000000000000000e+00
9.555248022079467773e-01 3.029296398162841797e-01 2.182237654924392700e-01 1.000000000000000000e+00
9.540484547615051270e-01 2.971472442150115967e-01 2.145328670740127563e-01 1.000000000000000000e+00
9.525721073150634766e-01 2.913648486137390137e-01 2.108419835567474365e-01 1.000000000000000000e+00
9.510957598686218262e-01 2.855824828147888184e-01 2.071511000394821167e-01 1.000000000000000000e+00
9.496193528175354004e-01 2.798000872135162354e-01 2.034602016210556030e-01 1.000000000000000000e+00
9.481430053710937500e-01 2.740176916122436523e-01 1.997693181037902832e-01 1.000000000000000000e+00
9.466666579246520996e-01 2.682352960109710693e-01 1.960784345865249634e-01 1.000000000000000000e+00
9.451903104782104492e-01 2.624529004096984863e-01 1.923875361680984497e-01 1.000000000000000000e+00
9.437139630317687988e-01 2.566705048084259033e-01 1.886966526508331299e-01 1.000000000000000000e+00
9.422376155853271484e-01 2.508881092071533203e-01 1.850057691335678101e-01 1.000000000000000000e+00
9.407612681388854980e-01 2.451057285070419312e-01 1.813148856163024902e-01 1.000000000000000000e+00
9.392848610877990723e-01 2.393233329057693481e-01 1.776239871978759766e-01 1.000000000000000000e+00
9.378085136413574219e-01 2.335409522056579590e-01 1.739331036806106567e-01 1.000000000000000000e+00
9.344867467880249023e-01 2.286812812089920044e-01 1.713956147432327271e-01 1.000000000000000000e+00
9.300576448440551758e-01 2.243752330541610718e-01 1.695501804351806641e-01 1.000000000000000000e+00
9.256286025047302246e-01 2.200691998004913330e-01 1.677047312259674072e-01 1.000000000000000000e+00
9.211995601654052734e-01 2.157631665468215942e-01 1.658592820167541504e-01 1.000000000000000000e+00
9.167704582214355469e-01 2.114571332931518555e-01 1.640138477087020874e-01 1.000000000000000000e+00
9.123414158821105957e-01 2.071511000394821167e-01 1.621683984994888306e-01 1.000000000000000000e+00
9.079123139381408691e-01 2.028450667858123779e-01 1.603229492902755737e-01 1.000000000000000000e+00
9.034832715988159180e-01 1.985390186309814453e-01 1.584775149822235107e-01 1.000000000000000000e+00
8.990542292594909668e-01 1.942329853773117065e-01 1.566320657730102539e-01 1.000000000000000000e+00
8.946251273155212402e-01 1.899269521236419678e-01 1.547866165637969971e-01 1.000000000000000000e+00
8.901960849761962891e-01 1.856209188699722290e-01 1.529411822557449341e-01 1.000000000000000000e+00
8.857669830322265625e-01 1.813148856163024902e-01 1.510957330465316772e-01 1.000000000000000000e+00
8.813379406929016113e-01 1.770088374614715576e-01 1.492502838373184204e-01 1.000000000000000000e+00
8.769088983535766602e-01 1.727028042078018188e-01 1.474048495292663574e-01 1.000000000000000000e+00
8.724797964096069336e-01 1.683967709541320801e-01 1.455594003200531006e-01 1.000000000000000000e+00
8.680507540702819824e-01 1.640907377004623413e-01 1.437139511108398438e-01 1.000000000000000000e+00
8.636217117309570312e-01 1.597847044467926025e-01 1.418685168027877808e-01 1.000000000000000000e+00
8.591926097869873047e-01 1.554786562919616699e-01 1.400230675935745239e-01 1.000000000000000000e+00
8.547635674476623535e-01 1.511726230382919312e-01 1.381776183843612671e-01 1.000000000000000000e+00
8.503344655036926270e-01 1.468665897846221924e-01 1.363321840763092041e-01 1.000000000000000000e+00
8.459054231643676758e-01 1.425605565309524536e-01 1.344867348670959473e-01 1.000000000000000000e+00
8.414763808250427246e-01 1.382545232772827148e-01 1.326412856578826904e-01 1.000000000000000000e+00
8.370472788810729980e-01 1.339484751224517822e-01 1.307958513498306274e-01 1.000000000000000000e+00
8.326182365417480469e-01 1.296424418687820435e-01 1.289504021406173706e-01 1.000000000000000000e+00
8.281891345977783203e-01 1.253364086151123047e-01 1.271049529314041138e-01 1.000000000000000000e+00
8.237600922584533691e-01 1.210303753614425659e-01 1.252595186233520508e-01 1.000000000000000000e+00
8.193310499191284180e-01 1.167243346571922302e-01 1.234140694141387939e-01 1.000000000000000000e+00
8.149019479751586914e-01 1.124183014035224915e-01 1.215686276555061340e-01 1.000000000000000000e+00
8.104729056358337402e-01 1.081122681498527527e-01 1.197231858968734741e-01 1.000000000000000000e+00
8.060438036918640137e-01 1.038062274456024170e-01 1.178777366876602173e-01 1.000000000000000000e+00
8.016147613525390625e-01 9.950019419193267822e-02 1.160322949290275574e-01 1.000000000000000000e+00
7.971857190132141113e-01 9.519415348768234253e-02 1.141868531703948975e-01 1.000000000000000000e+00
7.925720810890197754e-01 9.328719973564147949e-02 1.129873096942901611e-01 1.000000000000000000e+00
7.878969907760620117e-01 9.217993170022964478e-02 1.120030730962753296e-01 1.000000000000000000e+00
7.832218408584594727e-01 9.107266366481781006e-02 1.110188364982604980e-01 1.000000000000000000e+00
7.785466909408569336e-01 8.996539562940597534e-02 1.100345999002456665e-01 1.000000000000000000e+00
7.738716006278991699e-01 8.885813504457473755e-02 1.090503633022308350e-01 1.000000000000000000e+00
7.691964507102966309e-01 8.775086700916290283e-02 1.080661267042160034e-01 1.000000000000000000e+00
7.645213603973388672e-01 8.664359897375106812e-02 1.070818901062011719e-01 1.000000000000000000e+00
7.598462104797363281e-01 8.553633093833923340e-02 1.060976535081863403e-01 1.000000000000000000e+00
7.551710605621337891e-01 8.442906290292739868e-02 1.051134169101715088e-01 1.000000000000000000e+00
7.504959702491760254e-01 8.332180231809616089e-02 1.041291803121566772e-01 1.000000000000000000e+00
7.458208203315734863e-01 8.221453428268432617e-02 1.031449437141418457e-01 1.000000000000000000e+00
7.411457300186157227e-01 8.110726624727249146e-02 1.021607071161270142e-01 1.000000000000000000e+00
7.364705801010131836e-01 7.999999821186065674e-02 1.011764705181121826e-01 1.000000000000000000e+00
7.317954897880554199e-01 7.889273017644882202e-02 1.001922339200973511e-01 1.000000000000000000e+00
7.271203398704528809e-01 7.778546959161758423e-02 9.920799732208251953e-02 1.000000000000000000e+00
7.224451899528503418e-01 7.667820155620574951e-02 9.822376072406768799e-02 1.000000000000000000e+00
7.177700996398925781e-01 7.557093352079391479e-02 9.723952412605285645e-02 1.000000000000000000e+00
7.130949497222900391e-01 7.446366548538208008e-02 9.625528752803802490e-02 1.000000000000000000e+00
7.084198594093322754e-01 7.335640490055084229e-02 9.527105093002319336e-02 1.000000000000000000e+00
7.037447094917297363e-01 7.224913686513900757e-02 9.428681433200836182e-02 1.000000000000000000e+00
6.990695595741271973e-01 7.114186882972717285e-02 9.330257773399353027e-02 1.000000000000000000e+00
6.943944692611694336e-01 7.003460079431533813e-02 9.231834113597869873e-02 1.000000000000000000e+00
6.897193193435668945e-01 6.892733275890350342e-02 9.133410453796386719e-02 1.000000000000000000e+00
6.850442290306091309e-01 6.782007217407226562e-02 9.034986793994903564e-02 1.000000000000000000e+00
6.803690791130065918e-01 6.671280413866043091e-02 8.936563134193420410e-02 1.000000000000000000e+00
6.756939888000488281e-01 6.560553610324859619e-02 8.838139474391937256e-02 1.000000000000000000e+00
6.710188388824462891e-01 6.449826806783676147e-02 8.739715814590454102e-02 1.000000000000000000e+00
6.663436889648437500e-01 6.339100003242492676e-02 8.641292154788970947e-02 1.000000000000000000e+00
6.616685986518859863e-01 6.228373572230339050e-02 8.542868494987487793e-02 1.000000000000000000e+00
6.569934487342834473e-01 6.117647141218185425e-02 8.444444090127944946e-02 1.000000000000000000e+00
6.523183584213256836e-01 6.006920337677001953e-02 8.346020430326461792e-02 1.000000000000000000e+00
6.476432085037231445e-01 5.896193906664848328e-02 8.247596770524978638e-02 1.000000000000000000e+00
6.403844952583312988e-01 5.720876529812812805e-02 8.149173110723495483e-02 1.000000000000000000e+00
6.327566504478454590e-01 5.536332353949546814e-02 8.050749450922012329e-02 1.000000000000000000e+00
6.251288056373596191e-01 5.351787805557250977e-02 7.952325791120529175e-02 1.000000000000000000e+00
6.175009608268737793e-01 5.167243257164955139e-02 7.853902131319046021e-02 1.000000000000000000e+00
6.098731160163879395e-01 4.982699081301689148e-02 7.755478471517562866e-02 1.000000000000000000e+00
6.022452712059020996e-01 4.798154532909393311e-02 7.657054811716079712e-02 1.000000000000000000e+00
5.946174263954162598e-01 4.613609984517097473e-02 7.558631151914596558e-02 1.000000000000000000e+00
5.869896411895751953e-01 4.429065808653831482e-02 7.460207492113113403e-02 1.000000000000000000e+00
5.793617963790893555e-01 4.244521260261535645e-02 7.361783832311630249e-02 1.000000000000000000e+00
5.717339515686035156e-01 4.059977084398269653e-02 7.263360172510147095e-02 1.000000000000000000e+00
5.641061067581176758e-01 3.875432536005973816e-02 7.164936512708663940e-02 1.000000000000000000e+00
5.564782619476318359e-01 3.690887987613677979e-02 7.066512852907180786e-02 1.000000000000000000e+00
5.488504171371459961e-01 3.506343811750411987e-02 6.968089193105697632e-02 1.000000000000000000e+00
5.412226319313049316e-01 3.321799263358116150e-02 6.869665533304214478e-02 1.000000000000000000e+00
5.335947871208190918e-01 3.137255087494850159e-02 6.771241873502731323e-02 1.000000000000000000e+00
5.259669423103332520e-01 2.952710539102554321e-02 6.672818213701248169e-02 1.000000000000000000e+00
5.183390974998474121e-01 2.768166176974773407e-02 6.574394553899765015e-02 1.000000000000000000e+00
5.107112526893615723e-01 2.583621628582477570e-02 6.475970894098281860e-02 1.000000000000000000e+00
5.030834078788757324e-01 2.399077266454696655e-02 6.377547234296798706e-02 1.000000000000000000e+00
4.954555928707122803e-01 2.214532904326915741e-02 6.279123574495315552e-02 1.000000000000000000e+00
4.878277480602264404e-01 2.029988542199134827e-02 6.180699914693832397e-02 1.000000000000000000e+00
4.801999330520629883e-01 1.845443993806838989e-02 6.082275882363319397e-02 1.000000000000000000e+00
4.725720882415771484e-01 1.660899631679058075e-02 5.983852222561836243e-02 1.000000000000000000e+00
4.649442434310913086e-01 1.476355269551277161e-02 5.885428562760353088e-02 1.000000000000000000e+00
4.573164284229278564e-01 1.291810814291238785e-02 5.787004902958869934e-02 1.000000000000000000e+00
4.496885836124420166e-01 1.107266452163457870e-02 5.688581243157386780e-02 1.000000000000000000e+00
4.420607388019561768e-01 9.227219969034194946e-03 5.590157583355903625e-02 1.000000000000000000e+00
4.344329237937927246e-01 7.381776347756385803e-03 5.491733923554420471e-02 1.000000000000000000e+00
4.268050789833068848e-01 5.536332260817289352e-03 5.393310263752937317e-02 1.000000000000000000e+00
4.191772341728210449e-01 3.690888173878192902e-03 5.294886603951454163e-02 1.000000000000000000e+00
4.115493893623352051e-01 1.845444086939096451e-03 5.196462944149971008e-02 1.000000000000000000e+00
4.039215743541717529e-01 0.000000000000000000e+00 5.098039284348487854e-02 1.000000000000000000e+00
