2.000000029802322388e-01 2.000000029802322388e-01 6.000000238418579102e-01 1.000000000000000000e+00
1.947712451219558716e-01 2.104575186967849731e-01 6.104575395584106445e-01 1.000000000000000000e+00
1.895424872636795044e-01 2.209150344133377075e-01 6.209150552749633789e-01 1.000000000000000000e+00
1.843137294054031372e-01 2.313725501298904419e-01 6.313725709915161133e-01 1.000000000000000000e+00
1.790849715471267700e-01 2.418300658464431763e-01 6.418300867080688477e-01 1.000000000000000000e+00
1.738562136888504028e-01 2.522875964641571045e-01 6.522876024246215820e-01 1.000000000000000000e+00
1.686274558305740356e-01 2.627451121807098389e-01 6.627451181411743164e-01 1.000000000000000000e+00
1.633986979722976685e-01 2.732026278972625732e-01 6.732026338577270508e-01 1.000000000000000000e+00
1.581699401140213013e-01 2.836601436138153076e-01 6.836601495742797852e-01 1.000000000000000000e+00
1.529411822557449341e-01 2.941176593303680420e-01 6.941176652908325195e-01 1.000000000000000000e+00
1.477124243974685669e-01 3.045751750469207764e-01 7.045751810073852539e-01 1.000000000000000000e+00
1.424836665391921997e-01 3.150326907634735107e-01 7.150326967239379883e-01 1.000000000000000000e+00
1.372549086809158325e-01 3.254902064800262451e-01 7.254902124404907227e-01 1.000000000000000000e+00
1.320261508226394653e-01 3.359477221965789795e-01 7.359477281570434570e-01 1.000000000000000000e+00
1.267973929643630981e-01 3.464052379131317139e-01 7.464052438735961914e-01 1.000000000000000000e+00
1.215686276555061340e-01 3.568627536296844482e-01 7.568627595901489258e-01 1.000000000000000000e+00
1.163398697972297668e-01 3.673202693462371826e-01 7.673202753067016602e-01 1.000000000000000000e+00
1.111111119389533997e-01 3.777777850627899170e-01 7.777777910232543945e-01 1.000000000000000000e+00
1.058823540806770325e-01 3.882353007793426514e-01 7.882353067398071289e-01 1.000000000000000000e+00
1.006535962224006653e-01 3.986928164958953857e-01 7.986928224563598633e-01 1.000000000000000000e+00
9.542483836412429810e-02 4.091503322124481201e-01 8.091503381729125977e-01 1.000000000000000000e+00
9.019608050584793091e-02 4.196078479290008545e-01 8.196078538894653320e-01 1.000000000000000000e+00
8.496732264757156372e-02 4.300653636455535889e-01 8.300653696060180664e-01 1.000000000000000000e+00
7.973856478929519653e-02 4.405228793621063232e-01 8.405228853225708008e-01 1.000000000000000000e+00
7.450980693101882935e-02 4.509803950786590576e-01 8.509804010391235352e-01 1.000000000000000000e+00
6.928104907274246216e-02 4.614379107952117920e-01 8.614379167556762695e-01 1.000000000000000000e+00
6.405229121446609497e-02 4.718954265117645264e-01 8.718954324722290039e-01 1.000000000000000000e+00
5.882352963089942932e-02 4.823529422283172607e-01 8.823529481887817383e-01 1.000000000000000000e+00
5.359477177262306213e-02 4.928104579448699951e-01 8.928104639053344727e-01 1.000000000000000000e+00
4.836601391434669495e-02 5.032680034637451172e-01 9.032679796218872070e-01 1.000000000000000000e+00
4.313725605607032776e-02 5.137255191802978516e-01 9.137254953384399414e-01 1.000000000000000000e+00
3.790849819779396057e-02 5.241830348968505859e-01 9.241830110549926758e-01 1.000000000000000000e+00
3.267974033951759338e-02 5.346405506134033203e-01 9.346405267715454102e-01 1.000000000000000000e+00
2.745098061859607697e-02 5.450980663299560547e-01 9.450980424880981445e-01 1.000000000000000000e+00
2.222222276031970978e-02 5.555555820465087891e-01 9.555555582046508789e-01 1.000000000000000000e+00
1.699346490204334259e-02 5.660130977630615234e-01 9.660130739212036133e-01 1.000000000000000000e+00
1.176470611244440079e-02 5.764706134796142578e-01 9.764705896377563477e-01 1.000000000000000000e+00
6.535947788506746292e-03 5.869281291961669922e-01 9.869281053543090820e-01 1.000000000000000000e+00
1.307189580984413624e-03 5.973856449127197266e-01 9.973856210708618164e-01 1.000000000000000000e+00
0.000000000000000000e+00 6.058823466300964355e-01 9.823529124259948730e-01 1.000000000000000000e+00
0.000000000000000000e+00 6.137254834175109863e-01 9.588235020637512207e-01 1.000000000000000000e+00
0.000000000000000000e+00 6.215686202049255371e-01 9.352940917015075684e-01 1.000000000000000000e+00
0.000000000000000000e+00 6.294117569923400879e-01 9.117646813392639160e-01 1.000000000000000000e+00
0.000000000000000000e+00 6.372548937797546387e-01 8.882352709770202637e-01 1.000000000000000000e+00
0.000000000000000000e+00 6.450980305671691895e-01 8.647058606147766113e-01 1.000000000000000000e+00
0.000000000000000000e+00 6.529411673545837402e-01 8.411764502525329590e-01 1.000000000000000000e+00
0.000000000000000000e+00 6.607843041419982910e-01 8.176470398902893066e-01 1.000000000000000000e+00
0.000000000000000000e+00 6.686274409294128418e-01 7.941176295280456543e-01 1.000000000000000000e+00
0.000000000000000000e+00 6.764705777168273926e-01 7.705882191658020020e-01 1.000000000000000000e+00
0.000000000000000000e+00 6.843137145042419434e-01 7.470588088035583496e-01 1.000000000000000000e+00
0.000000000000000000e+00 6.921568512916564941e-01 7.235293984413146973e-01 1.000000000000000000e+00
0.000000000000000000e+00 6.999999880790710449e-01 6.999999880790710449e-01 1.000000000000000000e+00
0.000000000000000000e+00 7.078431248664855957e-01 6.764705777168273926e-01 1.000000000000000000e+00
0.000000000000000000e+00 7.156862616539001465e-01 6.529411673545837402e-01 1.000000000000000000e+00
0.000000000000000000e+00 7.235293984413146973e-01 6.294117569923400879e-01 1.000000000000000000e+00
0.000000000000000000e+00 7.313725352287292480e-01 6.058823466300964355e-01 1.000000000000000000e+00
0.000000000000000000e+00 7.392156720161437988e-01 5.823529362678527832e-01 1.000000000000000000e+00
0.000000000000000000e+00 7.470588088035583496e-01 5.588235259056091309e-01 1.000000000000000000e+00
0.000000000000000000e+00 7.549019455909729004e-01 5.352941155433654785e-01 1.000000000000000000e+00
0.000000000000000000e+00 7.627450823783874512e-01 5.117647051811218262e-01 1.000000000000000000e+00
0.000000000000000000e+00 7.705882191658020020e-01 4.882352948188781738e-01 1.000000000000000000e+00
0.000000000000000000e+00 7.784313559532165527e-01 4.647058844566345215e-01 1.000000000000000000e+00
0.000000000000000000e+00 7.862744927406311035e-01 4.411764740943908691e-01 1.000000000000000000e+00
0.000000000000000000e+00 7.941176295280456543e-01 4.176470637321472168e-01 1.000000000000000000e+00
3.921568859368562698e-03 8.007842898368835449e-01 4.007843136787414551e-01 1.000000000000000000e+00
1.960784383118152618e-02 8.039215803146362305e-01 4.039215743541717529e-01 1.000000000000000000e+00
3.529411926865577698e-02 8.070588111877441406e-01 4.070588350296020508e-01 1.000000000000000000e+00
5.098039284348487854e-02 8.101961016654968262e-01 4.101960659027099609e-01 1.000000000000000000e+00
6.666667014360427856e-02 8.133333325386047363e-01 4.133333265781402588e-01 1.000000000000000000e+00
8.235294371843338013e-02 8.164705634117126465e-01 4.164705872535705566e-01 1.000000000000000000e+00
9.803921729326248169e-02 8.196078538894653320e-01 4.196078479290008545e-01 1.000000000000000000e+00
1.137254908680915833e-01 8.227450847625732422e-01 4.227451086044311523e-01 1.000000000000000000e+00
1.294117718935012817e-01 8.258823752403259277e-01 4.258823394775390625e-01 1.000000000000000000e+00
1.450980454683303833e-01 8.290196061134338379e-01 4.290196001529693604e-01 1.000000000000000000e+00
1.607843190431594849e-01 8.321568369865417480e-01 4.321568608283996582e-01 1.000000000000000000e+00
1.764705926179885864e-01 8.352941274642944336e-01 4.352941215038299561e-01 1.000000000000000000e+00
1.921568661928176880e-01 8.384313583374023438e-01 4.384313821792602539e-01 1.000000000000000000e+00
2.078431397676467896e-01 8.415686488151550293e-01 4.415686130523681641e-01 1.000000000000000000e+00
2.235294133424758911e-01 8.447058796882629395e-01 4.447058737277984619e-01 1.000000000000000000e+00
2.392156869173049927e-01 8.478431105613708496e-01 4.478431344032287598e-01 1.000000000000000000e+00
2.549019753932952881e-01 8.509804010391235352e-01 4.509803950786590576e-01 1.000000000000000000e+00
2.705882489681243896e-01 8.541176319122314453e-01 4.541176557540893555e-01 1.000000000000000000e+00
2.862745225429534912e-01 8.572549223899841309e-01 4.572549164295196533e-01 1.000000000000000000e+00
3.019607961177825928e-01 8.603921532630920410e-01 4.603921473026275635e-01 1.000000000000000000e+00
3.176470696926116943e-01 8.635293841361999512e-01 4.635294079780578613e-01 1.000000000000000000e+00
3.333333432674407959e-01 8.666666746139526367e-01 4.666666686534881592e-01 1.000000000000000000e+00
3.490196168422698975e-01 8.698039054870605469e-01 4.698039293289184570e-01 1.000000000000000000e+00
3.647058904170989990e-01 8.729411959648132324e-01 4.729411900043487549e-01 1.000000000000000000e+00
3.803921639919281006e-01 8.760784268379211426e-01 4.760784208774566650e-01 1.000000000000000000e+00
3.960784375667572021e-01 8.792156577110290527e-01 4.792156815528869629e-01 1.000000000000000000e+00
4.117647111415863037e-01 8.823529481887817383e-01 4.823529422283172607e-01 1.000000000000000000e+00
4.274509847164154053e-01 8.854901790618896484e-01 4.854902029037475586e-01 1.000000000000000000e+00
4.431372582912445068e-01 8.886274695396423340e-01 4.886274635791778564e-01 1.000000000000000000e+00
4.588235318660736084e-01 8.917647004127502441e-01 4.917646944522857666e-01 1.000000000000000000e+00
4.745098054409027100e-01 8.949019312858581543e-01 4.949019551277160645e-01 1.000000000000000000e+00
4.901960790157318115e-01 8.980392217636108398e-01 4.980392158031463623e-01 1.000000000000000000e+00
5.058823823928833008e-01 9.011764526367187500e-01 5.011764764785766602e-01 1.000000000000000000e+00
5.215686559677124023e-01 9.043137431144714355e-01 5.043137073516845703e-01 1.000000000000000000e+00
5.372549295425415039e-01 9.074509739875793457e-01 5.074509978294372559e-01 1.000000000000000000e+00
5.529412031173706055e-01 9.105882644653320312e-01 5.105882287025451660e-01 1.000000000000000000e+00
5.686274766921997070e-01 9.137254953384399414e-01 5.137255191802978516e-01 1.000000000000000000e+00
5.843137502670288086e-01 9.168627262115478516e-01 5.168627500534057617e-01 1.000000000000000000e+00
6.000000238418579102e-01 9.200000166893005371e-01 5.199999809265136719e-01 1.000000000000000000e+00
6.156862974166870117e-01 9.231372475624084473e-01 5.231372714042663574e-01 1.000000000000000000e+00
6.313725709915161133e-01 9.262745380401611328e-01 5.262745022773742676e-01 1.000000000000000000e+00
6.470588445663452148e-01 9.294117689132690430e-01 5.294117927551269531e-01 1.000000000000000000e+00
6.627451181411743164e-01 9.325489997863769531e-01 5.325490236282348633e-01 1.000000000000000000e+00
6.784313917160034180e-01 9.356862902641296387e-01 5.356862545013427734e-01 1.000000000000000000e+00
6.941176652908325195e-01 9.388235211372375488e-01 5.388235449790954590e-01 1.000000000000000000e+00
7.098039388656616211e-01 9.419608116149902344e-01 5.419607758522033691e-01 1.000000000000000000e+00
7.254902124404907227e-01 9.450980424880981445e-01 5.450980663299560547e-01 1.000000000000000000e+00
7.411764860153198242e-01 9.482352733612060547e-01 5.482352972030639648e-01 1.000000000000000000e+00
7.568627595901489258e-01 9.513725638389587402e-01 5.513725280761718750e-01 1.000000000000000000e+00
7.725490331649780273e-01 9.545097947120666504e-01 5.545098185539245605e-01 1.000000000000000000e+00
7.882353067398071289e-01 9.576470851898193359e-01 5.576470494270324707e-01 1.000000000000000000e+00
8.039215803146362305e-01 9.607843160629272461e-01 5.607843399047851562e-01 1.000000000000000000e+00
8.196078538894653320e-01 9.639215469360351562e-01 5.639215707778930664e-01 1.000000000000000000e+00
8.352941274642944336e-01 9.670588374137878418e-01 5.670588016510009766e-01 1.000000000000000000e+00
8.509804010391235352e-01 9.701960682868957520e-01 5.701960921287536621e-01 1.000000000000000000e+00
8.666666746139526367e-01 9.733333587646484375e-01 5.733333230018615723e-01 1.000000000000000000e+00
8.823529481887817383e-01 9.764705896377563477e-01 5.764706134796142578e-01 1.000000000000000000e+00
8.980392217636108398e-01 9.796078205108642578e-01 5.796078443527221680e-01 1.000000000000000000e+00
9.137254953384399414e-01 9.827451109886169434e-01 5.827450752258300781e-01 1.000000000000000000e+00
9.294117689132690430e-01 9.858823418617248535e-01 5.858823657035827637e-01 1.000000000000000000e+00
9.450980424880981445e-01 9.890196323394775391e-01 5.890195965766906738e-01 1.000000000000000000e+00
9.607843160629272461e-01 9.921568632125854492e-01 5.921568870544433594e-01 1.000000000000000000e+00
9.764705896377563477e-01 9.952940940856933594e-01 5.952941179275512695e-01 1.000000000000000000e+00
9.921568632125854492e-01 9.984313845634460449e-01 5.984313488006591797e-01 1.000000000000000000e+00
9.960784316062927246e-01 9.949803948402404785e-01 5.978823304176330566e-01 1.000000000000000000e+00
9.882352948188781738e-01 9.849411845207214355e-01 5.936470627784729004e-01 1.000000000000000000e+00
9.803921580314636230e-01 9.749019742012023926e-01 5.894117355346679688e-01 1.000000000000000000e+00
9.725490212440490723e-01 9.648627638816833496e-01 5.851764678955078125e-01 1.000000000000000000e+00
9.647058844566345215e-01 9.548235535621643066e-01 5.809412002563476562e-01 1.000000000000000000e+00
9.568627476692199707e-01 9.447843432426452637e-01 5.767058730125427246e-01 1.000000000000000000e+00
9.490196108818054199e-01 9.347450733184814453e-01 5.724706053733825684e-01 1.000000000000000000e+00
9.411764740943908691e-01 9.247058629989624023e-01 5.682352781295776367e-01 1.000000000000000000e+00
9.333333373069763184e-01 9.146666526794433594e-01 5.640000104904174805e-01 1.000000000000000000e+00
9.254902005195617676e-01 9.046274423599243164e-01 5.597646832466125488e-01 1.000000000000000000e+00
9.176470637321472168e-01 8.945882320404052734e-01 5.555294156074523926e-01 1.000000000000000000e+00
9.098039269447326660e-01 8.845490217208862305e-01 5.512940883636474609e-01 1.000000000000000000e+00
9.019607901573181152e-01 8.745098114013671875e-01 5.470588207244873047e-01 1.000000000000000000e+00
8.941176533699035645e-01 8.644706010818481445e-01 5.428235530853271484e-01 1.000000000000000000e+00
8.862745165824890137e-01 8.544313907623291016e-01 5.385882258415222168e-01 1.000000000000000000e+00
8.784313797950744629e-01 8.443921804428100586e-01 5.343529582023620605e-01 1.000000000000000000e+00
8.705882430076599121e-01 8.343529701232910156e-01 5.301176309585571289e-01 1.000000000000000000e+00
8.627451062202453613e-01 8.243137001991271973e-01 5.258823633193969727e-01 1.000000000000000000e+00
8.549019694328308105e-01 8.142744898796081543e-01 5.216470360755920410e-01 1.000000000000000000e+00
8.470588326454162598e-01 8.042352795600891113e-01 5.174117684364318848e-01 1.000000000000000000e+00
8.392156958580017090e-01 7.941960692405700684e-01 5.131764411926269531e-01 1.000000000000000000e+00
8.313725590705871582e-01 7.841568589210510254e-01 5.089411735534667969e-01 1.000000000000000000e+00
8.235294222831726074e-01 7.741176486015319824e-01 5.047059059143066406e-01 1.000000000000000000e+00
8.156862854957580566e-01 7.640784382820129395e-01 5.004705786705017090e-01 1.000000000000000000e+00
8.078431487083435059e-01 7.540392279624938965e-01 4.962352812290191650e-01 1.000000000000000000e+00
8.000000119209289551e-01 7.440000176429748535e-01 4.920000135898590088e-01 1.000000000000000000e+00
7.921568751335144043e-01 7.339608073234558105e-01 4.877647161483764648e-01 1.000000000000000000e+00
7.843137383460998535e-01 7.239215970039367676e-01 4.835294187068939209e-01 1.000000000000000000e+00
7.764706015586853027e-01 7.138823270797729492e-01 4.792941212654113770e-01 1.000000000000000000e+00
7.686274647712707520e-01 7.038431167602539062e-01 4.750588238239288330e-01 1.000000000000000000e+00
7.607843279838562012e-01 6.938039064407348633e-01 4.708235263824462891e-01 1.000000000000000000e+00
7.529411911964416504e-01 6.837646961212158203e-01 4.665882289409637451e-01 1.000000000000000000e+00
7.450980544090270996e-01 6.737254858016967773e-01 4.623529314994812012e-01 1.000000000000000000e+00
7.372549176216125488e-01 6.636862754821777344e-01 4.581176340579986572e-01 1.000000000000000000e+00
7.294117808341979980e-01 6.536470651626586914e-01 4.538823664188385010e-01 1.000000000000000000e+00
7.215686440467834473e-01 6.436078548431396484e-01 4.496470689773559570e-01 1.000000000000000000e+00
7.137255072593688965e-01 6.335686445236206055e-01 4.454117715358734131e-01 1.000000000000000000e+00
7.058823704719543457e-01 6.235294342041015625e-01 4.411764740943908691e-01 1.000000000000000000e+00
6.980392336845397949e-01 6.134902238845825195e-01 4.369411766529083252e-01 1.000000000000000000e+00
6.901960968971252441e-01 6.034509539604187012e-01 4.327058792114257812e-01 1.000000000000000000e+00
6.823529601097106934e-01 5.934117436408996582e-01 4.284705817699432373e-01 1.000000000000000000e+00
6.745098233222961426e-01 5.833725333213806152e-01 4.242352843284606934e-01 1.000000000000000000e+00
6.666666865348815918e-01 5.733333230018615723e-01 4.199999868869781494e-01 1.000000000000000000e+00
6.588235497474670410e-01 5.632941126823425293e-01 4.157647192478179932e-01 1.000000000000000000e+00
6.509804129600524902e-01 5.532549023628234863e-01 4.115294218063354492e-01 1.000000000000000000e+00
6.431372761726379395e-01 5.432156920433044434e-01 4.072941243648529053e-01 1.000000000000000000e+00
6.352941393852233887e-01 5.331764817237854004e-01 4.030588269233703613e-01 1.000000000000000000e+00
6.274510025978088379e-01 5.231372714042663574e-01 3.988235294818878174e-01 1.000000000000000000e+00
6.196078658103942871e-01 5.130980610847473145e-01 3.945882320404052734e-01 1.000000000000000000e+00
6.117647290229797363e-01 5.030588507652282715e-01 3.903529345989227295e-01 1.000000000000000000e+00
6.039215922355651855e-01 4.930196106433868408e-01 3.861176371574401855e-01 1.000000000000000000e+00
5.960784554481506348e-01 4.829804003238677979e-01 3.818823397159576416e-01 1.000000000000000000e+00
5.882353186607360840e-01 4.729411900043487549e-01 3.776470720767974854e-01 1.000000000000000000e+00
5.803921818733215332e-01 4.629019498825073242e-01 3.734117746353149414e-01 1.000000000000000000e+00
5.725490450859069824e-01 4.528627395629882812e-01 3.691764771938323975e-01 1.000000000000000000e+00
5.647059082984924316e-01 4.428235292434692383e-01 3.649411797523498535e-01 1.000000000000000000e+00
5.568627715110778809e-01 4.327843189239501953e-01 3.607058823108673096e-01 1.000000000000000000e+00
5.490196347236633301e-01 4.227451086044311523e-01 3.564705848693847656e-01 1.000000000000000000e+00
5.411764979362487793e-01 4.127058684825897217e-01 3.522352874279022217e-01 1.000000000000000000e+00
5.333333611488342285e-01 4.026666581630706787e-01 3.479999899864196777e-01 1.000000000000000000e+00
5.254902243614196777e-01 3.926274478435516357e-01 3.437646925449371338e-01 1.000000000000000000e+00
5.176470875740051270e-01 3.825882375240325928e-01 3.395294249057769775e-01 1.000000000000000000e+00
5.098039507865905762e-01 3.725490272045135498e-01 3.352941274642944336e-01 1.000000000000000000e+00
5.019608139991760254e-01 3.625098168849945068e-01 3.310588300228118896e-01 1.000000000000000000e+00
5.058823823928833008e-01 3.675294220447540283e-01 3.378823399543762207e-01 1.000000000000000000e+00
5.137255191802978516e-01 3.775686323642730713e-01 3.483921587467193604e-01 1.000000000000000000e+00
5.215686559677124023e-01 3.876078426837921143e-01 3.589019477367401123e-01 1.000000000000000000e+00
5.294117927551269531e-01 3.976470530033111572e-01 3.694117665290832520e-01 1.000000000000000000e+00
5.372549295425415039e-01 4.076862633228302002e-01 3.799215555191040039e-01 1.000000000000000000e+00
5.450980663299560547e-01 4.177255034446716309e-01 3.904313743114471436e-01 1.000000000000000000e+00
5.529412031173706055e-01 4.277647137641906738e-01 4.009411633014678955e-01 1.000000000000000000e+00
5.607843399047851562e-01 4.378039240837097168e-01 4.114509820938110352e-01 1.000000000000000000e+00
5.686274766921997070e-01 4.478431344032287598e-01 4.219607710838317871e-01 1.000000000000000000e+00
5.764706134796142578e-01 4.578823447227478027e-01 4.324705898761749268e-01 1.000000000000000000e+00
5.843137502670288086e-01 4.679215550422668457e-01 4.429803788661956787e-01 1.000000000000000000e+00
5.921568870544433594e-01 4.779607951641082764e-01 4.534901976585388184e-01 1.000000000000000000e+00
6.000000238418579102e-01 4.880000054836273193e-01 4.639999866485595703e-01 1.000000000000000000e+00
6.078431606292724609e-01 4.980392158031463623e-01 4.745098054409027100e-01 1.000000000000000000e+00
6.156862974166870117e-01 5.080784559249877930e-01 4.850195944309234619e-01 1.000000000000000000e+00
6.235294342041015625e-01 5.181176662445068359e-01 4.955294132232666016e-01 1.000000000000000000e+00
6.313725709915161133e-01 5.281568765640258789e-01 5.060392022132873535e-01 1.000000000000000000e+00
6.392157077789306641e-01 5.381960868835449219e-01 5.165489912033081055e-01 1.000000000000000000e+00
6.470588445663452148e-01 5.482352972030639648e-01 5.270588397979736328e-01 1.000000000000000000e+00
6.549019813537597656e-01 5.582745075225830078e-01 5.375686287879943848e-01 1.000000000000000000e+00
6.627451181411743164e-01 5.683137178421020508e-01 5.480784177780151367e-01 1.000000000000000000e+00
6.705882549285888672e-01 5.783529281616210938e-01 5.585882067680358887e-01 1.000000000000000000e+00
6.784313917160034180e-01 5.883921384811401367e-01 5.690980553627014160e-01 1.000000000000000000e+00
6.862745285034179688e-01 5.984313488006591797e-01 5.796078443527221680e-01 1.000000000000000000e+00
6.941176652908325195e-01 6.084705591201782227e-01 5.901176333427429199e-01 1.000000000000000000e+00
7.019608020782470703e-01 6.185098290443420410e-01 6.006274223327636719e-01 1.000000000000000000e+00
7.098039388656616211e-01 6.285490393638610840e-01 6.111372709274291992e-01 1.000000000000000000e+00
7.176470756530761719e-01 6.385882496833801270e-01 6.216470599174499512e-01 1.000000000000000000e+00
7.254902124404907227e-01 6.486274600028991699e-01 6.321568489074707031e-01 1.000000000000000000e+00
7.333333492279052734e-01 6.586666703224182129e-01 6.426666378974914551e-01 1.000000000000000000e+00
7.411764860153198242e-01 6.687058806419372559e-01 6.531764864921569824e-01 1.000000000000000000e+00
7.490196228027343750e-01 6.787450909614562988e-01 6.636862754821777344e-01 1.000000000000000000e+00
7.568627595901489258e-01 6.887843012809753418e-01 6.741960644721984863e-01 1.000000000000000000e+00
7.647058963775634766e-01 6.988235116004943848e-01 6.847058534622192383e-01 1.000000000000000000e+00
7.725490331649780273e-01 7.088627219200134277e-01 6.952157020568847656e-01 1.000000000000000000e+00
7.803921699523925781e-01 7.189019322395324707e-01 7.057254910469055176e-01 1.000000000000000000e+00
7.882353067398071289e-01 7.289412021636962891e-01 7.162352800369262695e-01 1.000000000000000000e+00
7.960784435272216797e-01 7.389804124832153320e-01 7.267450690269470215e-01 1.000000000000000000e+00
8.039215803146362305e-01 7.490196228027343750e-01 7.372549176216125488e-01 1.000000000000000000e+00
8.117647171020507812e-01 7.590588331222534180e-01 7.477647066116333008e-01 1.000000000000000000e+00
8.196078538894653320e-01 7.690980434417724609e-01 7.582744956016540527e-01 1.000000000000000000e+00
8.274509906768798828e-01 7.791372537612915039e-01 7.687842845916748047e-01 1.000000000000000000e+00
8.352941274642944336e-01 7.891764640808105469e-01 7.792941331863403320e-01 1.000000000000000000e+00
8.431372642517089844e-01 7.992156744003295898e-01 7.898039221763610840e-01 1.000000000000000000e+00
8.509804010391235352e-01 8.092548847198486328e-01 8.003137111663818359e-01 1.000000000000000000e+00
8.588235378265380859e-01 8.192940950393676758e-01 8.108235001564025879e-01 1.000000000000000000e+00
8.666666746139526367e-01 8.293333053588867188e-01 8.213333487510681152e-01 1.000000000000000000e+00
8.745098114013671875e-01 8.393725752830505371e-01 8.318431377410888672e-01 1.000000000000000000e+00
8.823529481887817383e-01 8.494117856025695801e-01 8.423529267311096191e-01 1.000000000000000000e+00
8.901960849761962891e-01 8.594509959220886230e-01 8.528627157211303711e-01 1.000000000000000000e+00
8.980392217636108398e-01 8.694902062416076660e-01 8.633725643157958984e-01 1.000000000000000000e+00
9.058823585510253906e-01 8.795294165611267090e-01 8.738823533058166504e-01 1.000000000000000000e+00
9.137254953384399414e-01 8.895686268806457520e-01 8.843921422958374023e-01 1.000000000000000000e+00
9.215686321258544922e-01 8.996078372001647949e-01 8.949019312858581543e-01 1.000000000000000000e+00
9.294117689132690430e-01 9.096470475196838379e-01 9.054117798805236816e-01 1.000000000000000000e+00
9.372549057006835938e-01 9.196862578392028809e-01 9.159215688705444336e-01 1.000000000000000000e+00
9.450980424880981445e-01 9.297254681587219238e-01 9.264313578605651855e-01 1.000000000000000000e+00
9.529411792755126953e-01 9.397646784782409668e-01 9.369411468505859375e-01 1.000000000000000000e+00
9.607843160629272461e-01 9.498039484024047852e-01 9.474509954452514648e-01 1.000000000000000000e+00
9.686274528503417969e-01 9.598431587219238281e-01 9.579607844352722168e-01 1.000000000000000000e+00
9.764705896377563477e-01 9.698823690414428711e-01 9.684705734252929688e-01 1.000000000000000000e+00
9.843137264251708984e-01 9.799215793609619141e-01 9.789803624153137207e-01 1.000000000000000000e+00
9.921568632125854492e-01 9.899607896804809570e-01 9.894902110099792480e-01 1.000000000000000000e+00
1.000000000000000000e+00 1.000000000000000000e+00 1.000000000000000000e+00 1.000000000000000000e+00
