1.000000000000000000e+00 1.000000000000000000e+00 8.509804010391235352e-01 1.000000000000000000e+00
9.977854490280151367e-01 9.991387724876403809e-01 8.460592031478881836e-01 1.000000000000000000e+00
9.955709576606750488e-01 9.982776045799255371e-01 8.411380052566528320e-01 1.000000000000000000e+00
9.933564066886901855e-01 9.974163770675659180e-01 8.362168669700622559e-01 1.000000000000000000e+00
9.911418557167053223e-01 9.965551495552062988e-01 8.312956690788269043e-01 1.000000000000000000e+00
9.889273643493652344e-01 9.956939816474914551e-01 8.263744711875915527e-01 1.000000000000000000e+00
9.867128133773803711e-01 9.948327541351318359e-01 8.214532732963562012e-01 1.000000000000000000e+00
9.844982624053955078e-01 9.939715266227722168e-01 8.165320754051208496e-01 1.000000000000000000e+00
9.822837114334106445e-01 9.931103587150573730e-01 8.116109371185302734e-01 1.000000000000000000e+00
9.800692200660705566e-01 9.922491312026977539e-01 8.066897392272949219e-01 1.000000000000000000e+00
9.778546690940856934e-01 9.913879036903381348e-01 8.017685413360595703e-01 1.000000000000000000e+00
9.756401181221008301e-01 9.905267357826232910e-01 7.968473434448242188e-01 1.000000000000000000e+00
9.734256267547607422e-01 9.896655082702636719e-01 7.919262051582336426e-01 1.000000000000000000e+00
9.712110757827758789e-01 9.888042807579040527e-01 7.870050072669982910e-01 1.000000000000000000e+00
9.689965248107910156e-01 9.879431128501892090e-01 7.820838093757629395e-01 1.000000000000000000e+00
9.667820334434509277e-01 9.870818853378295898e-01 7.771626114845275879e-01 1.000000000000000000e+00
9.645674824714660645e-01 9.862206578254699707e-01 7.722414731979370117e-01 1.000000000000000000e+00
9.623529314994812012e-01 9.853594899177551270e-01 7.673202753067016602e-01 1.000000000000000000e+00
9.601383805274963379e-01 9.844982624053955078e-01 7.623990774154663086e-01 1.000000000000000000e+00
9.579238891601562500e-01 9.836370348930358887e-01 7.574778795242309570e-01 1.000000000000000000e+00
9.557093381881713867e-01 9.827758669853210449e-01 7.525566816329956055e-01 1.000000000000000000e+00
9.534947872161865234e-01 9.819146394729614258e-01 7.476355433464050293e-01 1.000000000000000000e+00
9.512802958488464355e-01 9.810534119606018066e-01 7.427143454551696777e-01 1.000000000000000000e+00
9.490657448768615723e-01 9.801922440528869629e-01 7.377931475639343262e-01 1.000000000000000000e+00
9.468511939048767090e-01 9.793310165405273438e-01 7.328719496726989746e-01 1.000000000000000000e+00
9.446367025375366211e-01 9.784698486328125000e-01 7.279508113861083984e-01 1.000000000000000000e+00
9.424221515655517578e-01 9.776086211204528809e-01 7.230296134948730469e-01 1.000000000000000000e+00
9.402076005935668945e-01 9.767473936080932617e-01 7.181084156036376953e-01 1.000000000000000000e+00
9.379931092262268066e-01 9.758862257003784180e-01 7.131872177124023438e-01 1.000000000000000000e+00
9.357785582542419434e-01 9.750249981880187988e-01 7.082660794258117676e-01 1.000000000000000000e+00
9.335640072822570801e-01 9.741637706756591797e-01 7.033448815345764160e-01 1.000000000000000000e+00
9.313494563102722168e-01 9.733026027679443359e-01 6.984236836433410645e-01 1.000000000000000000e+00
9.288273453712463379e-01 9.723183512687683105e-01 6.941637992858886719e-01 1.000000000000000000e+00
9.241522550582885742e-01 9.704728722572326660e-01 6.945328712463378906e-01 1.000000000000000000e+00
9.194771051406860352e-01 9.686274528503417969e-01 6.949019432067871094e-01 1.000000000000000000e+00
9.148020148277282715e-01 9.667820334434509277e-01 6.952710747718811035e-01 1.000000000000000000e+00
9.101268649101257324e-01 9.649365544319152832e-01 6.956401467323303223e-01 1.000000000000000000e+00
9.054517745971679688e-01 9.630911350250244141e-01 6.960092186927795410e-01 1.000000000000000000e+00
9.007766246795654297e-01 9.612456560134887695e-01 6.963782906532287598e-01 1.000000000000000000e+00
8.961014747619628906e-01 9.594002366065979004e-01 6.967474222183227539e-01 1.000000000000000000e+00
8.914263844490051270e-01 9.575547575950622559e-01 6.971164941787719727e-01 1.000000000000000000e+00
8.867512345314025879e-01 9.557093381881713867e-01 6.974855661392211914e-01 1.000000000000000000e+00
8.820761442184448242e-01 9.538639187812805176e-01 6.978546977043151855e-01 1.000000000000000000e+00
8.774009943008422852e-01 9.520184397697448730e-01 6.982237696647644043e-01 1.000000000000000000e+00
8.727259039878845215e-01 9.501730203628540039e-01 6.985928416252136230e-01 1.000000000000000000e+00
8.680507540702819824e-01 9.483275413513183594e-01 6.989619135856628418e-01 1.000000000000000000e+00
8.633756041526794434e-01 9.464821219444274902e-01 6.993310451507568359e-01 1.000000000000000000e+00
8.587005138397216797e-01 9.446367025375366211e-01 6.997001171112060547e-01 1.000000000000000000e+00
8.540253639221191406e-01 9.427912235260009766e-01 7.000691890716552734e-01 1.000000000000000000e+00
8.493502736091613770e-01 9.409458041191101074e-01 7.004383206367492676e-01 1.000000000000000000e+00
8.446751236915588379e-01 9.391003251075744629e-01 7.008073925971984863e-01 1.000000000000000000e+00
8.399999737739562988e-01 9.372549057006835938e-01 7.011764645576477051e-01 1.000000000000000000e+00
8.353248834609985352e-01 9.354094862937927246e-01 7.015455365180969238e-01 1.000000000000000000e+00
8.306497335433959961e-01 9.335640072822570801e-01 7.019146680831909180e-01 1.000000000000000000e+00
8.259746432304382324e-01 9.317185878753662109e-01 7.022837400436401367e-01 1.000000000000000000e+00
8.212994933128356934e-01 9.298731088638305664e-01 7.026528120040893555e-01 1.000000000000000000e+00
8.166244029998779297e-01 9.280276894569396973e-01 7.030219435691833496e-01 1.000000000000000000e+00
8.119492530822753906e-01 9.261822104454040527e-01 7.033910155296325684e-01 1.000000000000000000e+00
8.072741031646728516e-01 9.243367910385131836e-01 7.037600874900817871e-01 1.000000000000000000e+00
8.025990128517150879e-01 9.224913716316223145e-01 7.041291594505310059e-01 1.000000000000000000e+00
7.979238629341125488e-01 9.206458926200866699e-01 7.044982910156250000e-01 1.000000000000000000e+00
7.932487726211547852e-01 9.188004732131958008e-01 7.048673629760742188e-01 1.000000000000000000e+00
7.885736227035522461e-01 9.169549942016601562e-01 7.052364349365234375e-01 1.000000000000000000e+00
7.838984727859497070e-01 9.151095747947692871e-01 7.056055068969726562e-01 1.000000000000000000e+00
7.781776189804077148e-01 9.128642678260803223e-01 7.060976624488830566e-01 1.000000000000000000e+00
7.693194746971130371e-01 9.094194769859313965e-01 7.069588899612426758e-01 1.000000000000000000e+00
7.604613900184631348e-01 9.059746265411376953e-01 7.078200578689575195e-01 1.000000000000000000e+00
7.516032457351684570e-01 9.025297760963439941e-01 7.086812853813171387e-01 1.000000000000000000e+00
7.427451014518737793e-01 8.990849852561950684e-01 7.095425128936767578e-01 1.000000000000000000e+00
7.338869571685791016e-01 8.956401348114013672e-01 7.104036808013916016e-01 1.000000000000000000e+00
7.250288128852844238e-01 8.921952843666076660e-01 7.112649083137512207e-01 1.000000000000000000e+00
7.161707282066345215e-01 8.887504935264587402e-01 7.121260762214660645e-01 1.000000000000000000e+00
7.073125839233398438e-01 8.853056430816650391e-01 7.129873037338256836e-01 1.000000000000000000e+00
6.984544396400451660e-01 8.818608522415161133e-01 7.138485312461853027e-01 1.000000000000000000e+00
6.895962953567504883e-01 8.784160017967224121e-01 7.147096991539001465e-01 1.000000000000000000e+00
6.807381510734558105e-01 8.749711513519287109e-01 7.155709266662597656e-01 1.000000000000000000e+00
6.718800663948059082e-01 8.715263605117797852e-01 7.164321541786193848e-01 1.000000000000000000e+00
6.630219221115112305e-01 8.680815100669860840e-01 7.172933220863342285e-01 1.000000000000000000e+00
6.541637778282165527e-01 8.646366596221923828e-01 7.181545495986938477e-01 1.000000000000000000e+00
6.453056335449218750e-01 8.611918687820434570e-01 7.190157771110534668e-01 1.000000000000000000e+00
6.364475488662719727e-01 8.577470183372497559e-01 7.198769450187683105e-01 1.000000000000000000e+00
6.275894045829772949e-01 8.543021678924560547e-01 7.207381725311279297e-01 1.000000000000000000e+00
6.187312602996826172e-01 8.508573770523071289e-01 7.215994000434875488e-01 1.000000000000000000e+00
6.098731160163879395e-01 8.474125266075134277e-01 7.224605679512023926e-01 1.000000000000000000e+00
6.010149717330932617e-01 8.439676761627197266e-01 7.233217954635620117e-01 1.000000000000000000e+00
5.921568870544433594e-01 8.405228853225708008e-01 7.241830229759216309e-01 1.000000000000000000e+00
5.832987427711486816e-01 8.370780348777770996e-01 7.250441908836364746e-01 1.000000000000000000e+00
5.744405984878540039e-01 8.336332440376281738e-01 7.259054183959960938e-01 1.000000000000000000e+00
5.655824542045593262e-01 8.301883935928344727e-01 7.267666459083557129e-01 1.000000000000000000e+00
5.567243099212646484e-01 8.267435431480407715e-01 7.276278138160705566e-01 1.000000000000000000e+00
5.478662252426147461e-01 8.232987523078918457e-01 7.284890413284301758e-01 1.000000000000000000e+00
5.390080809593200684e-01 8.198539018630981445e-01 7.293502688407897949e-01 1.000000000000000000e+00
5.301499366760253906e-01 8.164090514183044434e-01 7.302114367485046387e-01 1.000000000000000000e+00
5.212917923927307129e-01 8.129642605781555176e-01 7.310726642608642578e-01 1.000000000000000000e+00
5.124337077140808105e-01 8.095194101333618164e-01 7.319338917732238770e-01 1.000000000000000000e+00
5.035755634307861328e-01 8.060745596885681152e-01 7.327950596809387207e-01 1.000000000000000000e+00
4.951787889003753662e-01 8.028604388236999512e-01 7.337485551834106445e-01 1.000000000000000000e+00
4.875509440898895264e-01 8.000307679176330566e-01 7.348558306694030762e-01 1.000000000000000000e+00
4.799230992794036865e-01 7.972010970115661621e-01 7.359631061553955078e-01 1.000000000000000000e+00
4.722952842712402344e-01 7.943713665008544922e-01 7.370703816413879395e-01 1.000000000000000000e+00
4.646674394607543945e-01 7.915416955947875977e-01 7.381775975227355957e-01 1.000000000000000000e+00
4.570395946502685547e-01 7.887120246887207031e-01 7.392848730087280273e-01 1.000000000000000000e+00
4.494117498397827148e-01 7.858823537826538086e-01 7.403921484947204590e-01 1.000000000000000000e+00
4.417839348316192627e-01 7.830526828765869141e-01 7.414994239807128906e-01 1.000000000000000000e+00
4.341560900211334229e-01 7.802230119705200195e-01 7.426066994667053223e-01 1.000000000000000000e+00
4.265282452106475830e-01 7.773932814598083496e-01 7.437139749526977539e-01 1.000000000000000000e+00
4.189004302024841309e-01 7.745636105537414551e-01 7.448212504386901855e-01 1.000000000000000000e+00
4.112725853919982910e-01 7.717339396476745605e-01 7.459284663200378418e-01 1.000000000000000000e+00
4.036447405815124512e-01 7.689042687416076660e-01 7.470357418060302734e-01 1.000000000000000000e+00
3.960169255733489990e-01 7.660745978355407715e-01 7.481430172920227051e-01 1.000000000000000000e+00
3.883890807628631592e-01 7.632449269294738770e-01 7.492502927780151367e-01 1.000000000000000000e+00
3.807612359523773193e-01 7.604151964187622070e-01 7.503575682640075684e-01 1.000000000000000000e+00
3.731334209442138672e-01 7.575855255126953125e-01 7.514648437500000000e-01 1.000000000000000000e+00
3.655055761337280273e-01 7.547558546066284180e-01 7.525720596313476562e-01 1.000000000000000000e+00
3.578777313232421875e-01 7.519261837005615234e-01 7.536793351173400879e-01 1.000000000000000000e+00
3.502499163150787354e-01 7.490965127944946289e-01 7.547866106033325195e-01 1.000000000000000000e+00
3.426220715045928955e-01 7.462668418884277344e-01 7.558938860893249512e-01 1.000000000000000000e+00
3.349942266941070557e-01 7.434371113777160645e-01 7.570011615753173828e-01 1.000000000000000000e+00
3.273664116859436035e-01 7.406074404716491699e-01 7.581084370613098145e-01 1.000000000000000000e+00
3.197385668754577637e-01 7.377777695655822754e-01 7.592157125473022461e-01 1.000000000000000000e+00
3.121107220649719238e-01 7.349480986595153809e-01 7.603229284286499023e-01 1.000000000000000000e+00
3.044828772544860840e-01 7.321184277534484863e-01 7.614302039146423340e-01 1.000000000000000000e+00
2.968550622463226318e-01 7.292887568473815918e-01 7.625374794006347656e-01 1.000000000000000000e+00
2.892272174358367920e-01 7.264590263366699219e-01 7.636447548866271973e-01 1.000000000000000000e+00
2.815993726253509521e-01 7.236293554306030273e-01 7.647520303726196289e-01 1.000000000000000000e+00
2.739715576171875000e-01 7.207996845245361328e-01 7.658593058586120605e-01 1.000000000000000000e+00
2.663437128067016602e-01 7.179700136184692383e-01 7.669665217399597168e-01 1.000000000000000000e+00
2.587158679962158203e-01 7.151403427124023438e-01 7.680737972259521484e-01 1.000000000000000000e+00
2.526874244213104248e-01 7.114494442939758301e-01 7.683814167976379395e-01 1.000000000000000000e+00
2.482583671808242798e-01 7.068973183631896973e-01 7.678892612457275391e-01 1.000000000000000000e+00
2.438292950391769409e-01 7.023452520370483398e-01 7.673971652984619141e-01 1.000000000000000000e+00
2.394002377986907959e-01 6.977931857109069824e-01 7.669050097465515137e-01 1.000000000000000000e+00
2.349711656570434570e-01 6.932410597801208496e-01 7.664129137992858887e-01 1.000000000000000000e+00
2.305420935153961182e-01 6.886889934539794922e-01 7.659208178520202637e-01 1.000000000000000000e+00
2.261130362749099731e-01 6.841368675231933594e-01 7.654286623001098633e-01 1.000000000000000000e+00
2.216839641332626343e-01 6.795848011970520020e-01 7.649365663528442383e-01 1.000000000000000000e+00
2.172549068927764893e-01 6.750326752662658691e-01 7.644444704055786133e-01 1.000000000000000000e+00
2.128258347511291504e-01 6.704806089401245117e-01 7.639523148536682129e-01 1.000000000000000000e+00
2.083967775106430054e-01 6.659284830093383789e-01 7.634602189064025879e-01 1.000000000000000000e+00
2.039677053689956665e-01 6.613764166831970215e-01 7.629680633544921875e-01 1.000000000000000000e+00
1.995386332273483276e-01 6.568242907524108887e-01 7.624759674072265625e-01 1.000000000000000000e+00
1.951095759868621826e-01 6.522722244262695312e-01 7.619838714599609375e-01 1.000000000000000000e+00
1.906805038452148438e-01 6.477200984954833984e-01 7.614917159080505371e-01 1.000000000000000000e+00
1.862514466047286987e-01 6.431680321693420410e-01 7.609996199607849121e-01 1.000000000000000000e+00
1.818223744630813599e-01 6.386159062385559082e-01 7.605075240135192871e-01 1.000000000000000000e+00
1.773933172225952148e-01 6.340638399124145508e-01 7.600153684616088867e-01 1.000000000000000000e+00
1.729642450809478760e-01 6.295117139816284180e-01 7.595232725143432617e-01 1.000000000000000000e+00
1.685351729393005371e-01 6.249596476554870605e-01 7.590311169624328613e-01 1.000000000000000000e+00
1.641061156988143921e-01 6.204075217247009277e-01 7.585390210151672363e-01 1.000000000000000000e+00
1.596770435571670532e-01 6.158554553985595703e-01 7.580469250679016113e-01 1.000000000000000000e+00
1.552479863166809082e-01 6.113033294677734375e-01 7.575547695159912109e-01 1.000000000000000000e+00
1.508189141750335693e-01 6.067512631416320801e-01 7.570626735687255859e-01 1.000000000000000000e+00
1.463898569345474243e-01 6.021991372108459473e-01 7.565705776214599609e-01 1.000000000000000000e+00
1.419607847929000854e-01 5.976470708847045898e-01 7.560784220695495605e-01 1.000000000000000000e+00
1.375317126512527466e-01 5.930949449539184570e-01 7.555863261222839355e-01 1.000000000000000000e+00
1.331026554107666016e-01 5.885428786277770996e-01 7.550941705703735352e-01 1.000000000000000000e+00
1.286735832691192627e-01 5.839907526969909668e-01 7.546020746231079102e-01 1.000000000000000000e+00
1.242445185780525208e-01 5.794386863708496094e-01 7.541099786758422852e-01 1.000000000000000000e+00
1.198154538869857788e-01 5.748865604400634766e-01 7.536178231239318848e-01 1.000000000000000000e+00
1.153863891959190369e-01 5.703344941139221191e-01 7.531257271766662598e-01 1.000000000000000000e+00
1.141099557280540466e-01 5.647059082984924316e-01 7.510957121849060059e-01 1.000000000000000000e+00
1.147251054644584656e-01 5.584313869476318359e-01 7.481430172920227051e-01 1.000000000000000000e+00
1.153402552008628845e-01 5.521568655967712402e-01 7.451903223991394043e-01 1.000000000000000000e+00
1.159554049372673035e-01 5.458823442459106445e-01 7.422376275062561035e-01 1.000000000000000000e+00
1.165705472230911255e-01 5.396078228950500488e-01 7.392848730087280273e-01 1.000000000000000000e+00
1.171856969594955444e-01 5.333333611488342285e-01 7.363321781158447266e-01 1.000000000000000000e+00
1.178008466958999634e-01 5.270588397979736328e-01 7.333794832229614258e-01 1.000000000000000000e+00
1.184159964323043823e-01 5.207843184471130371e-01 7.304267883300781250e-01 1.000000000000000000e+00
1.190311387181282043e-01 5.145097970962524414e-01 7.274740338325500488e-01 1.000000000000000000e+00
1.196462884545326233e-01 5.082352757453918457e-01 7.245213389396667480e-01 1.000000000000000000e+00
1.202614381909370422e-01 5.019608139991760254e-01 7.215686440467834473e-01 1.000000000000000000e+00
1.208765879273414612e-01 4.956862628459930420e-01 7.186158895492553711e-01 1.000000000000000000e+00
1.214917376637458801e-01 4.894117712974548340e-01 7.156631946563720703e-01 1.000000000000000000e+00
1.221068799495697021e-01 4.831372499465942383e-01 7.127104997634887695e-01 1.000000000000000000e+00
1.227220296859741211e-01 4.768627583980560303e-01 7.097578048706054688e-01 1.000000000000000000e+00
1.233371794223785400e-01 4.705882370471954346e-01 7.068050503730773926e-01 1.000000000000000000e+00
1.239523291587829590e-01 4.643137156963348389e-01 7.038523554801940918e-01 1.000000000000000000e+00
1.245674714446067810e-01 4.580392241477966309e-01 7.008996605873107910e-01 1.000000000000000000e+00
1.251826286315917969e-01 4.517647027969360352e-01 6.979469656944274902e-01 1.000000000000000000e+00
1.257977634668350220e-01 4.454901814460754395e-01 6.949942111968994141e-01 1.000000000000000000e+00
1.264129132032394409e-01 4.392156898975372314e-01 6.920415163040161133e-01 1.000000000000000000e+00
1.270280629396438599e-01 4.329411685466766357e-01 6.890888214111328125e-01 1.000000000000000000e+00
1.276432126760482788e-01 4.266666769981384277e-01 6.861361265182495117e-01 1.000000000000000000e+00
1.282583624124526978e-01 4.203921556472778320e-01 6.831833720207214355e-01 1.000000000000000000e+00
1.288735121488571167e-01 4.141176342964172363e-01 6.802306771278381348e-01 1.000000000000000000e+00
1.294886618852615356e-01 4.078431427478790283e-01 6.772779822349548340e-01 1.000000000000000000e+00
1.301038116216659546e-01 4.015686213970184326e-01 6.743252873420715332e-01 1.000000000000000000e+00
1.307189613580703735e-01 3.952941298484802246e-01 6.713725328445434570e-01 1.000000000000000000e+00
1.313340961933135986e-01 3.890196084976196289e-01 6.684198379516601562e-01 1.000000000000000000e+00
1.319492459297180176e-01 3.827450871467590332e-01 6.654671430587768555e-01 1.000000000000000000e+00
1.325643956661224365e-01 3.764705955982208252e-01 6.625143885612487793e-01 1.000000000000000000e+00
1.331795454025268555e-01 3.701960742473602295e-01 6.595616936683654785e-01 1.000000000000000000e+00
1.336101442575454712e-01 3.647520244121551514e-01 6.569780707359313965e-01 1.000000000000000000e+00
1.339792460203170776e-01 3.595847785472869873e-01 6.545174717903137207e-01 1.000000000000000000e+00
1.343483328819274902e-01 3.544175326824188232e-01 6.520568728446960449e-01 1.000000000000000000e+00
1.347174197435379028e-01 3.492502868175506592e-01 6.495963335037231445e-01 1.000000000000000000e+00
1.350865066051483154e-01 3.440830409526824951e-01 6.471357345581054688e-01 1.000000000000000000e+00
1.354555934667587280e-01 3.389157950878143311e-01 6.446751356124877930e-01 1.000000000000000000e+00
1.358246803283691406e-01 3.337485492229461670e-01 6.422145366668701172e-01 1.000000000000000000e+00
1.361937671899795532e-01 3.285813033580780029e-01 6.397539377212524414e-01 1.000000000000000000e+00
1.365628540515899658e-01 3.234140574932098389e-01 6.372933387756347656e-01 1.000000000000000000e+00
1.369319558143615723e-01 3.182468414306640625e-01 6.348327398300170898e-01 1.000000000000000000e+00
1.373010426759719849e-01 3.130795955657958984e-01 6.323721408843994141e-01 1.000000000000000000e+00
1.376701295375823975e-01 3.079123497009277344e-01 6.299116015434265137e-01 1.000000000000000000e+00
1.380392163991928101e-01 3.027451038360595703e-01 6.274510025978088379e-01 1.000000000000000000e+00
1.384083032608032227e-01 2.975778579711914062e-01 6.249904036521911621e-01 1.000000000000000000e+00
1.387773901224136353e-01 2.924106121063232422e-01 6.225298047065734863e-01 1.000000000000000000e+00
1.391464769840240479e-01 2.872433662414550781e-01 6.200692057609558105e-01 1.000000000000000000e+00
1.395155638456344604e-01 2.820761203765869141e-01 6.176086068153381348e-01 1.000000000000000000e+00
1.398846656084060669e-01 2.769088745117187500e-01 6.151480078697204590e-01 1.000000000000000000e+00
1.402537524700164795e-01 2.717416286468505859e-01 6.126874089241027832e-01 1.000000000000000000e+00
1.406228393316268921e-01 2.665743827819824219e-01 6.102268099784851074e-01 1.000000000000000000e+00
1.409919261932373047e-01 2.614071369171142578e-01 6.077662706375122070e-01 1.000000000000000000e+00
1.413610130548477173e-01 2.562399208545684814e-01 6.053056716918945312e-01 1.000000000000000000e+00
1.417300999164581299e-01 2.510726749897003174e-01 6.028450727462768555e-01 1.000000000000000000e+00
1.420991867780685425e-01 2.459054142236709595e-01 6.003844738006591797e-01 1.000000000000000000e+00
1.424682885408401489e-01 2.407381832599639893e-01 5.979238748550415039e-01 1.000000000000000000e+00
1.428373754024505615e-01 2.355709373950958252e-01 5.954632759094238281e-01 1.000000000000000000e+00
1.432064622640609741e-01 2.304036915302276611e-01 5.930026769638061523e-01 1.000000000000000000e+00
1.435755491256713867e-01 2.252364456653594971e-01 5.905420780181884766e-01 1.000000000000000000e+00
1.439446359872817993e-01 2.200691998004913330e-01 5.880814790725708008e-01 1.000000000000000000e+00
1.443137228488922119e-01 2.149019539356231689e-01 5.856209397315979004e-01 1.000000000000000000e+00
1.446828097105026245e-01 2.097347229719161987e-01 5.831603407859802246e-01 1.000000000000000000e+00
1.450518965721130371e-01 2.045674771070480347e-01 5.806997418403625488e-01 1.000000000000000000e+00
1.419761627912521362e-01 2.014455944299697876e-01 5.739331245422363281e-01 1.000000000000000000e+00
1.384083032608032227e-01 1.986159235239028931e-01 5.665513277053833008e-01 1.000000000000000000e+00
1.348404437303543091e-01 1.957862377166748047e-01 5.591695308685302734e-01 1.000000000000000000e+00
1.312725841999053955e-01 1.929565519094467163e-01 5.517877936363220215e-01 1.000000000000000000e+00
1.277047246694564819e-01 1.901268810033798218e-01 5.444059967994689941e-01 1.000000000000000000e+00
1.241368725895881653e-01 1.872971951961517334e-01 5.370241999626159668e-01 1.000000000000000000e+00
1.205690130591392517e-01 1.844675093889236450e-01 5.296424627304077148e-01 1.000000000000000000e+00
1.170011535286903381e-01 1.816378384828567505e-01 5.222606658935546875e-01 1.000000000000000000e+00
1.134332939982414246e-01 1.788081526756286621e-01 5.148788690567016602e-01 1.000000000000000000e+00
1.098654344677925110e-01 1.759784668684005737e-01 5.074971318244934082e-01 1.000000000000000000e+00
1.062975749373435974e-01 1.731487959623336792e-01 5.001153349876403809e-01 1.000000000000000000e+00
1.027297228574752808e-01 1.703191101551055908e-01 4.927335679531097412e-01 1.000000000000000000e+00
9.916186332702636719e-02 1.674894243478775024e-01 4.853518009185791016e-01 1.000000000000000000e+00
9.559400379657745361e-02 1.646597534418106079e-01 4.779700040817260742e-01 1.000000000000000000e+00
9.202614426612854004e-02 1.618300676345825195e-01 4.705882370471954346e-01 1.000000000000000000e+00
8.845828473567962646e-02 1.590003818273544312e-01 4.632064700126647949e-01 1.000000000000000000e+00
8.489042520523071289e-02 1.561707109212875366e-01 4.558246731758117676e-01 1.000000000000000000e+00
8.132256567478179932e-02 1.533410251140594482e-01 4.484429061412811279e-01 1.000000000000000000e+00
7.775470614433288574e-02 1.505113393068313599e-01 4.410611391067504883e-01 1.000000000000000000e+00
7.418685406446456909e-02 1.476816534996032715e-01 4.336793422698974609e-01 1.000000000000000000e+00
7.061899453401565552e-02 1.448519825935363770e-01 4.262975752353668213e-01 1.000000000000000000e+00
6.705113500356674194e-02 1.420222967863082886e-01 4.189158082008361816e-01 1.000000000000000000e+00
6.348327547311782837e-02 1.391926109790802002e-01 4.115340113639831543e-01 1.000000000000000000e+00
5.991541594266891479e-02 1.363629400730133057e-01 4.041522443294525146e-01 1.000000000000000000e+00
5.634756013751029968e-02 1.335332542657852173e-01 3.967704772949218750e-01 1.000000000000000000e+00
5.277970060706138611e-02 1.307035684585571289e-01 3.893887102603912354e-01 1.000000000000000000e+00
4.921184107661247253e-02 1.278738975524902344e-01 3.820069134235382080e-01 1.000000000000000000e+00
4.564398154616355896e-02 1.250442117452621460e-01 3.746251463890075684e-01 1.000000000000000000e+00
4.207612574100494385e-02 1.222145333886146545e-01 3.672433793544769287e-01 1.000000000000000000e+00
3.850826621055603027e-02 1.193848550319671631e-01 3.598615825176239014e-01 1.000000000000000000e+00
3.494040668010711670e-02 1.165551692247390747e-01 3.524798154830932617e-01 1.000000000000000000e+00
3.137255087494850159e-02 1.137254908680915833e-01 3.450980484485626221e-01 1.000000000000000000e+00
