1.000000000000000000e+00 1.000000000000000000e+00 8.980392217636108398e-01 1.000000000000000000e+00
9.990157485008239746e-01 9.996309280395507812e-01 8.926259279251098633e-01 1.000000000000000000e+00
9.980314970016479492e-01 9.992617964744567871e-01 8.872126340866088867e-01 1.000000000000000000e+00
9.970473051071166992e-01 9.988927245140075684e-01 8.817992806434631348e-01 1.000000000000000000e+00
9.960630536079406738e-01 9.985236525535583496e-01 8.763859868049621582e-01 1.000000000000000000e+00
9.950788021087646484e-01 9.981545805931091309e-01 8.709726929664611816e-01 1.000000000000000000e+00
9.940945506095886230e-01 9.977854490280151367e-01 8.655593991279602051e-01 1.000000000000000000e+00
9.931103587150573730e-01 9.974163770675659180e-01 8.601461052894592285e-01 1.000000000000000000e+00
9.921261072158813477e-01 9.970473051071166992e-01 8.547328114509582520e-01 1.000000000000000000e+00
9.911418557167053223e-01 9.966781735420227051e-01 8.493195176124572754e-01 1.000000000000000000e+00
9.901576042175292969e-01 9.963091015815734863e-01 8.439061641693115234e-01 1.000000000000000000e+00
9.891734123229980469e-01 9.959400296211242676e-01 8.384928703308105469e-01 1.000000000000000000e+00
9.881891608238220215e-01 9.955709576606750488e-01 8.330795764923095703e-01 1.000000000000000000e+00
9.872049093246459961e-01 9.952018260955810547e-01 8.276662826538085938e-01 1.000000000000000000e+00
9.862206578254699707e-01 9.948327541351318359e-01 8.222529888153076172e-01 1.000000000000000000e+00
9.852364659309387207e-01 9.944636821746826172e-01 8.168396949768066406e-01 1.000000000000000000e+00
9.842522144317626953e-01 9.940945506095886230e-01 8.114264011383056641e-01 1.000000000000000000e+00
9.832679629325866699e-01 9.937254786491394043e-01 8.060130476951599121e-01 1.000000000000000000e+00
9.822837114334106445e-01 9.933564066886901855e-01 8.005997538566589355e-01 1.000000000000000000e+00
9.812995195388793945e-01 9.929873347282409668e-01 7.951864600181579590e-01 1.000000000000000000e+00
9.803152680397033691e-01 9.926182031631469727e-01 7.897731661796569824e-01 1.000000000000000000e+00
9.793310165405273438e-01 9.922491312026977539e-01 7.843598723411560059e-01 1.000000000000000000e+00
9.783467650413513184e-01 9.918800592422485352e-01 7.789465785026550293e-01 1.000000000000000000e+00
9.773625731468200684e-01 9.915109276771545410e-01 7.735332846641540527e-01 1.000000000000000000e+00
9.763783216476440430e-01 9.911418557167053223e-01 7.681199312210083008e-01 1.000000000000000000e+00
9.753940701484680176e-01 9.907727837562561035e-01 7.627066373825073242e-01 1.000000000000000000e+00
9.744098186492919922e-01 9.904037117958068848e-01 7.572933435440063477e-01 1.000000000000000000e+00
9.734256267547607422e-01 9.900345802307128906e-01 7.518800497055053711e-01 1.000000000000000000e+00
9.724413752555847168e-01 9.896655082702636719e-01 7.464667558670043945e-01 1.000000000000000000e+00
9.714571237564086914e-01 9.892964363098144531e-01 7.410534620285034180e-01 1.000000000000000000e+00
9.704728722572326660e-01 9.889273643493652344e-01 7.356401681900024414e-01 1.000000000000000000e+00
9.694886803627014160e-01 9.885582327842712402e-01 7.302268147468566895e-01 1.000000000000000000e+00
9.681661128997802734e-01 9.880507588386535645e-01 7.251518368721008301e-01 1.000000000000000000e+00
9.644752144813537598e-01 9.865744113922119141e-01 7.224451899528503418e-01 1.000000000000000000e+00
9.607843160629272461e-01 9.850980639457702637e-01 7.197385430335998535e-01 1.000000000000000000e+00
9.570934176445007324e-01 9.836216568946838379e-01 7.170318961143493652e-01 1.000000000000000000e+00
9.534025192260742188e-01 9.821453094482421875e-01 7.143252491950988770e-01 1.000000000000000000e+00
9.497116208076477051e-01 9.806689620018005371e-01 7.116186022758483887e-01 1.000000000000000000e+00
9.460207819938659668e-01 9.791926145553588867e-01 7.089119553565979004e-01 1.000000000000000000e+00
9.423298835754394531e-01 9.777162671089172363e-01 7.062053084373474121e-01 1.000000000000000000e+00
9.386389851570129395e-01 9.762399196624755859e-01 7.034986615180969238e-01 1.000000000000000000e+00
9.349480867385864258e-01 9.747635722160339355e-01 7.007920145988464355e-01 1.000000000000000000e+00
9.312571883201599121e-01 9.732872247695922852e-01 6.980853676795959473e-01 1.000000000000000000e+00
9.275663495063781738e-01 9.718108177185058594e-01 6.953787207603454590e-01 1.000000000000000000e+00
9.238754510879516602e-01 9.703344702720642090e-01 6.926720738410949707e-01 1.000000000000000000e+00
9.201845526695251465e-01 9.688581228256225586e-01 6.899654269218444824e-01 1.000000000000000000e+00
9.164936542510986328e-01 9.673817753791809082e-01 6.872587203979492188e-01 1.000000000000000000e+00
9.128027558326721191e-01 9.659054279327392578e-01 6.845520734786987305e-01 1.000000000000000000e+00
9.091118574142456055e-01 9.644290804862976074e-01 6.818454265594482422e-01 1.000000000000000000e+00
9.054210186004638672e-01 9.629527330398559570e-01 6.791387796401977539e-01 1.000000000000000000e+00
9.017301201820373535e-01 9.614763259887695312e-01 6.764321327209472656e-01 1.000000000000000000e+00
8.980392217636108398e-01 9.599999785423278809e-01 6.737254858016967773e-01 1.000000000000000000e+00
8.943483233451843262e-01 9.585236310958862305e-01 6.710188388824462891e-01 1.000000000000000000e+00
8.906574249267578125e-01 9.570472836494445801e-01 6.683121919631958008e-01 1.000000000000000000e+00
8.869665265083312988e-01 9.555709362030029297e-01 6.656055450439453125e-01 1.000000000000000000e+00
8.832756876945495605e-01 9.540945887565612793e-01 6.628988981246948242e-01 1.000000000000000000e+00
8.795847892761230469e-01 9.526182413101196289e-01 6.601922512054443359e-01 1.000000000000000000e+00
8.758938908576965332e-01 9.511418938636779785e-01 6.574856042861938477e-01 1.000000000000000000e+00
8.722029924392700195e-01 9.496654868125915527e-01 6.547789573669433594e-01 1.000000000000000000e+00
8.685120940208435059e-01 9.481891393661499023e-01 6.520722508430480957e-01 1.000000000000000000e+00
8.648211956024169922e-01 9.467127919197082520e-01 6.493656039237976074e-01 1.000000000000000000e+00
8.611303567886352539e-01 9.452364444732666016e-01 6.466589570045471191e-01 1.000000000000000000e+00
8.574394583702087402e-01 9.437600970268249512e-01 6.439523100852966309e-01 1.000000000000000000e+00
8.537485599517822266e-01 9.422837495803833008e-01 6.412456631660461426e-01 1.000000000000000000e+00
8.496270775794982910e-01 9.405920505523681641e-01 6.385697722434997559e-01 1.000000000000000000e+00
8.442137837409973145e-01 9.382545351982116699e-01 6.359861493110656738e-01 1.000000000000000000e+00
8.388004899024963379e-01 9.359169602394104004e-01 6.334025263786315918e-01 1.000000000000000000e+00
8.333871364593505859e-01 9.335793852806091309e-01 6.308189034461975098e-01 1.000000000000000000e+00
8.279738426208496094e-01 9.312418103218078613e-01 6.282352805137634277e-01 1.000000000000000000e+00
8.225605487823486328e-01 9.289042949676513672e-01 6.256516575813293457e-01 1.000000000000000000e+00
8.171472549438476562e-01 9.265667200088500977e-01 6.230680346488952637e-01 1.000000000000000000e+00
8.117339611053466797e-01 9.242291450500488281e-01 6.204844117164611816e-01 1.000000000000000000e+00
8.063206672668457031e-01 9.218915700912475586e-01 6.179007887840270996e-01 1.000000000000000000e+00
8.009073138236999512e-01 9.195539951324462891e-01 6.153171658515930176e-01 1.000000000000000000e+00
7.954940199851989746e-01 9.172164797782897949e-01 6.127335429191589355e-01 1.000000000000000000e+00
7.900807261466979980e-01 9.148789048194885254e-01 6.101499199867248535e-01 1.000000000000000000e+00
7.846674323081970215e-01 9.125413298606872559e-01 6.075662970542907715e-01 1.000000000000000000e+00
7.792541384696960449e-01 9.102037549018859863e-01 6.049826741218566895e-01 1.000000000000000000e+00
7.738408446311950684e-01 9.078661799430847168e-01 6.023990511894226074e-01 1.000000000000000000e+00
7.684275507926940918e-01 9.055286645889282227e-01 5.998154282569885254e-01 1.000000000000000000e+00
7.630141973495483398e-01 9.031910896301269531e-01 5.972318053245544434e-01 1.000000000000000000e+00
7.576009035110473633e-01 9.008535146713256836e-01 5.946482419967651367e-01 1.000000000000000000e+00
7.521876096725463867e-01 8.985159397125244141e-01 5.920646190643310547e-01 1.000000000000000000e+00
7.467743158340454102e-01 8.961783647537231445e-01 5.894809961318969727e-01 1.000000000000000000e+00
7.413610219955444336e-01 8.938408493995666504e-01 5.868973731994628906e-01 1.000000000000000000e+00
7.359477281570434570e-01 8.915032744407653809e-01 5.843137502670288086e-01 1.000000000000000000e+00
7.305344343185424805e-01 8.891656994819641113e-01 5.817301273345947266e-01 1.000000000000000000e+00
7.251210808753967285e-01 8.868281245231628418e-01 5.791465044021606445e-01 1.000000000000000000e+00
7.197077870368957520e-01 8.844906091690063477e-01 5.765628814697265625e-01 1.000000000000000000e+00
7.142944931983947754e-01 8.821530342102050781e-01 5.739792585372924805e-01 1.000000000000000000e+00
7.088811993598937988e-01 8.798154592514038086e-01 5.713956356048583984e-01 1.000000000000000000e+00
7.034679055213928223e-01 8.774778842926025391e-01 5.688120126724243164e-01 1.000000000000000000e+00
6.980546116828918457e-01 8.751403093338012695e-01 5.662283897399902344e-01 1.000000000000000000e+00
6.926413178443908691e-01 8.728027939796447754e-01 5.636447668075561523e-01 1.000000000000000000e+00
6.872279644012451172e-01 8.704652190208435059e-01 5.610611438751220703e-01 1.000000000000000000e+00
6.818146705627441406e-01 8.681276440620422363e-01 5.584775209426879883e-01 1.000000000000000000e+00
6.759861707687377930e-01 8.656055331230163574e-01 5.558938980102539062e-01 1.000000000000000000e+00
6.694656014442443848e-01 8.627758622169494629e-01 5.533102750778198242e-01 1.000000000000000000e+00
6.629450321197509766e-01 8.599461913108825684e-01 5.507266521453857422e-01 1.000000000000000000e+00
6.564244627952575684e-01 8.571165204048156738e-01 5.481430292129516602e-01 1.000000000000000000e+00
6.499038934707641602e-01 8.542867898941040039e-01 5.455594062805175781e-01 1.000000000000000000e+00
6.433833241462707520e-01 8.514571189880371094e-01 5.429757833480834961e-01 1.000000000000000000e+00
6.368627548217773438e-01 8.486274480819702148e-01 5.403921604156494141e-01 1.000000000000000000e+00
6.303421854972839355e-01 8.457977771759033203e-01 5.378085374832153320e-01 1.000000000000000000e+00
6.238216161727905273e-01 8.429681062698364258e-01 5.352249145507812500e-01 1.000000000000000000e+00
6.173010468482971191e-01 8.401384353637695312e-01 5.326412916183471680e-01 1.000000000000000000e+00
6.107804775238037109e-01 8.373087048530578613e-01 5.300576686859130859e-01 1.000000000000000000e+00
6.042599081993103027e-01 8.344790339469909668e-01 5.274740457534790039e-01 1.000000000000000000e+00
5.977393388748168945e-01 8.316493630409240723e-01 5.248904228210449219e-01 1.000000000000000000e+00
5.912187695503234863e-01 8.288196921348571777e-01 5.223067998886108398e-01 1.000000000000000000e+00
5.846982002258300781e-01 8.259900212287902832e-01 5.197231769561767578e-01 1.000000000000000000e+00
5.781776309013366699e-01 8.231603503227233887e-01 5.171395540237426758e-01 1.000000000000000000e+00
5.716570615768432617e-01 8.203306198120117188e-01 5.145559310913085938e-01 1.000000000000000000e+00
5.651364922523498535e-01 8.175009489059448242e-01 5.119723081588745117e-01 1.000000000000000000e+00
5.586159229278564453e-01 8.146712779998779297e-01 5.093886852264404297e-01 1.000000000000000000e+00
5.520953536033630371e-01 8.118416070938110352e-01 5.068050622940063477e-01 1.000000000000000000e+00
5.455747842788696289e-01 8.090119361877441406e-01 5.042214393615722656e-01 1.000000000000000000e+00
5.390542149543762207e-01 8.061822652816772461e-01 5.016378164291381836e-01 1.000000000000000000e+00
5.325336456298828125e-01 8.033525347709655762e-01 4.990542232990264893e-01 1.000000000000000000e+00
5.260130763053894043e-01 8.005228638648986816e-01 4.964706003665924072e-01 1.000000000000000000e+00
5.194925069808959961e-01 7.976931929588317871e-01 4.938869774341583252e-01 1.000000000000000000e+00
5.129719376564025879e-01 7.948635220527648926e-01 4.913033545017242432e-01 1.000000000000000000e+00
5.064513683319091797e-01 7.920338511466979980e-01 4.887197315692901611e-01 1.000000000000000000e+00
4.999307990074157715e-01 7.892041802406311035e-01 4.861361086368560791e-01 1.000000000000000000e+00
4.934102296829223633e-01 7.863744497299194336e-01 4.835524857044219971e-01 1.000000000000000000e+00
4.868896603584289551e-01 7.835447788238525391e-01 4.809688627719879150e-01 1.000000000000000000e+00
4.803690910339355469e-01 7.807151079177856445e-01 4.783852398395538330e-01 1.000000000000000000e+00
4.738485217094421387e-01 7.778854370117187500e-01 4.758016169071197510e-01 1.000000000000000000e+00
4.672049283981323242e-01 7.748097181320190430e-01 4.727873802185058594e-01 1.000000000000000000e+00
4.604382812976837158e-01 7.714878916740417480e-01 4.693425595760345459e-01 1.000000000000000000e+00
4.536716639995574951e-01 7.681660652160644531e-01 4.658977389335632324e-01 1.000000000000000000e+00
4.469050467014312744e-01 7.648442983627319336e-01 4.624528884887695312e-01 1.000000000000000000e+00
4.401383996009826660e-01 7.615224719047546387e-01 4.590080678462982178e-01 1.000000000000000000e+00
4.333717823028564453e-01 7.582007050514221191e-01 4.555632472038269043e-01 1.000000000000000000e+00
4.266051650047302246e-01 7.548788785934448242e-01 4.521184265613555908e-01 1.000000000000000000e+00
4.198385179042816162e-01 7.515571117401123047e-01 4.486735761165618896e-01 1.000000000000000000e+00
4.130719006061553955e-01 7.482352852821350098e-01 4.452287554740905762e-01 1.000000000000000000e+00
4.063052535057067871e-01 7.449135184288024902e-01 4.417839348316192627e-01 1.000000000000000000e+00
3.995386362075805664e-01 7.415916919708251953e-01 4.383391141891479492e-01 1.000000000000000000e+00
3.927720189094543457e-01 7.382699251174926758e-01 4.348942637443542480e-01 1.000000000000000000e+00
3.860053718090057373e-01 7.349480986595153809e-01 4.314494431018829346e-01 1.000000000000000000e+00
3.792387545108795166e-01 7.316262722015380859e-01 4.280046224594116211e-01 1.000000000000000000e+00
3.724721372127532959e-01 7.283045053482055664e-01 4.245597720146179199e-01 1.000000000000000000e+00
3.657054901123046875e-01 7.249826788902282715e-01 4.211149513721466064e-01 1.000000000000000000e+00
3.589388728141784668e-01 7.216609120368957520e-01 4.176701307296752930e-01 1.000000000000000000e+00
3.521722555160522461e-01 7.183390855789184570e-01 4.142253100872039795e-01 1.000000000000000000e+00
3.454056084156036377e-01 7.150173187255859375e-01 4.107804596424102783e-01 1.000000000000000000e+00
3.386389911174774170e-01 7.116954922676086426e-01 4.073356389999389648e-01 1.000000000000000000e+00
3.318723440170288086e-01 7.083737254142761230e-01 4.038908183574676514e-01 1.000000000000000000e+00
3.251057267189025879e-01 7.050518989562988281e-01 4.004459679126739502e-01 1.000000000000000000e+00
3.183391094207763672e-01 7.017301321029663086e-01 3.970011472702026367e-01 1.000000000000000000e+00
3.115724623203277588e-01 6.984083056449890137e-01 3.935563266277313232e-01 1.000000000000000000e+00
3.048058450222015381e-01 6.950864791870117188e-01 3.901115059852600098e-01 1.000000000000000000e+00
2.980392277240753174e-01 6.917647123336791992e-01 3.866666555404663086e-01 1.000000000000000000e+00
2.912725806236267090e-01 6.884428858757019043e-01 3.832218348979949951e-01 1.000000000000000000e+00
2.845059633255004883e-01 6.851211190223693848e-01 3.797770142555236816e-01 1.000000000000000000e+00
2.777393162250518799e-01 6.817992925643920898e-01 3.763321936130523682e-01 1.000000000000000000e+00
2.709726989269256592e-01 6.784775257110595703e-01 3.728873431682586670e-01 1.000000000000000000e+00
2.642060816287994385e-01 6.751556992530822754e-01 3.694425225257873535e-01 1.000000000000000000e+00
2.574394345283508301e-01 6.718339323997497559e-01 3.659977018833160400e-01 1.000000000000000000e+00
2.525951564311981201e-01 6.675893664360046387e-01 3.627066612243652344e-01 1.000000000000000000e+00
2.489042729139328003e-01 6.627912521362304688e-01 3.595078885555267334e-01 1.000000000000000000e+00
2.452133744955062866e-01 6.579930782318115234e-01 3.563091158866882324e-01 1.000000000000000000e+00
2.415224909782409668e-01 6.531949043273925781e-01 3.531103432178497314e-01 1.000000000000000000e+00
2.378316074609756470e-01 6.483967900276184082e-01 3.499115705490112305e-01 1.000000000000000000e+00
2.341407090425491333e-01 6.435986161231994629e-01 3.467127978801727295e-01 1.000000000000000000e+00
2.304498255252838135e-01 6.388004422187805176e-01 3.435140252113342285e-01 1.000000000000000000e+00
2.267589420080184937e-01 6.340023279190063477e-01 3.403152525424957275e-01 1.000000000000000000e+00
2.230680435895919800e-01 6.292041540145874023e-01 3.371164798736572266e-01 1.000000000000000000e+00
2.193771600723266602e-01 6.244059801101684570e-01 3.339177370071411133e-01 1.000000000000000000e+00
2.156862765550613403e-01 6.196078658103942871e-01 3.307189643383026123e-01 1.000000000000000000e+00
2.119953930377960205e-01 6.148096919059753418e-01 3.275201916694641113e-01 1.000000000000000000e+00
2.083044946193695068e-01 6.100115180015563965e-01 3.243214190006256104e-01 1.000000000000000000e+00
2.046136111021041870e-01 6.052134037017822266e-01 3.211226463317871094e-01 1.000000000000000000e+00
2.009227275848388672e-01 6.004152297973632812e-01 3.179238736629486084e-01 1.000000000000000000e+00
1.972318291664123535e-01 5.956170558929443359e-01 3.147251009941101074e-01 1.000000000000000000e+00
1.935409456491470337e-01 5.908189415931701660e-01 3.115263283252716064e-01 1.000000000000000000e+00
1.898500621318817139e-01 5.860207676887512207e-01 3.083275556564331055e-01 1.000000000000000000e+00
1.861591637134552002e-01 5.812225937843322754e-01 3.051287829875946045e-01 1.000000000000000000e+00
1.824682801961898804e-01 5.764244794845581055e-01 3.019300401210784912e-01 1.000000000000000000e+00
1.787773966789245605e-01 5.716263055801391602e-01 2.987312674522399902e-01 1.000000000000000000e+00
1.750864982604980469e-01 5.668281316757202148e-01 2.955324947834014893e-01 1.000000000000000000e+00
1.713956147432327271e-01 5.620300173759460449e-01 2.923337221145629883e-01 1.000000000000000000e+00
1.677047312259674072e-01 5.572318434715270996e-01 2.891349494457244873e-01 1.000000000000000000e+00
1.640138477087020874e-01 5.524336695671081543e-01 2.859361767768859863e-01 1.000000000000000000e+00
1.603229492902755737e-01 5.476354956626892090e-01 2.827374041080474854e-01 1.000000000000000000e+00
1.566320657730102539e-01 5.428373813629150391e-01 2.795386314392089844e-01 1.000000000000000000e+00
1.529411822557449341e-01 5.380392074584960938e-01 2.763398587703704834e-01 1.000000000000000000e+00
1.492502838373184204e-01 5.332410335540771484e-01 2.731410861015319824e-01 1.000000000000000000e+00
1.455594003200531006e-01 5.284429192543029785e-01 2.699423432350158691e-01 1.000000000000000000e+00
1.418685168027877808e-01 5.236447453498840332e-01 2.667435705661773682e-01 1.000000000000000000e+00
1.381776183843612671e-01 5.188465714454650879e-01 2.635447978973388672e-01 1.000000000000000000e+00
1.340253800153732300e-01 5.150634646415710449e-01 2.616378366947174072e-01 1.000000000000000000e+00
1.297193318605422974e-01 5.116186141967773438e-01 2.601614892482757568e-01 1.000000000000000000e+00
1.254132986068725586e-01 5.081737637519836426e-01 2.586851119995117188e-01 1.000000000000000000e+00
1.211072653532028198e-01 5.047289729118347168e-01 2.572087645530700684e-01 1.000000000000000000e+00
1.168012320995330811e-01 5.012841224670410156e-01 2.557324171066284180e-01 1.000000000000000000e+00
1.124951913952827454e-01 4.978393018245697021e-01 2.542560696601867676e-01 1.000000000000000000e+00
1.081891581416130066e-01 4.943944513797760010e-01 2.527796924114227295e-01 1.000000000000000000e+00
1.038831248879432678e-01 4.909496307373046875e-01 2.513033449649810791e-01 1.000000000000000000e+00
9.957708418369293213e-02 4.875048100948333740e-01 2.498269826173782349e-01 1.000000000000000000e+00
9.527105093002319336e-02 4.840599894523620605e-01 2.483506351709365845e-01 1.000000000000000000e+00
9.096501022577285767e-02 4.806151390075683594e-01 2.468742728233337402e-01 1.000000000000000000e+00
8.665897697210311890e-02 4.771703183650970459e-01 2.453979253768920898e-01 1.000000000000000000e+00
8.235294371843338013e-02 4.737254977226257324e-01 2.439215630292892456e-01 1.000000000000000000e+00
7.804690301418304443e-02 4.702806472778320312e-01 2.424452155828475952e-01 1.000000000000000000e+00
7.374086976051330566e-02 4.668358266353607178e-01 2.409688532352447510e-01 1.000000000000000000e+00
6.943482905626296997e-02 4.633910059928894043e-01 2.394925057888031006e-01 1.000000000000000000e+00
6.512879580259323120e-02 4.599461853504180908e-01 2.380161434412002563e-01 1.000000000000000000e+00
6.082275882363319397e-02 4.565013349056243896e-01 2.365397959947586060e-01 1.000000000000000000e+00
5.651672556996345520e-02 4.530565142631530762e-01 2.350634336471557617e-01 1.000000000000000000e+00
5.221068859100341797e-02 4.496116936206817627e-01 2.335870862007141113e-01 1.000000000000000000e+00
4.790465161204338074e-02 4.461668729782104492e-01 2.321107238531112671e-01 1.000000000000000000e+00
4.359861463308334351e-02 4.427220225334167480e-01 2.306343764066696167e-01 1.000000000000000000e+00
3.929258137941360474e-02 4.392772018909454346e-01 2.291580140590667725e-01 1.000000000000000000e+00
3.498654440045356750e-02 4.358323812484741211e-01 2.276816666126251221e-01 1.000000000000000000e+00
3.068050742149353027e-02 4.323875308036804199e-01 2.262053042650222778e-01 1.000000000000000000e+00
2.637447044253349304e-02 4.289427101612091064e-01 2.247289568185806274e-01 1.000000000000000000e+00
2.206843532621860504e-02 4.254978895187377930e-01 2.232525944709777832e-01 1.000000000000000000e+00
1.776239834725856781e-02 4.220530688762664795e-01 2.217762470245361328e-01 1.000000000000000000e+00
1.345636323094367981e-02 4.186082184314727783e-01 2.202998846769332886e-01 1.000000000000000000e+00
9.150327183306217194e-03 4.151633977890014648e-01 2.188235223293304443e-01 1.000000000000000000e+00
4.844290670007467270e-03 4.117185771465301514e-01 2.173471748828887939e-01 1.000000000000000000e+00
5.382545059546828270e-04 4.082737267017364502e-01 2.158708125352859497e-01 1.000000000000000000e+00
0.000000000000000000e+00 4.040753543376922607e-01 2.141791582107543945e-01 1.000000000000000000e+00
0.000000000000000000e+00 3.997693061828613281e-01 2.124567478895187378e-01 1.000000000000000000e+00
0.000000000000000000e+00 3.954632878303527832e-01 2.107343375682830811e-01 1.000000000000000000e+00
0.000000000000000000e+00 3.911572396755218506e-01 2.090119123458862305e-01 1.000000000000000000e+00
0.000000000000000000e+00 3.868512213230133057e-01 2.072895020246505737e-01 1.000000000000000000e+00
0.000000000000000000e+00 3.825451731681823730e-01 2.055670917034149170e-01 1.000000000000000000e+00
0.000000000000000000e+00 3.782391250133514404e-01 2.038446813821792603e-01 1.000000000000000000e+00
0.000000000000000000e+00 3.739331066608428955e-01 2.021222561597824097e-01 1.000000000000000000e+00
0.000000000000000000e+00 3.696270585060119629e-01 2.003998458385467529e-01 1.000000000000000000e+00
0.000000000000000000e+00 3.653210401535034180e-01 1.986774355173110962e-01 1.000000000000000000e+00
0.000000000000000000e+00 3.610149919986724854e-01 1.969550102949142456e-01 1.000000000000000000e+00
0.000000000000000000e+00 3.567089438438415527e-01 1.952325999736785889e-01 1.000000000000000000e+00
0.000000000000000000e+00 3.524029254913330078e-01 1.935101896524429321e-01 1.000000000000000000e+00
0.000000000000000000e+00 3.480968773365020752e-01 1.917877793312072754e-01 1.000000000000000000e+00
0.000000000000000000e+00 3.437908589839935303e-01 1.900653541088104248e-01 1.000000000000000000e+00
0.000000000000000000e+00 3.394848108291625977e-01 1.883429437875747681e-01 1.000000000000000000e+00
0.000000000000000000e+00 3.351787626743316650e-01 1.866205334663391113e-01 1.000000000000000000e+00
0.000000000000000000e+00 3.308727443218231201e-01 1.848981231451034546e-01 1.000000000000000000e+00
0.000000000000000000e+00 3.265666961669921875e-01 1.831756979227066040e-01 1.000000000000000000e+00
0.000000000000000000e+00 3.222606778144836426e-01 1.814532876014709473e-01 1.000000000000000000e+00
0.000000000000000000e+00 3.179546296596527100e-01 1.797308772802352905e-01 1.000000000000000000e+00
0.000000000000000000e+00 3.136486113071441650e-01 1.780084520578384399e-01 1.000000000000000000e+00
0.000000000000000000e+00 3.093425631523132324e-01 1.762860417366027832e-01 1.000000000000000000e+00
0.000000000000000000e+00 3.050365149974822998e-01 1.745636314153671265e-01 1.000000000000000000e+00
0.000000000000000000e+00 3.007304966449737549e-01 1.728412210941314697e-01 1.000000000000000000e+00
0.000000000000000000e+00 2.964244484901428223e-01 1.711187958717346191e-01 1.000000000000000000e+00
0.000000000000000000e+00 2.921184301376342773e-01 1.693963855504989624e-01 1.000000000000000000e+00
0.000000000000000000e+00 2.878123819828033447e-01 1.676739752292633057e-01 1.000000000000000000e+00
0.000000000000000000e+00 2.835063338279724121e-01 1.659515500068664551e-01 1.000000000000000000e+00
0.000000000000000000e+00 2.792003154754638672e-01 1.642291396856307983e-01 1.000000000000000000e+00
0.000000000000000000e+00 2.748942673206329346e-01 1.625067293643951416e-01 1.000000000000000000e+00
0.000000000000000000e+00 2.705882489681243896e-01 1.607843190431594849e-01 1.000000000000000000e+00
