1.000000000000000000e+00 1.000000000000000000e+00 8.000000119209289551e-01 1.000000000000000000e+00
1.000000000000000000e+00 9.977854490280151367e-01 7.945867180824279785e-01 1.000000000000000000e+00
1.000000000000000000e+00 9.955709576606750488e-01 7.891734242439270020e-01 1.000000000000000000e+00
1.000000000000000000e+00 9.933564066886901855e-01 7.837600708007812500e-01 1.000000000000000000e+00
1.000000000000000000e+00 9.911418557167053223e-01 7.783467769622802734e-01 1.000000000000000000e+00
1.000000000000000000e+00 9.889273643493652344e-01 7.729334831237792969e-01 1.000000000000000000e+00
1.000000000000000000e+00 9.867128133773803711e-01 7.675201892852783203e-01 1.000000000000000000e+00
1.000000000000000000e+00 9.844982624053955078e-01 7.621068954467773438e-01 1.000000000000000000e+00
1.000000000000000000e+00 9.822837114334106445e-01 7.566936016082763672e-01 1.000000000000000000e+00
1.000000000000000000e+00 9.800692200660705566e-01 7.512802481651306152e-01 1.000000000000000000e+00
1.000000000000000000e+00 9.778546690940856934e-01 7.458669543266296387e-01 1.000000000000000000e+00
1.000000000000000000e+00 9.756401181221008301e-01 7.404536604881286621e-01 1.000000000000000000e+00
1.000000000000000000e+00 9.734256267547607422e-01 7.350403666496276855e-01 1.000000000000000000e+00
1.000000000000000000e+00 9.712110757827758789e-01 7.296270728111267090e-01 1.000000000000000000e+00
1.000000000000000000e+00 9.689965248107910156e-01 7.242137789726257324e-01 1.000000000000000000e+00
1.000000000000000000e+00 9.667820334434509277e-01 7.188004851341247559e-01 1.000000000000000000e+00
1.000000000000000000e+00 9.645674824714660645e-01 7.133871316909790039e-01 1.000000000000000000e+00
1.000000000000000000e+00 9.623529314994812012e-01 7.079738378524780273e-01 1.000000000000000000e+00
1.000000000000000000e+00 9.601383805274963379e-01 7.025605440139770508e-01 1.000000000000000000e+00
1.000000000000000000e+00 9.579238891601562500e-01 6.971472501754760742e-01 1.000000000000000000e+00
1.000000000000000000e+00 9.557093381881713867e-01 6.917339563369750977e-01 1.000000000000000000e+00
1.000000000000000000e+00 9.534947872161865234e-01 6.863206624984741211e-01 1.000000000000000000e+00
1.000000000000000000e+00 9.512802958488464355e-01 6.809073686599731445e-01 1.000000000000000000e+00
1.000000000000000000e+00 9.490657448768615723e-01 6.754940152168273926e-01 1.000000000000000000e+00
1.000000000000000000e+00 9.468511939048767090e-01 6.700807213783264160e-01 1.000000000000000000e+00
1.000000000000000000e+00 9.446367025375366211e-01 6.646674275398254395e-01 1.000000000000000000e+00
1.000000000000000000e+00 9.424221515655517578e-01 6.592541337013244629e-01 1.000000000000000000e+00
1.000000000000000000e+00 9.402076005935668945e-01 6.538408398628234863e-01 1.000000000000000000e+00
1.000000000000000000e+00 9.379931092262268066e-01 6.484275460243225098e-01 1.000000000000000000e+00
1.000000000000000000e+00 9.357785582542419434e-01 6.430142521858215332e-01 1.000000000000000000e+00
1.000000000000000000e+00 9.335640072822570801e-01 6.376008987426757812e-01 1.000000000000000000e+00
1.000000000000000000e+00 9.313494563102722168e-01 6.321876049041748047e-01 1.000000000000000000e+00
9.999846220016479492e-01 9.291042089462280273e-01 6.268050670623779297e-01 1.000000000000000000e+00
9.998615980148315430e-01 9.266436100006103516e-01 6.216378211975097656e-01 1.000000000000000000e+00
9.997385740280151367e-01 9.241830110549926758e-01 6.164705753326416016e-01 1.000000000000000000e+00
9.996155500411987305e-01 9.217224121093750000e-01 6.113033294677734375e-01 1.000000000000000000e+00
9.994925260543823242e-01 9.192618131637573242e-01 6.061360836029052734e-01 1.000000000000000000e+00
9.993695020675659180e-01 9.168012142181396484e-01 6.009688377380371094e-01 1.000000000000000000e+00
9.992464184761047363e-01 9.143406152725219727e-01 5.958015918731689453e-01 1.000000000000000000e+00
9.991233944892883301e-01 9.118800759315490723e-01 5.906343460083007812e-01 1.000000000000000000e+00
9.990003705024719238e-01 9.094194769859313965e-01 5.854671001434326172e-01 1.000000000000000000e+00
9.988773465156555176e-01 9.069588780403137207e-01 5.802999138832092285e-01 1.000000000000000000e+00
9.987543225288391113e-01 9.044982790946960449e-01 5.751326680183410645e-01 1.000000000000000000e+00
9.986312985420227051e-01 9.020376801490783691e-01 5.699654221534729004e-01 1.000000000000000000e+00
9.985082745552062988e-01 8.995770812034606934e-01 5.647981762886047363e-01 1.000000000000000000e+00
9.983852505683898926e-01 8.971164822578430176e-01 5.596309304237365723e-01 1.000000000000000000e+00
9.982622265815734863e-01 8.946558833122253418e-01 5.544636845588684082e-01 1.000000000000000000e+00
9.981392025947570801e-01 8.921952843666076660e-01 5.492964386940002441e-01 1.000000000000000000e+00
9.980161190032958984e-01 8.897347450256347656e-01 5.441291928291320801e-01 1.000000000000000000e+00
9.978930950164794922e-01 8.872741460800170898e-01 5.389619469642639160e-01 1.000000000000000000e+00
9.977700710296630859e-01 8.848135471343994141e-01 5.337947010993957520e-01 1.000000000000000000e+00
9.976470470428466797e-01 8.823529481887817383e-01 5.286274552345275879e-01 1.000000000000000000e+00
9.975240230560302734e-01 8.798923492431640625e-01 5.234602093696594238e-01 1.000000000000000000e+00
9.974009990692138672e-01 8.774317502975463867e-01 5.182929635047912598e-01 1.000000000000000000e+00
9.972779750823974609e-01 8.749711513519287109e-01 5.131257176399230957e-01 1.000000000000000000e+00
9.971549510955810547e-01 8.725105524063110352e-01 5.079584717750549316e-01 1.000000000000000000e+00
9.970319271087646484e-01 8.700499534606933594e-01 5.027912259101867676e-01 1.000000000000000000e+00
9.969089031219482422e-01 8.675894141197204590e-01 4.976239800453186035e-01 1.000000000000000000e+00
9.967858791351318359e-01 8.651288151741027832e-01 4.924567341804504395e-01 1.000000000000000000e+00
9.966627955436706543e-01 8.626682162284851074e-01 4.872895181179046631e-01 1.000000000000000000e+00
9.965397715568542480e-01 8.602076172828674316e-01 4.821222722530364990e-01 1.000000000000000000e+00
9.964167475700378418e-01 8.577470183372497559e-01 4.769550263881683350e-01 1.000000000000000000e+00
9.962937235832214355e-01 8.552864193916320801e-01 4.717877805233001709e-01 1.000000000000000000e+00
9.961706995964050293e-01 8.528258204460144043e-01 4.666205346584320068e-01 1.000000000000000000e+00
9.960784316062927246e-01 8.497808575630187988e-01 4.614532887935638428e-01 1.000000000000000000e+00
9.960784316062927246e-01 8.449826836585998535e-01 4.562860429286956787e-01 1.000000000000000000e+00
9.960784316062927246e-01 8.401845693588256836e-01 4.511187970638275146e-01 1.000000000000000000e+00
9.960784316062927246e-01 8.353863954544067383e-01 4.459515511989593506e-01 1.000000000000000000e+00
9.960784316062927246e-01 8.305882215499877930e-01 4.407843053340911865e-01 1.000000000000000000e+00
9.960784316062927246e-01 8.257901072502136230e-01 4.356170594692230225e-01 1.000000000000000000e+00
9.960784316062927246e-01 8.209919333457946777e-01 4.304498136043548584e-01 1.000000000000000000e+00
9.960784316062927246e-01 8.161937594413757324e-01 4.252825975418090820e-01 1.000000000000000000e+00
9.960784316062927246e-01 8.113956451416015625e-01 4.201153516769409180e-01 1.000000000000000000e+00
9.960784316062927246e-01 8.065974712371826172e-01 4.149481058120727539e-01 1.000000000000000000e+00
9.960784316062927246e-01 8.017992973327636719e-01 4.097808599472045898e-01 1.000000000000000000e+00
9.960784316062927246e-01 7.970011830329895020e-01 4.046136140823364258e-01 1.000000000000000000e+00
9.960784316062927246e-01 7.922030091285705566e-01 3.994463682174682617e-01 1.000000000000000000e+00
9.960784316062927246e-01 7.874048352241516113e-01 3.942791223526000977e-01 1.000000000000000000e+00
9.960784316062927246e-01 7.826066613197326660e-01 3.891118764877319336e-01 1.000000000000000000e+00
9.960784316062927246e-01 7.778085470199584961e-01 3.839446306228637695e-01 1.000000000000000000e+00
9.960784316062927246e-01 7.730103731155395508e-01 3.787773847579956055e-01 1.000000000000000000e+00
9.960784316062927246e-01 7.682121992111206055e-01 3.736101388931274414e-01 1.000000000000000000e+00
9.960784316062927246e-01 7.634140849113464355e-01 3.684428930282592773e-01 1.000000000000000000e+00
9.960784316062927246e-01 7.586159110069274902e-01 3.632756769657135010e-01 1.000000000000000000e+00
9.960784316062927246e-01 7.538177371025085449e-01 3.581084311008453369e-01 1.000000000000000000e+00
9.960784316062927246e-01 7.490196228027343750e-01 3.529411852359771729e-01 1.000000000000000000e+00
9.960784316062927246e-01 7.442214488983154297e-01 3.477739393711090088e-01 1.000000000000000000e+00
9.960784316062927246e-01 7.394232749938964844e-01 3.426066935062408447e-01 1.000000000000000000e+00
9.960784316062927246e-01 7.346251606941223145e-01 3.374394476413726807e-01 1.000000000000000000e+00
9.960784316062927246e-01 7.298269867897033691e-01 3.322722017765045166e-01 1.000000000000000000e+00
9.960784316062927246e-01 7.250288128852844238e-01 3.271049559116363525e-01 1.000000000000000000e+00
9.960784316062927246e-01 7.202306985855102539e-01 3.219377100467681885e-01 1.000000000000000000e+00
9.960784316062927246e-01 7.154325246810913086e-01 3.167704641819000244e-01 1.000000000000000000e+00
9.960784316062927246e-01 7.106343507766723633e-01 3.116032183170318604e-01 1.000000000000000000e+00
9.960784316062927246e-01 7.058362364768981934e-01 3.064359724521636963e-01 1.000000000000000000e+00
9.960784316062927246e-01 7.010380625724792480e-01 3.012687563896179199e-01 1.000000000000000000e+00
9.960322976112365723e-01 6.963321566581726074e-01 2.973010241985321045e-01 1.000000000000000000e+00
9.959092736244201660e-01 6.917800903320312500e-01 2.953325510025024414e-01 1.000000000000000000e+00
9.957862496376037598e-01 6.872279644012451172e-01 2.933640778064727783e-01 1.000000000000000000e+00
9.956632256507873535e-01 6.826758980751037598e-01 2.913956046104431152e-01 1.000000000000000000e+00
9.955402016639709473e-01 6.781237721443176270e-01 2.894271314144134521e-01 1.000000000000000000e+00
9.954171180725097656e-01 6.735717058181762695e-01 2.874586582183837891e-01 1.000000000000000000e+00
9.952940940856933594e-01 6.690195798873901367e-01 2.854901850223541260e-01 1.000000000000000000e+00
9.951710700988769531e-01 6.644675135612487793e-01 2.835217118263244629e-01 1.000000000000000000e+00
9.950480461120605469e-01 6.599153876304626465e-01 2.815532386302947998e-01 1.000000000000000000e+00
9.949250221252441406e-01 6.553633213043212891e-01 2.795847654342651367e-01 1.000000000000000000e+00
9.948019981384277344e-01 6.508112549781799316e-01 2.776162922382354736e-01 1.000000000000000000e+00
9.946789741516113281e-01 6.462591290473937988e-01 2.756478190422058105e-01 1.000000000000000000e+00
9.945559501647949219e-01 6.417070627212524414e-01 2.736793458461761475e-01 1.000000000000000000e+00
9.944329261779785156e-01 6.371549367904663086e-01 2.717108726501464844e-01 1.000000000000000000e+00
9.943099021911621094e-01 6.326028704643249512e-01 2.697423994541168213e-01 1.000000000000000000e+00
9.941868782043457031e-01 6.280507445335388184e-01 2.677739262580871582e-01 1.000000000000000000e+00
9.940637946128845215e-01 6.234986782073974609e-01 2.658054530620574951e-01 1.000000000000000000e+00
9.939407706260681152e-01 6.189465522766113281e-01 2.638369798660278320e-01 1.000000000000000000e+00
9.938177466392517090e-01 6.143944859504699707e-01 2.618685066699981689e-01 1.000000000000000000e+00
9.936947226524353027e-01 6.098423600196838379e-01 2.599000334739685059e-01 1.000000000000000000e+00
9.935716986656188965e-01 6.052902936935424805e-01 2.579315602779388428e-01 1.000000000000000000e+00
9.934486746788024902e-01 6.007381677627563477e-01 2.559630870819091797e-01 1.000000000000000000e+00
9.933256506919860840e-01 5.961861014366149902e-01 2.539946138858795166e-01 1.000000000000000000e+00
9.932026267051696777e-01 5.916339755058288574e-01 2.520261406898498535e-01 1.000000000000000000e+00
9.930796027183532715e-01 5.870819091796875000e-01 2.500576674938201904e-01 1.000000000000000000e+00
9.929565787315368652e-01 5.825297832489013672e-01 2.480891942977905273e-01 1.000000000000000000e+00
9.928335547447204590e-01 5.779777169227600098e-01 2.461207211017608643e-01 1.000000000000000000e+00
9.927104711532592773e-01 5.734255909919738770e-01 2.441522479057312012e-01 1.000000000000000000e+00
9.925874471664428711e-01 5.688735246658325195e-01 2.421837747097015381e-01 1.000000000000000000e+00
9.924644231796264648e-01 5.643213987350463867e-01 2.402153015136718750e-01 1.000000000000000000e+00
9.923413991928100586e-01 5.597693324089050293e-01 2.382468283176422119e-01 1.000000000000000000e+00
9.922183752059936523e-01 5.552172064781188965e-01 2.362783551216125488e-01 1.000000000000000000e+00
9.920953512191772461e-01 5.490657687187194824e-01 2.341868579387664795e-01 1.000000000000000000e+00
9.919723272323608398e-01 5.413148999214172363e-01 2.319723218679428101e-01 1.000000000000000000e+00
9.918493032455444336e-01 5.335640311241149902e-01 2.297577857971191406e-01 1.000000000000000000e+00
9.917262792587280273e-01 5.258131623268127441e-01 2.275432497262954712e-01 1.000000000000000000e+00
9.916032552719116211e-01 5.180622935295104980e-01 2.253287136554718018e-01 1.000000000000000000e+00
9.914801716804504395e-01 5.103114247322082520e-01 2.231141924858093262e-01 1.000000000000000000e+00
9.913571476936340332e-01 5.025605559349060059e-01 2.208996564149856567e-01 1.000000000000000000e+00
9.912341237068176270e-01 4.948096871376037598e-01 2.186851203441619873e-01 1.000000000000000000e+00
9.911110997200012207e-01 4.870588183403015137e-01 2.164705842733383179e-01 1.000000000000000000e+00
9.909880757331848145e-01 4.793079495429992676e-01 2.142560482025146484e-01 1.000000000000000000e+00
9.908650517463684082e-01 4.715570807456970215e-01 2.120415270328521729e-01 1.000000000000000000e+00
9.907420277595520020e-01 4.638062417507171631e-01 2.098269909620285034e-01 1.000000000000000000e+00
9.906190037727355957e-01 4.560553729534149170e-01 2.076124548912048340e-01 1.000000000000000000e+00
9.904959797859191895e-01 4.483045041561126709e-01 2.053979188203811646e-01 1.000000000000000000e+00
9.903729557991027832e-01 4.405536353588104248e-01 2.031833976507186890e-01 1.000000000000000000e+00
9.902499318122863770e-01 4.328027665615081787e-01 2.009688615798950195e-01 1.000000000000000000e+00
9.901268482208251953e-01 4.250518977642059326e-01 1.987543255090713501e-01 1.000000000000000000e+00
9.900038242340087891e-01 4.173010289669036865e-01 1.965397894382476807e-01 1.000000000000000000e+00
9.898808002471923828e-01 4.095501601696014404e-01 1.943252533674240112e-01 1.000000000000000000e+00
9.897577762603759766e-01 4.017993211746215820e-01 1.921107321977615356e-01 1.000000000000000000e+00
9.896347522735595703e-01 3.940484523773193359e-01 1.898961961269378662e-01 1.000000000000000000e+00
9.895117282867431641e-01 3.862975835800170898e-01 1.876816600561141968e-01 1.000000000000000000e+00
9.893887042999267578e-01 3.785467147827148438e-01 1.854671239852905273e-01 1.000000000000000000e+00
9.892656803131103516e-01 3.707958459854125977e-01 1.832525879144668579e-01 1.000000000000000000e+00
9.891426563262939453e-01 3.630449771881103516e-01 1.810380667448043823e-01 1.000000000000000000e+00
9.890196323394775391e-01 3.552941083908081055e-01 1.788235306739807129e-01 1.000000000000000000e+00
9.888965487480163574e-01 3.475432395935058594e-01 1.766089946031570435e-01 1.000000000000000000e+00
9.887735247611999512e-01 3.397924005985260010e-01 1.743944585323333740e-01 1.000000000000000000e+00
9.886505007743835449e-01 3.320415318012237549e-01 1.721799373626708984e-01 1.000000000000000000e+00
9.885274767875671387e-01 3.242906630039215088e-01 1.699654012918472290e-01 1.000000000000000000e+00
9.884044528007507324e-01 3.165397942066192627e-01 1.677508652210235596e-01 1.000000000000000000e+00
9.882814288139343262e-01 3.087889254093170166e-01 1.655363291501998901e-01 1.000000000000000000e+00
9.863129854202270508e-01 3.018838763236999512e-01 1.636293679475784302e-01 1.000000000000000000e+00
9.832372069358825684e-01 2.954863607883453369e-01 1.619069576263427734e-01 1.000000000000000000e+00
9.801614880561828613e-01 2.890888154506683350e-01 1.601845473051071167e-01 1.000000000000000000e+00
9.770857095718383789e-01 2.826912701129913330e-01 1.584621369838714600e-01 1.000000000000000000e+00
9.740099906921386719e-01 2.762937247753143311e-01 1.567397117614746094e-01 1.000000000000000000e+00
9.709342718124389648e-01 2.698961794376373291e-01 1.550173014402389526e-01 1.000000000000000000e+00
9.678584933280944824e-01 2.634986639022827148e-01 1.532948911190032959e-01 1.000000000000000000e+00
9.647827744483947754e-01 2.571011185646057129e-01 1.515724658966064453e-01 1.000000000000000000e+00
9.617070555686950684e-01 2.507035732269287109e-01 1.498500555753707886e-01 1.000000000000000000e+00
9.586312770843505859e-01 2.443060427904129028e-01 1.481276452541351318e-01 1.000000000000000000e+00
9.555555582046508789e-01 2.379084974527359009e-01 1.464052349328994751e-01 1.000000000000000000e+00
9.524798393249511719e-01 2.315109521150588989e-01 1.446828097105026245e-01 1.000000000000000000e+00
9.494040608406066895e-01 2.251134216785430908e-01 1.429603993892669678e-01 1.000000000000000000e+00
9.463283419609069824e-01 2.187158763408660889e-01 1.412379890680313110e-01 1.000000000000000000e+00
9.432526230812072754e-01 2.123183459043502808e-01 1.395155638456344604e-01 1.000000000000000000e+00
9.401768445968627930e-01 2.059208005666732788e-01 1.377931535243988037e-01 1.000000000000000000e+00
9.371011257171630859e-01 1.995232552289962769e-01 1.360707432031631470e-01 1.000000000000000000e+00
9.340253472328186035e-01 1.931257247924804688e-01 1.343483328819274902e-01 1.000000000000000000e+00
9.309496283531188965e-01 1.867281794548034668e-01 1.326259076595306396e-01 1.000000000000000000e+00
9.278739094734191895e-01 1.803306490182876587e-01 1.309034973382949829e-01 1.000000000000000000e+00
9.247981309890747070e-01 1.739331036806106567e-01 1.291810870170593262e-01 1.000000000000000000e+00
9.217224121093750000e-01 1.675355583429336548e-01 1.274586766958236694e-01 1.000000000000000000e+00
9.186466932296752930e-01 1.611380279064178467e-01 1.257362514734268188e-01 1.000000000000000000e+00
9.155709147453308105e-01 1.547404825687408447e-01 1.240138411521911621e-01 1.000000000000000000e+00
9.124951958656311035e-01 1.483429521322250366e-01 1.222914233803749084e-01 1.000000000000000000e+00
9.094194769859313965e-01 1.419454067945480347e-01 1.205690130591392517e-01 1.000000000000000000e+00
9.063436985015869141e-01 1.355478614568710327e-01 1.188465952873229980e-01 1.000000000000000000e+00
9.032679796218872070e-01 1.291503310203552246e-01 1.171241849660873413e-01 1.000000000000000000e+00
9.001922607421875000e-01 1.227527856826782227e-01 1.154017671942710876e-01 1.000000000000000000e+00
8.971164822578430176e-01 1.163552477955818176e-01 1.136793568730354309e-01 1.000000000000000000e+00
8.940407633781433105e-01 1.099577099084854126e-01 1.119569391012191772e-01 1.000000000000000000e+00
8.909649848937988281e-01 1.035601720213890076e-01 1.102345287799835205e-01 1.000000000000000000e+00
8.866897225379943848e-01 9.956170618534088135e-02 1.107266470789909363e-01 1.000000000000000000e+00
8.820146322250366211e-01 9.636294096708297729e-02 1.119569391012191772e-01 1.000000000000000000e+00
8.773394823074340820e-01 9.316416829824447632e-02 1.131872385740280151e-01 1.000000000000000000e+00
8.726643323898315430e-01 8.996539562940597534e-02 1.144175305962562561e-01 1.000000000000000000e+00
8.679892420768737793e-01 8.676663041114807129e-02 1.156478300690650940e-01 1.000000000000000000e+00
8.633140921592712402e-01 8.356785774230957031e-02 1.168781220912933350e-01 1.000000000000000000e+00
8.586390018463134766e-01 8.036909252405166626e-02 1.181084215641021729e-01 1.000000000000000000e+00
8.539638519287109375e-01 7.717031985521316528e-02 1.193387135863304138e-01 1.000000000000000000e+00
8.492887616157531738e-01 7.397154718637466431e-02 1.205690130591392517e-01 1.000000000000000000e+00
8.446136116981506348e-01 7.077278196811676025e-02 1.217993050813674927e-01 1.000000000000000000e+00
8.399384617805480957e-01 6.757400929927825928e-02 1.230296045541763306e-01 1.000000000000000000e+00
8.352633714675903320e-01 6.437523663043975830e-02 1.242598965764045715e-01 1.000000000000000000e+00
8.305882215499877930e-01 6.117647141218185425e-02 1.254902034997940063e-01 1.000000000000000000e+00
8.259131312370300293e-01 5.797770246863365173e-02 1.267204880714416504e-01 1.000000000000000000e+00
8.212379813194274902e-01 5.477892979979515076e-02 1.279507875442504883e-01 1.000000000000000000e+00
8.165628314018249512e-01 5.158016085624694824e-02 1.291810870170593262e-01 1.000000000000000000e+00
8.118877410888671875e-01 4.838139191269874573e-02 1.304113864898681641e-01 1.000000000000000000e+00
8.072125911712646484e-01 4.518262296915054321e-02 1.316416710615158081e-01 1.000000000000000000e+00
8.025375008583068848e-01 4.198385402560234070e-02 1.328719705343246460e-01 1.000000000000000000e+00
7.978623509407043457e-01 3.878508135676383972e-02 1.341022700071334839e-01 1.000000000000000000e+00
7.931872606277465820e-01 3.558631241321563721e-02 1.353325694799423218e-01 1.000000000000000000e+00
7.885121107101440430e-01 3.238754346966743469e-02 1.365628540515899658e-01 1.000000000000000000e+00
7.838369607925415039e-01 2.918877266347408295e-02 1.377931535243988037e-01 1.000000000000000000e+00
7.791618704795837402e-01 2.599000371992588043e-02 1.390234529972076416e-01 1.000000000000000000e+00
7.744867205619812012e-01 2.279123477637767792e-02 1.402537524700164795e-01 1.000000000000000000e+00
7.698116302490234375e-01 1.959246397018432617e-02 1.414840519428253174e-01 1.000000000000000000e+00
7.651364803314208984e-01 1.639369502663612366e-02 1.427143365144729614e-01 1.000000000000000000e+00
7.604613900184631348e-01 1.319492515176534653e-02 1.439446359872817993e-01 1.000000000000000000e+00
7.557862401008605957e-01 9.996155276894569397e-03 1.451749354600906372e-01 1.000000000000000000e+00
7.511110901832580566e-01 6.797385402023792267e-03 1.464052349328994751e-01 1.000000000000000000e+00
7.464359998703002930e-01 3.598615992814302444e-03 1.476355195045471191e-01 1.000000000000000000e+00
7.417608499526977539e-01 3.998462052550166845e-04 1.488658189773559570e-01 1.000000000000000000e+00
7.346097826957702637e-01 0.000000000000000000e+00 1.490196138620376587e-01 1.000000000000000000e+00
7.271049618721008301e-01 0.000000000000000000e+00 1.490196138620376587e-01 1.000000000000000000e+00
7.196001410484313965e-01 0.000000000000000000e+00 1.490196138620376587e-01 1.000000000000000000e+00
7.120953202247619629e-01 0.000000000000000000e+00 1.490196138620376587e-01 1.000000000000000000e+00
7.045905590057373047e-01 0.000000000000000000e+00 1.490196138620376587e-01 1.000000000000000000e+00
6.970857381820678711e-01 0.000000000000000000e+00 1.490196138620376587e-01 1.000000000000000000e+00
6.895809173583984375e-01 0.000000000000000000e+00 1.490196138620376587e-01 1.000000000000000000e+00
6.820760965347290039e-01 0.000000000000000000e+00 1.490196138620376587e-01 1.000000000000000000e+00
6.745713353157043457e-01 0.000000000000000000e+00 1.490196138620376587e-01 1.000000000000000000e+00
6.670665144920349121e-01 0.000000000000000000e+00 1.490196138620376587e-01 1.000000000000000000e+00
6.595616936683654785e-01 0.000000000000000000e+00 1.490196138620376587e-01 1.000000000000000000e+00
6.520568728446960449e-01 0.000000000000000000e+00 1.490196138620376587e-01 1.000000000000000000e+00
6.445521116256713867e-01 0.000000000000000000e+00 1.490196138620376587e-01 1.000000000000000000e+00
6.370472908020019531e-01 0.000000000000000000e+00 1.490196138620376587e-01 1.000000000000000000e+00
6.295424699783325195e-01 0.000000000000000000e+00 1.490196138620376587e-01 1.000000000000000000e+00
6.220376491546630859e-01 0.000000000000000000e+00 1.490196138620376587e-01 1.000000000000000000e+00
6.145328879356384277e-01 0.000000000000000000e+00 1.490196138620376587e-01 1.000000000000000000e+00
6.070280671119689941e-01 0.000000000000000000e+00 1.490196138620376587e-01 1.000000000000000000e+00
5.995232462882995605e-01 0.000000000000000000e+00 1.490196138620376587e-01 1.000000000000000000e+00
5.920184254646301270e-01 0.000000000000000000e+00 1.490196138620376587e-01 1.000000000000000000e+00
5.845136642456054688e-01 0.000000000000000000e+00 1.490196138620376587e-01 1.000000000000000000e+00
5.770088434219360352e-01 0.000000000000000000e+00 1.490196138620376587e-01 1.000000000000000000e+00
5.695040225982666016e-01 0.000000000000000000e+00 1.490196138620376587e-01 1.000000000000000000e+00
5.619992017745971680e-01 0.000000000000000000e+00 1.490196138620376587e-01 1.000000000000000000e+00
5.544944405555725098e-01 0.000000000000000000e+00 1.490196138620376587e-01 1.000000000000000000e+00
5.469896197319030762e-01 0.000000000000000000e+00 1.490196138620376587e-01 1.000000000000000000e+00
5.394847989082336426e-01 0.000000000000000000e+00 1.490196138620376587e-01 1.000000000000000000e+00
5.319799780845642090e-01 0.000000000000000000e+00 1.490196138620376587e-01 1.000000000000000000e+00
5.244752168655395508e-01 0.000000000000000000e+00 1.490196138620376587e-01 1.000000000000000000e+00
5.169703960418701172e-01 0.000000000000000000e+00 1.490196138620376587e-01 1.000000000000000000e+00
5.094655752182006836e-01 0.000000000000000000e+00 1.490196138620376587e-01 1.000000000000000000e+00
5.019608139991760254e-01 0.000000000000000000e+00 1.490196138620376587e-01 1.000000000000000000e+00
