0.000000000000000000e+00 0.000000000000000000e+00 0.000000000000000000e+00 1.000000000000000000e+00
3.431372577324509621e-03 3.431371180340647697e-03 4.774083383381366730e-03 1.000000000000000000e+00
6.862745154649019241e-03 6.862742360681295395e-03 9.548166766762733459e-03 1.000000000000000000e+00
1.029411796480417252e-02 1.029411330819129944e-02 1.432225108146667480e-02 1.000000000000000000e+00
1.372549030929803848e-02 1.372548472136259079e-02 1.909633353352546692e-02 1.000000000000000000e+00
1.715686358511447906e-02 1.715685613453388214e-02 2.387041784822940826e-02 1.000000000000000000e+00
2.058823592960834503e-02 2.058822661638259888e-02 2.864450216293334961e-02 1.000000000000000000e+00
2.401960827410221100e-02 2.401959896087646484e-02 3.341858461499214172e-02 1.000000000000000000e+00
2.745098061859607697e-02 2.745096944272518158e-02 3.819266706705093384e-02 1.000000000000000000e+00
3.088235296308994293e-02 3.088234178721904755e-02 4.296675324440002441e-02 1.000000000000000000e+00
3.431372717022895813e-02 3.431371226906776428e-02 4.774083569645881653e-02 1.000000000000000000e+00
3.774509951472282410e-02 3.774508461356163025e-02 5.251491814851760864e-02 1.000000000000000000e+00
4.117647185921669006e-02 4.117645323276519775e-02 5.728900432586669922e-02 1.000000000000000000e+00
4.460784420371055603e-02 4.460782557725906372e-02 6.206308677792549133e-02 1.000000000000000000e+00
4.803921654820442200e-02 4.803919792175292969e-02 6.683716922998428345e-02 1.000000000000000000e+00
5.147058889269828796e-02 5.147056654095649719e-02 7.161125540733337402e-02 1.000000000000000000e+00
5.490196123719215393e-02 5.490193888545036316e-02 7.638533413410186768e-02 1.000000000000000000e+00
5.833333358168601990e-02 5.833331122994422913e-02 8.115942031145095825e-02 1.000000000000000000e+00
6.176470592617988586e-02 6.176468357443809509e-02 8.593350648880004883e-02 1.000000000000000000e+00
6.519608199596405029e-02 6.519605219364166260e-02 9.070758521556854248e-02 1.000000000000000000e+00
6.862745434045791626e-02 6.862742453813552856e-02 9.548167139291763306e-02 1.000000000000000000e+00
7.205882668495178223e-02 7.205879688262939453e-02 1.002557575702667236e-01 1.000000000000000000e+00
7.549019902944564819e-02 7.549016922712326050e-02 1.050298362970352173e-01 1.000000000000000000e+00
7.892157137393951416e-02 7.892153412103652954e-02 1.098039224743843079e-01 1.000000000000000000e+00
8.235294371843338013e-02 8.235290646553039551e-02 1.145780086517333984e-01 1.000000000000000000e+00
8.578431606292724609e-02 8.578427881002426147e-02 1.193520873785018921e-01 1.000000000000000000e+00
8.921568840742111206e-02 8.921565115451812744e-02 1.241261735558509827e-01 1.000000000000000000e+00
9.264706075191497803e-02 9.264702349901199341e-02 1.289002597332000732e-01 1.000000000000000000e+00
9.607843309640884399e-02 9.607839584350585938e-02 1.336743384599685669e-01 1.000000000000000000e+00
9.950980544090270996e-02 9.950976818799972534e-02 1.384484171867370605e-01 1.000000000000000000e+00
1.029411777853965759e-01 1.029411330819129944e-01 1.432225108146667480e-01 1.000000000000000000e+00
1.063725501298904419e-01 1.063725054264068604e-01 1.479965895414352417e-01 1.000000000000000000e+00
1.098039224743843079e-01 1.098038777709007263e-01 1.527706682682037354e-01 1.000000000000000000e+00
1.132352948188781738e-01 1.132352501153945923e-01 1.575447618961334229e-01 1.000000000000000000e+00
1.166666671633720398e-01 1.166666224598884583e-01 1.623188406229019165e-01 1.000000000000000000e+00
1.200980395078659058e-01 1.200979948043823242e-01 1.670929193496704102e-01 1.000000000000000000e+00
1.235294118523597717e-01 1.235293671488761902e-01 1.718670129776000977e-01 1.000000000000000000e+00
1.269607841968536377e-01 1.269607394933700562e-01 1.766410917043685913e-01 1.000000000000000000e+00
1.303921639919281006e-01 1.303921043872833252e-01 1.814151704311370850e-01 1.000000000000000000e+00
1.338235288858413696e-01 1.338234841823577881e-01 1.861892640590667725e-01 1.000000000000000000e+00
1.372549086809158325e-01 1.372548490762710571e-01 1.909633427858352661e-01 1.000000000000000000e+00
1.406862735748291016e-01 1.406862139701843262e-01 1.957374215126037598e-01 1.000000000000000000e+00
1.441176533699035645e-01 1.441175937652587891e-01 2.005115151405334473e-01 1.000000000000000000e+00
1.475490182638168335e-01 1.475489586591720581e-01 2.052855938673019409e-01 1.000000000000000000e+00
1.509803980588912964e-01 1.509803384542465210e-01 2.100596725940704346e-01 1.000000000000000000e+00
1.544117629528045654e-01 1.544117033481597900e-01 2.148337662220001221e-01 1.000000000000000000e+00
1.578431427478790283e-01 1.578430682420730591e-01 2.196078449487686157e-01 1.000000000000000000e+00
1.612745076417922974e-01 1.612744480371475220e-01 2.243819236755371094e-01 1.000000000000000000e+00
1.647058874368667603e-01 1.647058129310607910e-01 2.291560173034667969e-01 1.000000000000000000e+00
1.681372523307800293e-01 1.681371927261352539e-01 2.339300960302352905e-01 1.000000000000000000e+00
1.715686321258544922e-01 1.715685576200485229e-01 2.387041747570037842e-01 1.000000000000000000e+00
1.749999970197677612e-01 1.749999374151229858e-01 2.434782534837722778e-01 1.000000000000000000e+00
1.784313768148422241e-01 1.784313023090362549e-01 2.482523471117019653e-01 1.000000000000000000e+00
1.818627417087554932e-01 1.818626672029495239e-01 2.530264258384704590e-01 1.000000000000000000e+00
1.852941215038299561e-01 1.852940469980239868e-01 2.578005194664001465e-01 1.000000000000000000e+00
1.887254863977432251e-01 1.887254118919372559e-01 2.625745832920074463e-01 1.000000000000000000e+00
1.921568661928176880e-01 1.921567916870117188e-01 2.673486769199371338e-01 1.000000000000000000e+00
1.955882310867309570e-01 1.955881565809249878e-01 2.721227705478668213e-01 1.000000000000000000e+00
1.990196108818054199e-01 1.990195363759994507e-01 2.768968343734741211e-01 1.000000000000000000e+00
2.024509757757186890e-01 2.024509012699127197e-01 2.816709280014038086e-01 1.000000000000000000e+00
2.058823555707931519e-01 2.058822661638259888e-01 2.864450216293334961e-01 1.000000000000000000e+00
2.093137204647064209e-01 2.093136459589004517e-01 2.912190854549407959e-01 1.000000000000000000e+00
2.127451002597808838e-01 2.127450108528137207e-01 2.959931790828704834e-01 1.000000000000000000e+00
2.161764651536941528e-01 2.161763906478881836e-01 3.007672727108001709e-01 1.000000000000000000e+00
2.196078449487686157e-01 2.196077555418014526e-01 3.055413365364074707e-01 1.000000000000000000e+00
2.230392098426818848e-01 2.230391353368759155e-01 3.103154301643371582e-01 1.000000000000000000e+00
2.264705896377563477e-01 2.264705002307891846e-01 3.150895237922668457e-01 1.000000000000000000e+00
2.299019545316696167e-01 2.299018651247024536e-01 3.198635876178741455e-01 1.000000000000000000e+00
2.333333343267440796e-01 2.333332449197769165e-01 3.246376812458038330e-01 1.000000000000000000e+00
2.367646992206573486e-01 2.367646098136901855e-01 3.294117748737335205e-01 1.000000000000000000e+00
2.401960790157318115e-01 2.401959896087646484e-01 3.341858386993408203e-01 1.000000000000000000e+00
2.436274439096450806e-01 2.436273545026779175e-01 3.389599323272705078e-01 1.000000000000000000e+00
2.470588237047195435e-01 2.470587342977523804e-01 3.437340259552001953e-01 1.000000000000000000e+00
2.504901885986328125e-01 2.504900991916656494e-01 3.485080897808074951e-01 1.000000000000000000e+00
2.539215683937072754e-01 2.539214789867401123e-01 3.532821834087371826e-01 1.000000000000000000e+00
2.573529481887817383e-01 2.573528289794921875e-01 3.580562770366668701e-01 1.000000000000000000e+00
2.607843279838562012e-01 2.607842087745666504e-01 3.628303408622741699e-01 1.000000000000000000e+00
2.642156779766082764e-01 2.642155885696411133e-01 3.676044344902038574e-01 1.000000000000000000e+00
2.676470577716827393e-01 2.676469683647155762e-01 3.723785281181335449e-01 1.000000000000000000e+00
2.710784375667572021e-01 2.710783183574676514e-01 3.771525919437408447e-01 1.000000000000000000e+00
2.745098173618316650e-01 2.745096981525421143e-01 3.819266855716705322e-01 1.000000000000000000e+00
2.779411673545837402e-01 2.779410779476165771e-01 3.867007791996002197e-01 1.000000000000000000e+00
2.813725471496582031e-01 2.813724279403686523e-01 3.914748430252075195e-01 1.000000000000000000e+00
2.848039269447326660e-01 2.848038077354431152e-01 3.962489366531372070e-01 1.000000000000000000e+00
2.882353067398071289e-01 2.882351875305175781e-01 4.010230302810668945e-01 1.000000000000000000e+00
2.916666567325592041e-01 2.916665673255920410e-01 4.057970941066741943e-01 1.000000000000000000e+00
2.950980365276336670e-01 2.950979173183441162e-01 4.105711877346038818e-01 1.000000000000000000e+00
2.985294163227081299e-01 2.985292971134185791e-01 4.153452813625335693e-01 1.000000000000000000e+00
3.019607961177825928e-01 3.019606769084930420e-01 4.201193451881408691e-01 1.000000000000000000e+00
3.053921461105346680e-01 3.053920269012451172e-01 4.248934388160705566e-01 1.000000000000000000e+00
3.088235259056091309e-01 3.088234066963195801e-01 4.296675324440002441e-01 1.000000000000000000e+00
3.122549057006835938e-01 3.122547864913940430e-01 4.344415962696075439e-01 1.000000000000000000e+00
3.156862854957580566e-01 3.156861364841461182e-01 4.392156898975372314e-01 1.000000000000000000e+00
3.191176354885101318e-01 3.191175162792205811e-01 4.439897835254669189e-01 1.000000000000000000e+00
3.225490152835845947e-01 3.237132430076599121e-01 4.475488960742950439e-01 1.000000000000000000e+00
3.259803950786590576e-01 3.284313678741455078e-01 4.509802758693695068e-01 1.000000000000000000e+00
3.294117748737335205e-01 3.331494927406311035e-01 4.544116556644439697e-01 1.000000000000000000e+00
3.328431248664855957e-01 3.378676474094390869e-01 4.578430056571960449e-01 1.000000000000000000e+00
3.362745046615600586e-01 3.425857722759246826e-01 4.612743854522705078e-01 1.000000000000000000e+00
3.397058844566345215e-01 3.473038971424102783e-01 4.647057652473449707e-01 1.000000000000000000e+00
3.431372642517089844e-01 3.520220518112182617e-01 4.681371450424194336e-01 1.000000000000000000e+00
3.465686142444610596e-01 3.567401766777038574e-01 4.715684950351715088e-01 1.000000000000000000e+00
3.499999940395355225e-01 3.614583313465118408e-01 4.749998748302459717e-01 1.000000000000000000e+00
3.534313738346099854e-01 3.661764562129974365e-01 4.784312546253204346e-01 1.000000000000000000e+00
3.568627536296844482e-01 3.708945810794830322e-01 4.818626344203948975e-01 1.000000000000000000e+00
3.602941036224365234e-01 3.756127357482910156e-01 4.852940142154693604e-01 1.000000000000000000e+00
3.637254834175109863e-01 3.803308606147766113e-01 4.887253642082214355e-01 1.000000000000000000e+00
3.671568632125854492e-01 3.850490152835845947e-01 4.921567440032958984e-01 1.000000000000000000e+00
3.705882430076599121e-01 3.897671401500701904e-01 4.955881237983703613e-01 1.000000000000000000e+00
3.740195930004119873e-01 3.944852650165557861e-01 4.990195035934448242e-01 1.000000000000000000e+00
3.774509727954864502e-01 3.992034196853637695e-01 5.024508833885192871e-01 1.000000000000000000e+00
3.808823525905609131e-01 4.039215445518493652e-01 5.058822631835937500e-01 1.000000000000000000e+00
3.843137323856353760e-01 4.086396992206573486e-01 5.093136429786682129e-01 1.000000000000000000e+00
3.877451121807098389e-01 4.133578240871429443e-01 5.127449631690979004e-01 1.000000000000000000e+00
3.911764621734619141e-01 4.180759489536285400e-01 5.161763429641723633e-01 1.000000000000000000e+00
3.946078419685363770e-01 4.227941036224365234e-01 5.196077227592468262e-01 1.000000000000000000e+00
3.980392217636108398e-01 4.275122284889221191e-01 5.230391025543212891e-01 1.000000000000000000e+00
4.014706015586853027e-01 4.322303533554077148e-01 5.264704823493957520e-01 1.000000000000000000e+00
4.049019515514373779e-01 4.369485080242156982e-01 5.299018621444702148e-01 1.000000000000000000e+00
4.083333313465118408e-01 4.416666328907012939e-01 5.333332419395446777e-01 1.000000000000000000e+00
4.117647111415863037e-01 4.463847875595092773e-01 5.367646217346191406e-01 1.000000000000000000e+00
4.151960909366607666e-01 4.511029124259948730e-01 5.401960015296936035e-01 1.000000000000000000e+00
4.186274409294128418e-01 4.558210372924804688e-01 5.436273217201232910e-01 1.000000000000000000e+00
4.220588207244873047e-01 4.605391919612884521e-01 5.470587015151977539e-01 1.000000000000000000e+00
4.254902005195617676e-01 4.652573168277740479e-01 5.504900813102722168e-01 1.000000000000000000e+00
4.289215803146362305e-01 4.699754714965820312e-01 5.539214611053466797e-01 1.000000000000000000e+00
4.323529303073883057e-01 4.746935963630676270e-01 5.573528409004211426e-01 1.000000000000000000e+00
4.357843101024627686e-01 4.794117212295532227e-01 5.607842206954956055e-01 1.000000000000000000e+00
4.392156898975372314e-01 4.841298758983612061e-01 5.642156004905700684e-01 1.000000000000000000e+00
4.426470696926116943e-01 4.888480007648468018e-01 5.676469802856445312e-01 1.000000000000000000e+00
4.460784196853637695e-01 4.935661554336547852e-01 5.710783600807189941e-01 1.000000000000000000e+00
4.495097994804382324e-01 4.982842803001403809e-01 5.745096802711486816e-01 1.000000000000000000e+00
4.529411792755126953e-01 5.030024051666259766e-01 5.779410600662231445e-01 1.000000000000000000e+00
4.563725590705871582e-01 5.077205300331115723e-01 5.813724398612976074e-01 1.000000000000000000e+00
4.598039090633392334e-01 5.124387145042419434e-01 5.848038196563720703e-01 1.000000000000000000e+00
4.632352888584136963e-01 5.171568393707275391e-01 5.882351994514465332e-01 1.000000000000000000e+00
4.666666686534881592e-01 5.218749642372131348e-01 5.916665792465209961e-01 1.000000000000000000e+00
4.700980484485626221e-01 5.265930891036987305e-01 5.950979590415954590e-01 1.000000000000000000e+00
4.735293984413146973e-01 5.313112139701843262e-01 5.985293388366699219e-01 1.000000000000000000e+00
4.769607782363891602e-01 5.360293984413146973e-01 6.019607186317443848e-01 1.000000000000000000e+00
4.803921580314636230e-01 5.407475233078002930e-01 6.053920388221740723e-01 1.000000000000000000e+00
4.838235378265380859e-01 5.454656481742858887e-01 6.088234186172485352e-01 1.000000000000000000e+00
4.872548878192901611e-01 5.501837730407714844e-01 6.122547984123229980e-01 1.000000000000000000e+00
4.906862676143646240e-01 5.549018979072570801e-01 6.156861782073974609e-01 1.000000000000000000e+00
4.941176474094390869e-01 5.596200227737426758e-01 6.191175580024719238e-01 1.000000000000000000e+00
4.975490272045135498e-01 5.643382072448730469e-01 6.225489377975463867e-01 1.000000000000000000e+00
5.009803771972656250e-01 5.690563321113586426e-01 6.259803175926208496e-01 1.000000000000000000e+00
5.044117569923400879e-01 5.737744569778442383e-01 6.294116973876953125e-01 1.000000000000000000e+00
5.078431367874145508e-01 5.784925818443298340e-01 6.328430771827697754e-01 1.000000000000000000e+00
5.112745165824890137e-01 5.832107067108154297e-01 6.362744569778442383e-01 1.000000000000000000e+00
5.147058963775634766e-01 5.879288911819458008e-01 6.397057771682739258e-01 1.000000000000000000e+00
5.181372761726379395e-01 5.926470160484313965e-01 6.431371569633483887e-01 1.000000000000000000e+00
5.215686559677124023e-01 5.973651409149169922e-01 6.465685367584228516e-01 1.000000000000000000e+00
5.249999761581420898e-01 6.020832657814025879e-01 6.499999165534973145e-01 1.000000000000000000e+00
5.284313559532165527e-01 6.068013906478881836e-01 6.534312963485717773e-01 1.000000000000000000e+00
5.318627357482910156e-01 6.115195751190185547e-01 6.568626761436462402e-01 1.000000000000000000e+00
5.352941155433654785e-01 6.162376999855041504e-01 6.602940559387207031e-01 1.000000000000000000e+00
5.387254953384399414e-01 6.209558248519897461e-01 6.637254357337951660e-01 1.000000000000000000e+00
5.421568751335144043e-01 6.256739497184753418e-01 6.671568155288696289e-01 1.000000000000000000e+00
5.455882549285888672e-01 6.303920745849609375e-01 6.705881357192993164e-01 1.000000000000000000e+00
5.490196347236633301e-01 6.351102590560913086e-01 6.740195155143737793e-01 1.000000000000000000e+00
5.524509549140930176e-01 6.398283839225769043e-01 6.774508953094482422e-01 1.000000000000000000e+00
5.558823347091674805e-01 6.445465087890625000e-01 6.808822751045227051e-01 1.000000000000000000e+00
5.593137145042419434e-01 6.492646336555480957e-01 6.843136548995971680e-01 1.000000000000000000e+00
5.627450942993164062e-01 6.539827585220336914e-01 6.877450346946716309e-01 1.000000000000000000e+00
5.661764740943908691e-01 6.587009429931640625e-01 6.911764144897460938e-01 1.000000000000000000e+00
5.696078538894653320e-01 6.634190678596496582e-01 6.946077942848205566e-01 1.000000000000000000e+00
5.730392336845397949e-01 6.681371927261352539e-01 6.980391740798950195e-01 1.000000000000000000e+00
5.764706134796142578e-01 6.728553175926208496e-01 7.014704942703247070e-01 1.000000000000000000e+00
5.799019336700439453e-01 6.775734424591064453e-01 7.049018740653991699e-01 1.000000000000000000e+00
5.833333134651184082e-01 6.822916269302368164e-01 7.083332538604736328e-01 1.000000000000000000e+00
5.867646932601928711e-01 6.870097517967224121e-01 7.117646336555480957e-01 1.000000000000000000e+00
5.901960730552673340e-01 6.917278766632080078e-01 7.151960134506225586e-01 1.000000000000000000e+00
5.936274528503417969e-01 6.964460015296936035e-01 7.186273932456970215e-01 1.000000000000000000e+00
5.970588326454162598e-01 7.011641263961791992e-01 7.220587730407714844e-01 1.000000000000000000e+00
6.004902124404907227e-01 7.058823108673095703e-01 7.254901528358459473e-01 1.000000000000000000e+00
6.039215922355651855e-01 7.106004357337951660e-01 7.289215326309204102e-01 1.000000000000000000e+00
6.073529124259948730e-01 7.153185606002807617e-01 7.323528528213500977e-01 1.000000000000000000e+00
6.107842922210693359e-01 7.200366854667663574e-01 7.357842326164245605e-01 1.000000000000000000e+00
6.142156720161437988e-01 7.247548103332519531e-01 7.392156124114990234e-01 1.000000000000000000e+00
6.176470518112182617e-01 7.294729351997375488e-01 7.426469922065734863e-01 1.000000000000000000e+00
6.210784316062927246e-01 7.341911196708679199e-01 7.460783720016479492e-01 1.000000000000000000e+00
6.245098114013671875e-01 7.389092445373535156e-01 7.495097517967224121e-01 1.000000000000000000e+00
6.279411911964416504e-01 7.436273694038391113e-01 7.529411315917968750e-01 1.000000000000000000e+00
6.313725709915161133e-01 7.483454942703247070e-01 7.563725113868713379e-01 1.000000000000000000e+00
6.348039507865905762e-01 7.530636191368103027e-01 7.598038911819458008e-01 1.000000000000000000e+00
6.382352709770202637e-01 7.577818036079406738e-01 7.632352113723754883e-01 1.000000000000000000e+00
6.416666507720947266e-01 7.624999284744262695e-01 7.666665911674499512e-01 1.000000000000000000e+00
6.450980305671691895e-01 7.672180533409118652e-01 7.700979709625244141e-01 1.000000000000000000e+00
6.485294103622436523e-01 7.719361782073974609e-01 7.735293507575988770e-01 1.000000000000000000e+00
6.519607901573181152e-01 7.766543030738830566e-01 7.769607305526733398e-01 1.000000000000000000e+00
6.568626165390014648e-01 7.803921699523925781e-01 7.803921103477478027e-01 1.000000000000000000e+00
6.622241139411926270e-01 7.838235497474670410e-01 7.838234901428222656e-01 1.000000000000000000e+00
6.675856709480285645e-01 7.872549295425415039e-01 7.872548699378967285e-01 1.000000000000000000e+00
6.729471683502197266e-01 7.906862497329711914e-01 7.906862497329711914e-01 1.000000000000000000e+00
6.783087253570556641e-01 7.941176295280456543e-01 7.941176295280456543e-01 1.000000000000000000e+00
6.836702227592468262e-01 7.975490093231201172e-01 7.975489497184753418e-01 1.000000000000000000e+00
6.890317797660827637e-01 8.009803891181945801e-01 8.009803295135498047e-01 1.000000000000000000e+00
6.943932771682739258e-01 8.044117689132690430e-01 8.044117093086242676e-01 1.000000000000000000e+00
6.997547745704650879e-01 8.078431487083435059e-01 8.078430891036987305e-01 1.000000000000000000e+00
7.051163315773010254e-01 8.112745285034179688e-01 8.112744688987731934e-01 1.000000000000000000e+00
7.104778289794921875e-01 8.147059082984924316e-01 8.147058486938476562e-01 1.000000000000000000e+00
7.158393859863281250e-01 8.181372284889221191e-01 8.181372284889221191e-01 1.000000000000000000e+00
7.212008833885192871e-01 8.215686082839965820e-01 8.215686082839965820e-01 1.000000000000000000e+00
7.265623807907104492e-01 8.249999880790710449e-01 8.249999880790710449e-01 1.000000000000000000e+00
7.319239377975463867e-01 8.284313678741455078e-01 8.284313082695007324e-01 1.000000000000000000e+00
7.372854351997375488e-01 8.318627476692199707e-01 8.318626880645751953e-01 1.000000000000000000e+00
7.426469922065734863e-01 8.352941274642944336e-01 8.352940678596496582e-01 1.000000000000000000e+00
7.480084896087646484e-01 8.387255072593688965e-01 8.387254476547241211e-01 1.000000000000000000e+00
7.533699870109558105e-01 8.421568870544433594e-01 8.421568274497985840e-01 1.000000000000000000e+00
7.587315440177917480e-01 8.455882072448730469e-01 8.455882072448730469e-01 1.000000000000000000e+00
7.640930414199829102e-01 8.490195870399475098e-01 8.490195870399475098e-01 1.000000000000000000e+00
7.694545984268188477e-01 8.524509668350219727e-01 8.524509668350219727e-01 1.000000000000000000e+00
7.748160958290100098e-01 8.558823466300964355e-01 8.558823466300964355e-01 1.000000000000000000e+00
7.801775932312011719e-01 8.593137264251708984e-01 8.593136668205261230e-01 1.000000000000000000e+00
7.855391502380371094e-01 8.627451062202453613e-01 8.627450466156005859e-01 1.000000000000000000e+00
7.909006476402282715e-01 8.661764860153198242e-01 8.661764264106750488e-01 1.000000000000000000e+00
7.962622046470642090e-01 8.696078658103942871e-01 8.696078062057495117e-01 1.000000000000000000e+00
8.016237020492553711e-01 8.730391860008239746e-01 8.730391860008239746e-01 1.000000000000000000e+00
8.069851994514465332e-01 8.764705657958984375e-01 8.764705657958984375e-01 1.000000000000000000e+00
8.123467564582824707e-01 8.799019455909729004e-01 8.799019455909729004e-01 1.000000000000000000e+00
8.177082538604736328e-01 8.833333253860473633e-01 8.833333253860473633e-01 1.000000000000000000e+00
8.230698108673095703e-01 8.867647051811218262e-01 8.867647051811218262e-01 1.000000000000000000e+00
8.284313082695007324e-01 8.901960849761962891e-01 8.901960253715515137e-01 1.000000000000000000e+00
8.337928056716918945e-01 8.936274647712707520e-01 8.936274051666259766e-01 1.000000000000000000e+00
8.391543626785278320e-01 8.970588445663452148e-01 8.970587849617004395e-01 1.000000000000000000e+00
8.445158600807189941e-01 9.004902243614196777e-01 9.004901647567749023e-01 1.000000000000000000e+00
8.498774170875549316e-01 9.039215445518493652e-01 9.039215445518493652e-01 1.000000000000000000e+00
8.552389144897460938e-01 9.073529243469238281e-01 9.073529243469238281e-01 1.000000000000000000e+00
8.606004118919372559e-01 9.107843041419982910e-01 9.107843041419982910e-01 1.000000000000000000e+00
8.659619688987731934e-01 9.142156839370727539e-01 9.142156839370727539e-01 1.000000000000000000e+00
8.713234663009643555e-01 9.176470637321472168e-01 9.176470637321472168e-01 1.000000000000000000e+00
8.766850233078002930e-01 9.210784435272216797e-01 9.210783839225769043e-01 1.000000000000000000e+00
8.820465207099914551e-01 9.245098233222961426e-01 9.245097637176513672e-01 1.000000000000000000e+00
8.874080181121826172e-01 9.279412031173706055e-01 9.279411435127258301e-01 1.000000000000000000e+00
8.927695751190185547e-01 9.313725233078002930e-01 9.313725233078002930e-01 1.000000000000000000e+00
8.981310725212097168e-01 9.348039031028747559e-01 9.348039031028747559e-01 1.000000000000000000e+00
9.034926295280456543e-01 9.382352828979492188e-01 9.382352828979492188e-01 1.000000000000000000e+00
9.088541269302368164e-01 9.416666626930236816e-01 9.416666626930236816e-01 1.000000000000000000e+00
9.142156839370727539e-01 9.450980424880981445e-01 9.450980424880981445e-01 1.000000000000000000e+00
9.195771813392639160e-01 9.485294222831726074e-01 9.485294222831726074e-01 1.000000000000000000e+00
9.249386787414550781e-01 9.519608020782470703e-01 9.519608020782470703e-01 1.000000000000000000e+00
9.303002357482910156e-01 9.553921818733215332e-01 9.553921222686767578e-01 1.000000000000000000e+00
9.356617331504821777e-01 9.588235020637512207e-01 9.588235020637512207e-01 1.000000000000000000e+00
9.410232901573181152e-01 9.622548818588256836e-01 9.622548818588256836e-01 1.000000000000000000e+00
9.463847875595092773e-01 9.656862616539001465e-01 9.656862616539001465e-01 1.000000000000000000e+00
9.517462849617004395e-01 9.691176414489746094e-01 9.691176414489746094e-01 1.000000000000000000e+00
9.571078419685363770e-01 9.725490212440490723e-01 9.725490212440490723e-01 1.000000000000000000e+00
9.624693393707275391e-01 9.759804010391235352e-01 9.759804010391235352e-01 1.000000000000000000e+00
9.678308963775634766e-01 9.794117808341979980e-01 9.794117808341979980e-01 1.000000000000000000e+00
9.731923937797546387e-01 9.828431606292724609e-01 9.828431606292724609e-01 1.000000000000000000e+00
9.785538911819458008e-01 9.862744808197021484e-01 9.862744808197021484e-01 1.000000000000000000e+00
9.839154481887817383e-01 9.897058606147766113e-01 9.897058606147766113e-01 1.000000000000000000e+00
9.892769455909729004e-01 9.931372404098510742e-01 9.931372404098510742e-01 1.000000000000000000e+00
9.946385025978088379e-01 9.965686202049255371e-01 9.965686202049255371e-01 1.000000000000000000e+00
1.000000000000000000e+00 1.000000000000000000e+00 1.000000000000000000e+00 1.000000000000000000e+00
