3.294117748737335205e-01 1.882352977991104126e-01 1.960784383118152618e-02 1.000000000000000000e+00
3.380238413810729980e-01 1.933102607727050781e-01 2.037677727639675140e-02 1.000000000000000000e+00
3.466359078884124756e-01 1.983852386474609375e-01 2.114571258425712585e-02 1.000000000000000000e+00
3.552479743957519531e-01 2.034602016210556030e-01 2.191464789211750031e-02 1.000000000000000000e+00
3.638600409030914307e-01 2.085351794958114624e-01 2.268358319997787476e-02 1.000000000000000000e+00
3.724721372127532959e-01 2.136101573705673218e-01 2.345251850783824921e-02 1.000000000000000000e+00
3.810842037200927734e-01 2.186851203441619873e-01 2.422145381569862366e-02 1.000000000000000000e+00
3.896962702274322510e-01 2.237600982189178467e-01 2.499038912355899811e-02 1.000000000000000000e+00
3.983083367347717285e-01 2.288350611925125122e-01 2.575932256877422333e-02 1.000000000000000000e+00
4.069204032421112061e-01 2.339100390672683716e-01 2.652825787663459778e-02 1.000000000000000000e+00
4.155324995517730713e-01 2.389850020408630371e-01 2.729719318449497223e-02 1.000000000000000000e+00
4.241445660591125488e-01 2.440599799156188965e-01 2.806612849235534668e-02 1.000000000000000000e+00
4.327566325664520264e-01 2.491349428892135620e-01 2.883506380021572113e-02 1.000000000000000000e+00
4.413686990737915039e-01 2.542099058628082275e-01 2.960399910807609558e-02 1.000000000000000000e+00
4.499807655811309814e-01 2.592848837375640869e-01 3.037293441593647003e-02 1.000000000000000000e+00
4.585928618907928467e-01 2.643598616123199463e-01 3.114186786115169525e-02 1.000000000000000000e+00
4.672049283981323242e-01 2.694348394870758057e-01 3.191080316901206970e-02 1.000000000000000000e+00
4.758169949054718018e-01 2.745098173618316650e-01 3.267974033951759338e-02 1.000000000000000000e+00
4.844290614128112793e-01 2.795847654342651367e-01 3.344867378473281860e-02 1.000000000000000000e+00
4.930411279201507568e-01 2.846597433090209961e-01 3.421760722994804382e-02 1.000000000000000000e+00
5.016531944274902344e-01 2.897347211837768555e-01 3.498654440045356750e-02 1.000000000000000000e+00
5.102652907371520996e-01 2.948096990585327148e-01 3.575547784566879272e-02 1.000000000000000000e+00
5.188773274421691895e-01 2.998846471309661865e-01 3.652441501617431641e-02 1.000000000000000000e+00
5.274894237518310547e-01 3.049596250057220459e-01 3.729334846138954163e-02 1.000000000000000000e+00
5.361015200614929199e-01 3.100346028804779053e-01 3.806228190660476685e-02 1.000000000000000000e+00
5.447135567665100098e-01 3.151095807552337646e-01 3.883121907711029053e-02 1.000000000000000000e+00
5.529412031173706055e-01 3.213379383087158203e-01 4.190696030855178833e-02 1.000000000000000000e+00
5.607843399047851562e-01 3.287197351455688477e-01 4.728950560092926025e-02 1.000000000000000000e+00
5.686274766921997070e-01 3.361015021800994873e-01 5.267205089330673218e-02 1.000000000000000000e+00
5.764706134796142578e-01 3.434832692146301270e-01 5.805459618568420410e-02 1.000000000000000000e+00
5.843137502670288086e-01 3.508650660514831543e-01 6.343714147806167603e-02 1.000000000000000000e+00
5.921568870544433594e-01 3.582468330860137939e-01 6.881968677043914795e-02 1.000000000000000000e+00
6.000000238418579102e-01 3.656286001205444336e-01 7.420223206281661987e-02 1.000000000000000000e+00
6.078431606292724609e-01 3.730103671550750732e-01 7.958477735519409180e-02 1.000000000000000000e+00
6.156862974166870117e-01 3.803921639919281006e-01 8.496732264757156372e-02 1.000000000000000000e+00
6.235294342041015625e-01 3.877739310264587402e-01 9.034986793994903564e-02 1.000000000000000000e+00
6.313725709915161133e-01 3.951556980609893799e-01 9.573241323232650757e-02 1.000000000000000000e+00
6.392157077789306641e-01 4.025374948978424072e-01 1.011149585247039795e-01 1.000000000000000000e+00
6.470588445663452148e-01 4.099192619323730469e-01 1.064975038170814514e-01 1.000000000000000000e+00
6.549019813537597656e-01 4.173010289669036865e-01 1.118800491094589233e-01 1.000000000000000000e+00
6.627451181411743164e-01 4.246828258037567139e-01 1.172625944018363953e-01 1.000000000000000000e+00
6.705882549285888672e-01 4.320645928382873535e-01 1.226451396942138672e-01 1.000000000000000000e+00
6.784313917160034180e-01 4.394463598728179932e-01 1.280276775360107422e-01 1.000000000000000000e+00
6.862745285034179688e-01 4.468281567096710205e-01 1.334102302789688110e-01 1.000000000000000000e+00
6.941176652908325195e-01 4.542099237442016602e-01 1.387927681207656860e-01 1.000000000000000000e+00
7.019608020782470703e-01 4.615916907787322998e-01 1.441753208637237549e-01 1.000000000000000000e+00
7.098039388656616211e-01 4.689734578132629395e-01 1.495578587055206299e-01 1.000000000000000000e+00
7.176470756530761719e-01 4.763552546501159668e-01 1.549404114484786987e-01 1.000000000000000000e+00
7.254902124404907227e-01 4.837370216846466064e-01 1.603229492902755737e-01 1.000000000000000000e+00
7.333333492279052734e-01 4.911187887191772461e-01 1.657055020332336426e-01 1.000000000000000000e+00
7.411764860153198242e-01 4.985005855560302734e-01 1.710880398750305176e-01 1.000000000000000000e+00
7.490196228027343750e-01 5.058823823928833008e-01 1.764705926179885864e-01 1.000000000000000000e+00
7.539408206939697266e-01 5.158784985542297363e-01 1.887735426425933838e-01 1.000000000000000000e+00
7.588619589805603027e-01 5.258746743202209473e-01 2.010765075683593750e-01 1.000000000000000000e+00
7.637831568717956543e-01 5.358707904815673828e-01 2.133794724941253662e-01 1.000000000000000000e+00
7.687043547630310059e-01 5.458669662475585938e-01 2.256824225187301636e-01 1.000000000000000000e+00
7.736255526542663574e-01 5.558631420135498047e-01 2.379853874444961548e-01 1.000000000000000000e+00
7.785466909408569336e-01 5.658592581748962402e-01 2.502883374691009521e-01 1.000000000000000000e+00
7.834678888320922852e-01 5.758554339408874512e-01 2.625913023948669434e-01 1.000000000000000000e+00
7.883890867233276367e-01 5.858516097068786621e-01 2.748942673206329346e-01 1.000000000000000000e+00
7.933102846145629883e-01 5.958477258682250977e-01 2.871972322463989258e-01 1.000000000000000000e+00
7.982314229011535645e-01 6.058439016342163086e-01 2.995001971721649170e-01 1.000000000000000000e+00
8.031526207923889160e-01 6.158400774002075195e-01 3.118031620979309082e-01 1.000000000000000000e+00
8.080738186836242676e-01 6.258361935615539551e-01 3.241061270236968994e-01 1.000000000000000000e+00
8.129950165748596191e-01 6.358323693275451660e-01 3.364090621471405029e-01 1.000000000000000000e+00
8.179162144660949707e-01 6.458285450935363770e-01 3.487120270729064941e-01 1.000000000000000000e+00
8.228373527526855469e-01 6.558246612548828125e-01 3.610149919986724854e-01 1.000000000000000000e+00
8.277585506439208984e-01 6.658208370208740234e-01 3.733179569244384766e-01 1.000000000000000000e+00
8.326797485351562500e-01 6.758170127868652344e-01 3.856209218502044678e-01 1.000000000000000000e+00
8.376009464263916016e-01 6.858131289482116699e-01 3.979238867759704590e-01 1.000000000000000000e+00
8.425220847129821777e-01 6.958093047142028809e-01 4.102268218994140625e-01 1.000000000000000000e+00
8.474432826042175293e-01 7.058054804801940918e-01 4.225297868251800537e-01 1.000000000000000000e+00
8.523644804954528809e-01 7.158015966415405273e-01 4.348327517509460449e-01 1.000000000000000000e+00
8.572856783866882324e-01 7.257977724075317383e-01 4.471357166767120361e-01 1.000000000000000000e+00
8.622068166732788086e-01 7.357939481735229492e-01 4.594386816024780273e-01 1.000000000000000000e+00
8.671280145645141602e-01 7.457900643348693848e-01 4.717416465282440186e-01 1.000000000000000000e+00
8.720492124557495117e-01 7.557862401008605957e-01 4.840446114540100098e-01 1.000000000000000000e+00
8.762783408164978027e-01 7.637062668800354004e-01 4.955786168575286865e-01 1.000000000000000000e+00
8.798154592514038086e-01 7.695501446723937988e-01 5.063437223434448242e-01 1.000000000000000000e+00
8.833525776863098145e-01 7.753940820693969727e-01 5.171087980270385742e-01 1.000000000000000000e+00
8.868896365165710449e-01 7.812379598617553711e-01 5.278738737106323242e-01 1.000000000000000000e+00
8.904267549514770508e-01 7.870818972587585449e-01 5.386390089988708496e-01 1.000000000000000000e+00
8.939638733863830566e-01 7.929257750511169434e-01 5.494040846824645996e-01 1.000000000000000000e+00
8.975009322166442871e-01 7.987697124481201172e-01 5.601691603660583496e-01 1.000000000000000000e+00
9.010380506515502930e-01 8.046135902404785156e-01 5.709342360496520996e-01 1.000000000000000000e+00
9.045751690864562988e-01 8.104575276374816895e-01 5.816993713378906250e-01 1.000000000000000000e+00
9.081122875213623047e-01 8.163014054298400879e-01 5.924644470214843750e-01 1.000000000000000000e+00
9.116493463516235352e-01 8.221453428268432617e-01 6.032295227050781250e-01 1.000000000000000000e+00
9.151864647865295410e-01 8.279892206192016602e-01 6.139945983886718750e-01 1.000000000000000000e+00
9.187235832214355469e-01 8.338331580162048340e-01 6.247597336769104004e-01 1.000000000000000000e+00
9.222606420516967773e-01 8.396770358085632324e-01 6.355248093605041504e-01 1.000000000000000000e+00
9.257977604866027832e-01 8.455209732055664062e-01 6.462898850440979004e-01 1.000000000000000000e+00
9.293348789215087891e-01 8.513648509979248047e-01 6.570549607276916504e-01 1.000000000000000000e+00
9.328719973564147949e-01 8.572087883949279785e-01 6.678200960159301758e-01 1.000000000000000000e+00
9.364090561866760254e-01 8.630526661872863770e-01 6.785851716995239258e-01 1.000000000000000000e+00
9.399461746215820312e-01 8.688966035842895508e-01 6.893502473831176758e-01 1.000000000000000000e+00
9.434832930564880371e-01 8.747404813766479492e-01 7.001153230667114258e-01 1.000000000000000000e+00
9.470203518867492676e-01 8.805844187736511230e-01 7.108804583549499512e-01 1.000000000000000000e+00
9.505574703216552734e-01 8.864282965660095215e-01 7.216455340385437012e-01 1.000000000000000000e+00
9.540945887565612793e-01 8.922721743583679199e-01 7.324106097221374512e-01 1.000000000000000000e+00
9.576317071914672852e-01 8.981161117553710938e-01 7.431756854057312012e-01 1.000000000000000000e+00
9.611687660217285156e-01 9.039599895477294922e-01 7.539408206939697266e-01 1.000000000000000000e+00
9.647058844566345215e-01 9.098039269447326660e-01 7.647058963775634766e-01 1.000000000000000000e+00
9.645521044731140137e-01 9.118031263351440430e-01 7.723952531814575195e-01 1.000000000000000000e+00
9.643983244895935059e-01 9.138023853302001953e-01 7.800846099853515625e-01 1.000000000000000000e+00
9.642445445060729980e-01 9.158016443252563477e-01 7.877739071846008301e-01 1.000000000000000000e+00
9.640907049179077148e-01 9.178008437156677246e-01 7.954632639884948730e-01 1.000000000000000000e+00
9.639369249343872070e-01 9.198001027107238770e-01 8.031526207923889160e-01 1.000000000000000000e+00
9.637831449508666992e-01 9.217993021011352539e-01 8.108419775962829590e-01 1.000000000000000000e+00
9.636293649673461914e-01 9.237985610961914062e-01 8.185313344001770020e-01 1.000000000000000000e+00
9.634755849838256836e-01 9.257977604866027832e-01 8.262206912040710449e-01 1.000000000000000000e+00
9.633218050003051758e-01 9.277970194816589355e-01 8.339100480079650879e-01 1.000000000000000000e+00
9.631680250167846680e-01 9.297962188720703125e-01 8.415994048118591309e-01 1.000000000000000000e+00
9.630142450332641602e-01 9.317954778671264648e-01 8.492887616157531738e-01 1.000000000000000000e+00
9.628604650497436523e-01 9.337946772575378418e-01 8.569780588150024414e-01 1.000000000000000000e+00
9.627066254615783691e-01 9.357939362525939941e-01 8.646674156188964844e-01 1.000000000000000000e+00
9.625528454780578613e-01 9.377931356430053711e-01 8.723567724227905273e-01 1.000000000000000000e+00
9.623990654945373535e-01 9.397923946380615234e-01 8.800461292266845703e-01 1.000000000000000000e+00
9.622452855110168457e-01 9.417915940284729004e-01 8.877354860305786133e-01 1.000000000000000000e+00
9.620915055274963379e-01 9.437908530235290527e-01 8.954248428344726562e-01 1.000000000000000000e+00
9.619377255439758301e-01 9.457900524139404297e-01 9.031141996383666992e-01 1.000000000000000000e+00
9.617839455604553223e-01 9.477893114089965820e-01 9.108035564422607422e-01 1.000000000000000000e+00
9.616301655769348145e-01 9.497885704040527344e-01 9.184929132461547852e-01 1.000000000000000000e+00
9.614763259887695312e-01 9.517877697944641113e-01 9.261822104454040527e-01 1.000000000000000000e+00
9.613225460052490234e-01 9.537870287895202637e-01 9.338715672492980957e-01 1.000000000000000000e+00
9.611687660217285156e-01 9.557862281799316406e-01 9.415609240531921387e-01 1.000000000000000000e+00
9.610149860382080078e-01 9.577854871749877930e-01 9.492502808570861816e-01 1.000000000000000000e+00
9.608612060546875000e-01 9.597846865653991699e-01 9.569396376609802246e-01 1.000000000000000000e+00
9.572471976280212402e-01 9.599384665489196777e-01 9.595540165901184082e-01 1.000000000000000000e+00
9.501730203628540039e-01 9.582468271255493164e-01 9.570934176445007324e-01 1.000000000000000000e+00
9.430987834930419922e-01 9.565551877021789551e-01 9.546328186988830566e-01 1.000000000000000000e+00
9.360246062278747559e-01 9.548634886741638184e-01 9.521722197532653809e-01 1.000000000000000000e+00
9.289504289627075195e-01 9.531718492507934570e-01 9.497116208076477051e-01 1.000000000000000000e+00
9.218761920928955078e-01 9.514802098274230957e-01 9.472510814666748047e-01 1.000000000000000000e+00
9.148020148277282715e-01 9.497885704040527344e-01 9.447904825210571289e-01 1.000000000000000000e+00
9.077277779579162598e-01 9.480968713760375977e-01 9.423298835754394531e-01 1.000000000000000000e+00
9.006536006927490234e-01 9.464052319526672363e-01 9.398692846298217773e-01 1.000000000000000000e+00
8.935793638229370117e-01 9.447135925292968750e-01 9.374086856842041016e-01 1.000000000000000000e+00
8.865051865577697754e-01 9.430218935012817383e-01 9.349480867385864258e-01 1.000000000000000000e+00
8.794310092926025391e-01 9.413302540779113770e-01 9.324874877929687500e-01 1.000000000000000000e+00
8.723567724227905273e-01 9.396386146545410156e-01 9.300268888473510742e-01 1.000000000000000000e+00
8.652825951576232910e-01 9.379469156265258789e-01 9.275663495063781738e-01 1.000000000000000000e+00
8.582083582878112793e-01 9.362552762031555176e-01 9.251057505607604980e-01 1.000000000000000000e+00
8.511341810226440430e-01 9.345636367797851562e-01 9.226451516151428223e-01 1.000000000000000000e+00
8.440600037574768066e-01 9.328719973564147949e-01 9.201845526695251465e-01 1.000000000000000000e+00
8.369857668876647949e-01 9.311802983283996582e-01 9.177239537239074707e-01 1.000000000000000000e+00
8.299115896224975586e-01 9.294886589050292969e-01 9.152633547782897949e-01 1.000000000000000000e+00
8.228373527526855469e-01 9.277970194816589355e-01 9.128027558326721191e-01 1.000000000000000000e+00
8.157631754875183105e-01 9.261053204536437988e-01 9.103421568870544434e-01 1.000000000000000000e+00
8.086889386177062988e-01 9.244136810302734375e-01 9.078815579414367676e-01 1.000000000000000000e+00
8.016147613525390625e-01 9.227220416069030762e-01 9.054210186004638672e-01 1.000000000000000000e+00
7.945405840873718262e-01 9.210304021835327148e-01 9.029604196548461914e-01 1.000000000000000000e+00
7.874663472175598145e-01 9.193387031555175781e-01 9.004998207092285156e-01 1.000000000000000000e+00
7.803921699523925781e-01 9.176470637321472168e-01 8.980392217636108398e-01 1.000000000000000000e+00
7.694732546806335449e-01 9.131872653961181641e-01 8.925029039382934570e-01 1.000000000000000000e+00
7.585543990135192871e-01 9.087274074554443359e-01 8.869665265083312988e-01 1.000000000000000000e+00
7.476355433464050293e-01 9.042676091194152832e-01 8.814302086830139160e-01 1.000000000000000000e+00
7.367166280746459961e-01 8.998077511787414551e-01 8.758938908576965332e-01 1.000000000000000000e+00
7.257977724075317383e-01 8.953479528427124023e-01 8.703575730323791504e-01 1.000000000000000000e+00
7.148789167404174805e-01 8.908880949020385742e-01 8.648211956024169922e-01 1.000000000000000000e+00
7.039600014686584473e-01 8.864282965660095215e-01 8.592848777770996094e-01 1.000000000000000000e+00
6.930411458015441895e-01 8.819684982299804688e-01 8.537485599517822266e-01 1.000000000000000000e+00
6.821222901344299316e-01 8.775086402893066406e-01 8.482122421264648438e-01 1.000000000000000000e+00
6.712033748626708984e-01 8.730488419532775879e-01 8.426758646965026855e-01 1.000000000000000000e+00
6.602845191955566406e-01 8.685889840126037598e-01 8.371395468711853027e-01 1.000000000000000000e+00
6.493656039237976074e-01 8.641291856765747070e-01 8.316032290458679199e-01 1.000000000000000000e+00
6.384467482566833496e-01 8.596693873405456543e-01 8.260669112205505371e-01 1.000000000000000000e+00
6.275278925895690918e-01 8.552095293998718262e-01 8.205305933952331543e-01 1.000000000000000000e+00
6.166089773178100586e-01 8.507497310638427734e-01 8.149942159652709961e-01 1.000000000000000000e+00
6.056901216506958008e-01 8.462898731231689453e-01 8.094578981399536133e-01 1.000000000000000000e+00
5.947712659835815430e-01 8.418300747871398926e-01 8.039215803146362305e-01 1.000000000000000000e+00
5.838523507118225098e-01 8.373702168464660645e-01 7.983852624893188477e-01 1.000000000000000000e+00
5.729334950447082520e-01 8.329104185104370117e-01 7.928488850593566895e-01 1.000000000000000000e+00
5.620146393775939941e-01 8.284506201744079590e-01 7.873125672340393066e-01 1.000000000000000000e+00
5.510957241058349609e-01 8.239907622337341309e-01 7.817762494087219238e-01 1.000000000000000000e+00
5.401768684387207031e-01 8.195309638977050781e-01 7.762399315834045410e-01 1.000000000000000000e+00
5.292579531669616699e-01 8.150711059570312500e-01 7.707035541534423828e-01 1.000000000000000000e+00
5.183390974998474121e-01 8.106113076210021973e-01 7.651672363281250000e-01 1.000000000000000000e+00
5.074202418327331543e-01 8.061515092849731445e-01 7.596309185028076172e-01 1.000000000000000000e+00
4.961937665939331055e-01 7.997693419456481934e-01 7.530180811882019043e-01 1.000000000000000000e+00
4.846597313880920410e-01 7.914648056030273438e-01 7.453287243843078613e-01 1.000000000000000000e+00
4.731257259845733643e-01 7.831603288650512695e-01 7.376393675804138184e-01 1.000000000000000000e+00
4.615916907787322998e-01 7.748558521270751953e-01 7.299500107765197754e-01 1.000000000000000000e+00
4.500576555728912354e-01 7.665513157844543457e-01 7.222606539726257324e-01 1.000000000000000000e+00
4.385236501693725586e-01 7.582468390464782715e-01 7.145712971687316895e-01 1.000000000000000000e+00
4.269896149635314941e-01 7.499423027038574219e-01 7.068819403648376465e-01 1.000000000000000000e+00
4.154555797576904297e-01 7.416378259658813477e-01 6.991926431655883789e-01 1.000000000000000000e+00
4.039215743541717529e-01 7.333333492279052734e-01 6.915032863616943359e-01 1.000000000000000000e+00
3.923875391483306885e-01 7.250288128852844238e-01 6.838139295578002930e-01 1.000000000000000000e+00
3.808535039424896240e-01 7.167243361473083496e-01 6.761245727539062500e-01 1.000000000000000000e+00
3.693194985389709473e-01 7.084198594093322754e-01 6.684352159500122070e-01 1.000000000000000000e+00
3.577854633331298828e-01 7.001153230667114258e-01 6.607458591461181641e-01 1.000000000000000000e+00
3.462514281272888184e-01 6.918108463287353516e-01 6.530565023422241211e-01 1.000000000000000000e+00
3.347174227237701416e-01 6.835063695907592773e-01 6.453671455383300781e-01 1.000000000000000000e+00
3.231833875179290771e-01 6.752018332481384277e-01 6.376777887344360352e-01 1.000000000000000000e+00
3.116493523120880127e-01 6.668973565101623535e-01 6.299884915351867676e-01 1.000000000000000000e+00
3.001153469085693359e-01 6.585928201675415039e-01 6.222991347312927246e-01 1.000000000000000000e+00
2.885813117027282715e-01 6.502883434295654297e-01 6.146097779273986816e-01 1.000000000000000000e+00
2.770472764968872070e-01 6.419838666915893555e-01 6.069204211235046387e-01 1.000000000000000000e+00
2.655132710933685303e-01 6.336793303489685059e-01 5.992310643196105957e-01 1.000000000000000000e+00
2.539792358875274658e-01 6.253748536109924316e-01 5.915417075157165527e-01 1.000000000000000000e+00
2.424452155828475952e-01 6.170703768730163574e-01 5.838523507118225098e-01 1.000000000000000000e+00
2.309111952781677246e-01 6.087658405303955078e-01 5.761629939079284668e-01 1.000000000000000000e+00
2.193771600723266602e-01 6.004613637924194336e-01 5.684736371040344238e-01 1.000000000000000000e+00
2.078431397676467896e-01 5.921568870544433594e-01 5.607843399047851562e-01 1.000000000000000000e+00
1.998462080955505371e-01 5.846213102340698242e-01 5.532487630844116211e-01 1.000000000000000000e+00
1.918492913246154785e-01 5.770857334136962891e-01 5.457131862640380859e-01 1.000000000000000000e+00
1.838523596525192261e-01 5.695501565933227539e-01 5.381776094436645508e-01 1.000000000000000000e+00
1.758554428815841675e-01 5.620146393775939941e-01 5.306420326232910156e-01 1.000000000000000000e+00
1.678585112094879150e-01 5.544790625572204590e-01 5.231065154075622559e-01 1.000000000000000000e+00
1.598615944385528564e-01 5.469434857368469238e-01 5.155709385871887207e-01 1.000000000000000000e+00
1.518646627664566040e-01 5.394079089164733887e-01 5.080353617668151855e-01 1.000000000000000000e+00
1.438677459955215454e-01 5.318723320960998535e-01 5.004997849464416504e-01 1.000000000000000000e+00
1.358708143234252930e-01 5.243368148803710938e-01 4.929642379283905029e-01 1.000000000000000000e+00
1.278738975524902344e-01 5.168012380599975586e-01 4.854286909103393555e-01 1.000000000000000000e+00
1.198769733309745789e-01 5.092656612396240234e-01 4.778931140899658203e-01 1.000000000000000000e+00
1.118800491094589233e-01 5.017300844192504883e-01 4.703575670719146729e-01 1.000000000000000000e+00
1.038831248879432678e-01 4.941945374011993408e-01 4.628219902515411377e-01 1.000000000000000000e+00
9.588620066642761230e-02 4.866589903831481934e-01 4.552864134311676025e-01 1.000000000000000000e+00
8.788927644491195679e-02 4.791234135627746582e-01 4.477508664131164551e-01 1.000000000000000000e+00
7.989235222339630127e-02 4.715878367424011230e-01 4.402152895927429199e-01 1.000000000000000000e+00
7.189542800188064575e-02 4.640522897243499756e-01 4.326797425746917725e-01 1.000000000000000000e+00
6.389850378036499023e-02 4.565167129039764404e-01 4.251441657543182373e-01 1.000000000000000000e+00
5.590157583355903625e-02 4.489811658859252930e-01 4.176086187362670898e-01 1.000000000000000000e+00
4.790465161204338074e-02 4.414455890655517578e-01 4.100730419158935547e-01 1.000000000000000000e+00
3.990772739052772522e-02 4.339100420475006104e-01 4.025374948978424072e-01 1.000000000000000000e+00
3.191080316901206970e-02 4.263744652271270752e-01 3.950019180774688721e-01 1.000000000000000000e+00
2.391387894749641418e-02 4.188389182090759277e-01 3.874663710594177246e-01 1.000000000000000000e+00
1.591695472598075867e-02 4.113033413887023926e-01 3.799307942390441895e-01 1.000000000000000000e+00
7.920030504465103149e-03 4.037677943706512451e-01 3.723952472209930420e-01 1.000000000000000000e+00
3.844675142318010330e-03 3.967704772949218750e-01 3.650903403759002686e-01 1.000000000000000000e+00
3.690888173878192902e-03 3.903114199638366699e-01 3.580161333084106445e-01 1.000000000000000000e+00
3.537101205438375473e-03 3.838523626327514648e-01 3.509419560432434082e-01 1.000000000000000000e+00
3.383314004167914391e-03 3.773933053016662598e-01 3.438677489757537842e-01 1.000000000000000000e+00
3.229527035728096962e-03 3.709342479705810547e-01 3.367935419082641602e-01 1.000000000000000000e+00
3.075740067288279533e-03 3.644751906394958496e-01 3.297193348407745361e-01 1.000000000000000000e+00
2.921953098848462105e-03 3.580161333084106445e-01 3.226451277732849121e-01 1.000000000000000000e+00
2.768166130408644676e-03 3.515571057796478271e-01 3.155709207057952881e-01 1.000000000000000000e+00
2.614379161968827248e-03 3.450980484485626221e-01 3.084967434406280518e-01 1.000000000000000000e+00
2.460592193529009819e-03 3.386389911174774170e-01 3.014225363731384277e-01 1.000000000000000000e+00
2.306804992258548737e-03 3.321799337863922119e-01 2.943483293056488037e-01 1.000000000000000000e+00
2.153018023818731308e-03 3.257208764553070068e-01 2.872741222381591797e-01 1.000000000000000000e+00
1.999231055378913879e-03 3.192618191242218018e-01 2.801999151706695557e-01 1.000000000000000000e+00
1.845444086939096451e-03 3.128027617931365967e-01 2.731257081031799316e-01 1.000000000000000000e+00
1.691657002083957195e-03 3.063437044620513916e-01 2.660515308380126953e-01 1.000000000000000000e+00
1.537870033644139767e-03 2.998846471309661865e-01 2.589773237705230713e-01 1.000000000000000000e+00
1.384083065204322338e-03 2.934256196022033691e-01 2.519031167030334473e-01 1.000000000000000000e+00
1.230296096764504910e-03 2.869665622711181641e-01 2.448289096355438232e-01 1.000000000000000000e+00
1.076509011909365654e-03 2.805075049400329590e-01 2.377547025680541992e-01 1.000000000000000000e+00
9.227220434695482254e-04 2.740484476089477539e-01 2.306805104017257690e-01 1.000000000000000000e+00
7.689350168220698833e-04 2.675893902778625488e-01 2.236063033342361450e-01 1.000000000000000000e+00
6.151480483822524548e-04 2.611303329467773438e-01 2.165320962667465210e-01 1.000000000000000000e+00
4.613610217347741127e-04 2.546712756156921387e-01 2.094579041004180908e-01 1.000000000000000000e+00
3.075740241911262274e-04 2.482122331857681274e-01 2.023836970329284668e-01 1.000000000000000000e+00
1.537870120955631137e-04 2.417531758546829224e-01 1.953094899654388428e-01 1.000000000000000000e+00
0.000000000000000000e+00 2.352941185235977173e-01 1.882352977991104126e-01 1.000000000000000000e+00
