9.686274528503417969e-01 9.882352948188781738e-01 9.921568632125854492e-01 1.000000000000000000e+00
9.664129018783569336e-01 9.873740673065185547e-01 9.916647672653198242e-01 1.000000000000000000e+00
9.641984105110168457e-01 9.865128993988037109e-01 9.911726117134094238e-01 1.000000000000000000e+00
9.619838595390319824e-01 9.856516718864440918e-01 9.906805157661437988e-01 1.000000000000000000e+00
9.597693085670471191e-01 9.847904443740844727e-01 9.901883602142333984e-01 1.000000000000000000e+00
9.575547575950622559e-01 9.839292764663696289e-01 9.896962642669677734e-01 1.000000000000000000e+00
9.553402662277221680e-01 9.830680489540100098e-01 9.892041683197021484e-01 1.000000000000000000e+00
9.531257152557373047e-01 9.822068214416503906e-01 9.887120127677917480e-01 1.000000000000000000e+00
9.509111642837524414e-01 9.813456535339355469e-01 9.882199168205261230e-01 1.000000000000000000e+00
9.486966729164123535e-01 9.804844260215759277e-01 9.877278208732604980e-01 1.000000000000000000e+00
9.464821219444274902e-01 9.796231985092163086e-01 9.872356653213500977e-01 1.000000000000000000e+00
9.442675709724426270e-01 9.787620306015014648e-01 9.867435693740844727e-01 1.000000000000000000e+00
9.420530796051025391e-01 9.779008030891418457e-01 9.862514138221740723e-01 1.000000000000000000e+00
9.398385286331176758e-01 9.770395755767822266e-01 9.857593178749084473e-01 1.000000000000000000e+00
9.376239776611328125e-01 9.761784076690673828e-01 9.852672219276428223e-01 1.000000000000000000e+00
9.354094862937927246e-01 9.753171801567077637e-01 9.847750663757324219e-01 1.000000000000000000e+00
9.331949353218078613e-01 9.744559526443481445e-01 9.842829704284667969e-01 1.000000000000000000e+00
9.309803843498229980e-01 9.735947847366333008e-01 9.837908744812011719e-01 1.000000000000000000e+00
9.287658333778381348e-01 9.727335572242736816e-01 9.832987189292907715e-01 1.000000000000000000e+00
9.265513420104980469e-01 9.718723297119140625e-01 9.828066229820251465e-01 1.000000000000000000e+00
9.243367910385131836e-01 9.710111618041992188e-01 9.823144674301147461e-01 1.000000000000000000e+00
9.221222400665283203e-01 9.701499342918395996e-01 9.818223714828491211e-01 1.000000000000000000e+00
9.199077486991882324e-01 9.692887067794799805e-01 9.813302755355834961e-01 1.000000000000000000e+00
9.176931977272033691e-01 9.684275388717651367e-01 9.808381199836730957e-01 1.000000000000000000e+00
9.154786467552185059e-01 9.675663113594055176e-01 9.803460240364074707e-01 1.000000000000000000e+00
9.132641553878784180e-01 9.667050838470458984e-01 9.798539280891418457e-01 1.000000000000000000e+00
9.110496044158935547e-01 9.658439159393310547e-01 9.793617725372314453e-01 1.000000000000000000e+00
9.088350534439086914e-01 9.649826884269714355e-01 9.788696765899658203e-01 1.000000000000000000e+00
9.066205024719238281e-01 9.641215205192565918e-01 9.783775210380554199e-01 1.000000000000000000e+00
9.044060111045837402e-01 9.632602930068969727e-01 9.778854250907897949e-01 1.000000000000000000e+00
9.021914601325988770e-01 9.623990654945373535e-01 9.773933291435241699e-01 1.000000000000000000e+00
8.999769091606140137e-01 9.615378975868225098e-01 9.769011735916137695e-01 1.000000000000000000e+00
8.976547718048095703e-01 9.606459140777587891e-01 9.761784076690673828e-01 1.000000000000000000e+00
8.945789933204650879e-01 9.595386385917663574e-01 9.738408327102661133e-01 1.000000000000000000e+00
8.915032744407653809e-01 9.584313631057739258e-01 9.715032577514648438e-01 1.000000000000000000e+00
8.884275555610656738e-01 9.573240876197814941e-01 9.691656827926635742e-01 1.000000000000000000e+00
8.853517770767211914e-01 9.562168121337890625e-01 9.668281674385070801e-01 1.000000000000000000e+00
8.822760581970214844e-01 9.551095962524414062e-01 9.644905924797058105e-01 1.000000000000000000e+00
8.792002797126770020e-01 9.540023207664489746e-01 9.621530175209045410e-01 1.000000000000000000e+00
8.761245608329772949e-01 9.528950452804565430e-01 9.598154425621032715e-01 1.000000000000000000e+00
8.730488419532775879e-01 9.517877697944641113e-01 9.574778676033020020e-01 1.000000000000000000e+00
8.699730634689331055e-01 9.506804943084716797e-01 9.551403522491455078e-01 1.000000000000000000e+00
8.668973445892333984e-01 9.495732188224792480e-01 9.528027772903442383e-01 1.000000000000000000e+00
8.638216257095336914e-01 9.484660029411315918e-01 9.504652023315429688e-01 1.000000000000000000e+00
8.607458472251892090e-01 9.473587274551391602e-01 9.481276273727416992e-01 1.000000000000000000e+00
8.576701283454895020e-01 9.462514519691467285e-01 9.457900524139404297e-01 1.000000000000000000e+00
8.545944094657897949e-01 9.451441764831542969e-01 9.434525370597839355e-01 1.000000000000000000e+00
8.515186309814453125e-01 9.440369009971618652e-01 9.411149621009826660e-01 1.000000000000000000e+00
8.484429121017456055e-01 9.429296255111694336e-01 9.387773871421813965e-01 1.000000000000000000e+00
8.453671932220458984e-01 9.418223500251770020e-01 9.364398121833801270e-01 1.000000000000000000e+00
8.422914147377014160e-01 9.407151341438293457e-01 9.341022968292236328e-01 1.000000000000000000e+00
8.392156958580017090e-01 9.396078586578369141e-01 9.317647218704223633e-01 1.000000000000000000e+00
8.361399173736572266e-01 9.385005831718444824e-01 9.294271469116210938e-01 1.000000000000000000e+00
8.330641984939575195e-01 9.373933076858520508e-01 9.270895719528198242e-01 1.000000000000000000e+00
8.299884796142578125e-01 9.362860321998596191e-01 9.247519969940185547e-01 1.000000000000000000e+00
8.269127011299133301e-01 9.351787567138671875e-01 9.224144816398620605e-01 1.000000000000000000e+00
8.238369822502136230e-01 9.340714812278747559e-01 9.200769066810607910e-01 1.000000000000000000e+00
8.207612633705139160e-01 9.329642653465270996e-01 9.177393317222595215e-01 1.000000000000000000e+00
8.176854848861694336e-01 9.318569898605346680e-01 9.154017567634582520e-01 1.000000000000000000e+00
8.146097660064697266e-01 9.307497143745422363e-01 9.130641818046569824e-01 1.000000000000000000e+00
8.115340471267700195e-01 9.296424388885498047e-01 9.107266664505004883e-01 1.000000000000000000e+00
8.084582686424255371e-01 9.285351634025573730e-01 9.083890914916992188e-01 1.000000000000000000e+00
8.053825497627258301e-01 9.274278879165649414e-01 9.060515165328979492e-01 1.000000000000000000e+00
8.023068308830261230e-01 9.263206720352172852e-01 9.037139415740966797e-01 1.000000000000000000e+00
7.984313964843750000e-01 9.248750209808349609e-01 9.010688066482543945e-01 1.000000000000000000e+00
7.921568751335144043e-01 9.224144816398620605e-01 8.975009322166442871e-01 1.000000000000000000e+00
7.858823537826538086e-01 9.199538826942443848e-01 8.939331173896789551e-01 1.000000000000000000e+00
7.796078324317932129e-01 9.174932837486267090e-01 8.903652429580688477e-01 1.000000000000000000e+00
7.733333110809326172e-01 9.150326848030090332e-01 8.867973685264587402e-01 1.000000000000000000e+00
7.670588493347167969e-01 9.125720858573913574e-01 8.832295536994934082e-01 1.000000000000000000e+00
7.607843279838562012e-01 9.101114869117736816e-01 8.796616792678833008e-01 1.000000000000000000e+00
7.545098066329956055e-01 9.076508879661560059e-01 8.760938048362731934e-01 1.000000000000000000e+00
7.482352852821350098e-01 9.051902890205383301e-01 8.725259304046630859e-01 1.000000000000000000e+00
7.419607639312744141e-01 9.027296900749206543e-01 8.689581155776977539e-01 1.000000000000000000e+00
7.356863021850585938e-01 9.002691507339477539e-01 8.653902411460876465e-01 1.000000000000000000e+00
7.294117808341979980e-01 8.978085517883300781e-01 8.618223667144775391e-01 1.000000000000000000e+00
7.231372594833374023e-01 8.953479528427124023e-01 8.582544922828674316e-01 1.000000000000000000e+00
7.168627381324768066e-01 8.928873538970947266e-01 8.546866774559020996e-01 1.000000000000000000e+00
7.105882167816162109e-01 8.904267549514770508e-01 8.511188030242919922e-01 1.000000000000000000e+00
7.043137550354003906e-01 8.879661560058593750e-01 8.475509285926818848e-01 1.000000000000000000e+00
6.980392336845397949e-01 8.855055570602416992e-01 8.439830541610717773e-01 1.000000000000000000e+00
6.917647123336791992e-01 8.830449581146240234e-01 8.404152393341064453e-01 1.000000000000000000e+00
6.854901909828186035e-01 8.805844187736511230e-01 8.368473649024963379e-01 1.000000000000000000e+00
6.792156696319580078e-01 8.781238198280334473e-01 8.332794904708862305e-01 1.000000000000000000e+00
6.729411482810974121e-01 8.756632208824157715e-01 8.297116756439208984e-01 1.000000000000000000e+00
6.666666865348815918e-01 8.732026219367980957e-01 8.261438012123107910e-01 1.000000000000000000e+00
6.603921651840209961e-01 8.707420229911804199e-01 8.225759267807006836e-01 1.000000000000000000e+00
6.541176438331604004e-01 8.682814240455627441e-01 8.190080523490905762e-01 1.000000000000000000e+00
6.478431224822998047e-01 8.658208250999450684e-01 8.154402375221252441e-01 1.000000000000000000e+00
6.415686011314392090e-01 8.633602261543273926e-01 8.118723630905151367e-01 1.000000000000000000e+00
6.352941393852233887e-01 8.608996272087097168e-01 8.083044886589050293e-01 1.000000000000000000e+00
6.290196180343627930e-01 8.584390878677368164e-01 8.047366142272949219e-01 1.000000000000000000e+00
6.227450966835021973e-01 8.559784889221191406e-01 8.011687994003295898e-01 1.000000000000000000e+00
6.164705753326416016e-01 8.535178899765014648e-01 7.976009249687194824e-01 1.000000000000000000e+00
6.101960539817810059e-01 8.510572910308837891e-01 7.940330505371093750e-01 1.000000000000000000e+00
6.039215922355651855e-01 8.485966920852661133e-01 7.904651761054992676e-01 1.000000000000000000e+00
5.976470708847045898e-01 8.460438251495361328e-01 7.865282297134399414e-01 1.000000000000000000e+00
5.913725495338439941e-01 8.433371782302856445e-01 7.819761633872985840e-01 1.000000000000000000e+00
5.850980281829833984e-01 8.406305313110351562e-01 7.774240970611572266e-01 1.000000000000000000e+00
5.788235068321228027e-01 8.379238843917846680e-01 7.728719711303710938e-01 1.000000000000000000e+00
5.725490450859069824e-01 8.352172374725341797e-01 7.683199048042297363e-01 1.000000000000000000e+00
5.662745237350463867e-01 8.325105905532836914e-01 7.637677788734436035e-01 1.000000000000000000e+00
5.600000023841857910e-01 8.298039436340332031e-01 7.592157125473022461e-01 1.000000000000000000e+00
5.537254810333251953e-01 8.270972967147827148e-01 7.546635866165161133e-01 1.000000000000000000e+00
5.474509596824645996e-01 8.243905901908874512e-01 7.501115202903747559e-01 1.000000000000000000e+00
5.411764979362487793e-01 8.216839432716369629e-01 7.455593943595886230e-01 1.000000000000000000e+00
5.349019765853881836e-01 8.189772963523864746e-01 7.410073280334472656e-01 1.000000000000000000e+00
5.286274552345275879e-01 8.162706494331359863e-01 7.364552021026611328e-01 1.000000000000000000e+00
5.223529338836669922e-01 8.135640025138854980e-01 7.319031357765197754e-01 1.000000000000000000e+00
5.160784125328063965e-01 8.108573555946350098e-01 7.273510098457336426e-01 1.000000000000000000e+00
5.098039507865905762e-01 8.081507086753845215e-01 7.227989435195922852e-01 1.000000000000000000e+00
5.035294294357299805e-01 8.054440617561340332e-01 7.182468175888061523e-01 1.000000000000000000e+00
4.972549080848693848e-01 8.027374148368835449e-01 7.136947512626647949e-01 1.000000000000000000e+00
4.909803867340087891e-01 8.000307679176330566e-01 7.091426253318786621e-01 1.000000000000000000e+00
4.847058951854705811e-01 7.973241209983825684e-01 7.045905590057373047e-01 1.000000000000000000e+00
4.784313738346099854e-01 7.946174740791320801e-01 7.000384330749511719e-01 1.000000000000000000e+00
4.721568524837493896e-01 7.919108271598815918e-01 6.954863667488098145e-01 1.000000000000000000e+00
4.658823609352111816e-01 7.892041802406311035e-01 6.909342408180236816e-01 1.000000000000000000e+00
4.596078395843505859e-01 7.864974737167358398e-01 6.863821744918823242e-01 1.000000000000000000e+00
4.533333480358123779e-01 7.837908267974853516e-01 6.818300485610961914e-01 1.000000000000000000e+00
4.470588266849517822e-01 7.810841798782348633e-01 6.772779822349548340e-01 1.000000000000000000e+00
4.407843053340911865e-01 7.783775329589843750e-01 6.727258563041687012e-01 1.000000000000000000e+00
4.345098137855529785e-01 7.756708860397338867e-01 6.681737899780273438e-01 1.000000000000000000e+00
4.282352924346923828e-01 7.729642391204833984e-01 6.636216640472412109e-01 1.000000000000000000e+00
4.219607710838317871e-01 7.702575922012329102e-01 6.590695977210998535e-01 1.000000000000000000e+00
4.156862795352935791e-01 7.675509452819824219e-01 6.545174717903137207e-01 1.000000000000000000e+00
4.094117581844329834e-01 7.648442983627319336e-01 6.499654054641723633e-01 1.000000000000000000e+00
4.031372666358947754e-01 7.621376514434814453e-01 6.454132795333862305e-01 1.000000000000000000e+00
3.977239429950714111e-01 7.595540285110473633e-01 6.403075456619262695e-01 1.000000000000000000e+00
3.931718468666076660e-01 7.570934295654296875e-01 6.346482038497924805e-01 1.000000000000000000e+00
3.886197507381439209e-01 7.546328306198120117e-01 6.289888620376586914e-01 1.000000000000000000e+00
3.840676546096801758e-01 7.521722316741943359e-01 6.233294606208801270e-01 1.000000000000000000e+00
3.795155584812164307e-01 7.497116327285766602e-01 6.176701188087463379e-01 1.000000000000000000e+00
3.749634623527526855e-01 7.472510337829589844e-01 6.120107769966125488e-01 1.000000000000000000e+00
3.704113662242889404e-01 7.447904944419860840e-01 6.063513755798339844e-01 1.000000000000000000e+00
3.658592700958251953e-01 7.423298954963684082e-01 6.006920337677001953e-01 1.000000000000000000e+00
3.613072037696838379e-01 7.398692965507507324e-01 5.950326919555664062e-01 1.000000000000000000e+00
3.567551076412200928e-01 7.374086976051330566e-01 5.893732905387878418e-01 1.000000000000000000e+00
3.522030115127563477e-01 7.349480986595153809e-01 5.837139487266540527e-01 1.000000000000000000e+00
3.476509153842926025e-01 7.324874997138977051e-01 5.780546069145202637e-01 1.000000000000000000e+00
3.430988192558288574e-01 7.300269007682800293e-01 5.723952054977416992e-01 1.000000000000000000e+00
3.385467231273651123e-01 7.275663018226623535e-01 5.667358636856079102e-01 1.000000000000000000e+00
3.339946269989013672e-01 7.251057028770446777e-01 5.610765218734741211e-01 1.000000000000000000e+00
3.294425308704376221e-01 7.226451635360717773e-01 5.554171204566955566e-01 1.000000000000000000e+00
3.248904347419738770e-01 7.201845645904541016e-01 5.497577786445617676e-01 1.000000000000000000e+00
3.203383386135101318e-01 7.177239656448364258e-01 5.440984368324279785e-01 1.000000000000000000e+00
3.157862424850463867e-01 7.152633666992187500e-01 5.384390354156494141e-01 1.000000000000000000e+00
3.112341463565826416e-01 7.128027677536010742e-01 5.327796936035156250e-01 1.000000000000000000e+00
3.066820502281188965e-01 7.103421688079833984e-01 5.271203517913818359e-01 1.000000000000000000e+00
3.021299540996551514e-01 7.078815698623657227e-01 5.214609503746032715e-01 1.000000000000000000e+00
2.975778579711914062e-01 7.054209709167480469e-01 5.158016085624694824e-01 1.000000000000000000e+00
2.930257618427276611e-01 7.029603719711303711e-01 5.101422667503356934e-01 1.000000000000000000e+00
2.884736657142639160e-01 7.004998326301574707e-01 5.044828653335571289e-01 1.000000000000000000e+00
2.839215695858001709e-01 6.980392336845397949e-01 4.988235235214233398e-01 1.000000000000000000e+00
2.793694734573364258e-01 6.955786347389221191e-01 4.931641817092895508e-01 1.000000000000000000e+00
2.748173773288726807e-01 6.931180357933044434e-01 4.875048100948333740e-01 1.000000000000000000e+00
2.702652812004089355e-01 6.906574368476867676e-01 4.818454384803771973e-01 1.000000000000000000e+00
2.657131850719451904e-01 6.881968379020690918e-01 4.761860966682434082e-01 1.000000000000000000e+00
2.611610889434814453e-01 6.857362389564514160e-01 4.705267250537872314e-01 1.000000000000000000e+00
2.566089928150177002e-01 6.832756400108337402e-01 4.648673534393310547e-01 1.000000000000000000e+00
2.525951564311981201e-01 6.796616911888122559e-01 4.589773118495941162e-01 1.000000000000000000e+00
2.489042729139328003e-01 6.753556132316589355e-01 4.529488682746887207e-01 1.000000000000000000e+00
2.452133744955062866e-01 6.710495948791503906e-01 4.469204246997833252e-01 1.000000000000000000e+00
2.415224909782409668e-01 6.667435765266418457e-01 4.408919513225555420e-01 1.000000000000000000e+00
2.378316074609756470e-01 6.624374985694885254e-01 4.348635077476501465e-01 1.000000000000000000e+00
2.341407090425491333e-01 6.581314802169799805e-01 4.288350641727447510e-01 1.000000000000000000e+00
2.304498255252838135e-01 6.538254618644714355e-01 4.228066205978393555e-01 1.000000000000000000e+00
2.267589420080184937e-01 6.495194435119628906e-01 4.167781770229339600e-01 1.000000000000000000e+00
2.230680435895919800e-01 6.452133655548095703e-01 4.107497036457061768e-01 1.000000000000000000e+00
2.193771600723266602e-01 6.409073472023010254e-01 4.047212600708007812e-01 1.000000000000000000e+00
2.156862765550613403e-01 6.366013288497924805e-01 3.986928164958953857e-01 1.000000000000000000e+00
2.119953930377960205e-01 6.322952508926391602e-01 3.926643729209899902e-01 1.000000000000000000e+00
2.083044946193695068e-01 6.279892325401306152e-01 3.866358995437622070e-01 1.000000000000000000e+00
2.046136111021041870e-01 6.236832141876220703e-01 3.806074559688568115e-01 1.000000000000000000e+00
2.009227275848388672e-01 6.193771362304687500e-01 3.745790123939514160e-01 1.000000000000000000e+00
1.972318291664123535e-01 6.150711178779602051e-01 3.685505688190460205e-01 1.000000000000000000e+00
1.935409456491470337e-01 6.107650995254516602e-01 3.625220954418182373e-01 1.000000000000000000e+00
1.898500621318817139e-01 6.064590811729431152e-01 3.564936518669128418e-01 1.000000000000000000e+00
1.861591637134552002e-01 6.021530032157897949e-01 3.504652082920074463e-01 1.000000000000000000e+00
1.824682801961898804e-01 5.978469848632812500e-01 3.444367647171020508e-01 1.000000000000000000e+00
1.787773966789245605e-01 5.935409665107727051e-01 3.384082913398742676e-01 1.000000000000000000e+00
1.750864982604980469e-01 5.892348885536193848e-01 3.323798477649688721e-01 1.000000000000000000e+00
1.713956147432327271e-01 5.849288702011108398e-01 3.263514041900634766e-01 1.000000000000000000e+00
1.677047312259674072e-01 5.806228518486022949e-01 3.203229606151580811e-01 1.000000000000000000e+00
1.640138477087020874e-01 5.763167738914489746e-01 3.142944872379302979e-01 1.000000000000000000e+00
1.603229492902755737e-01 5.720107555389404297e-01 3.082660436630249023e-01 1.000000000000000000e+00
1.566320657730102539e-01 5.677047371864318848e-01 3.022376000881195068e-01 1.000000000000000000e+00
1.529411822557449341e-01 5.633987188339233398e-01 2.962091565132141113e-01 1.000000000000000000e+00
1.492502838373184204e-01 5.590926408767700195e-01 2.901807129383087158e-01 1.000000000000000000e+00
1.455594003200531006e-01 5.547866225242614746e-01 2.841522395610809326e-01 1.000000000000000000e+00
1.418685168027877808e-01 5.504806041717529297e-01 2.781237959861755371e-01 1.000000000000000000e+00
1.381776183843612671e-01 5.461745262145996094e-01 2.720953524112701416e-01 1.000000000000000000e+00
1.340253800153732300e-01 5.423298478126525879e-01 2.682814300060272217e-01 1.000000000000000000e+00
1.297193318605422974e-01 5.386390089988708496e-01 2.652056813240051270e-01 1.000000000000000000e+00
1.254132986068725586e-01 5.349481105804443359e-01 2.621299624443054199e-01 1.000000000000000000e+00
1.211072653532028198e-01 5.312572121620178223e-01 2.590542137622833252e-01 1.000000000000000000e+00
1.168012320995330811e-01 5.275663137435913086e-01 2.559784650802612305e-01 1.000000000000000000e+00
1.124951913952827454e-01 5.238754153251647949e-01 2.529027163982391357e-01 1.000000000000000000e+00
1.081891581416130066e-01 5.201845169067382812e-01 2.498269826173782349e-01 1.000000000000000000e+00
1.038831248879432678e-01 5.164936780929565430e-01 2.467512488365173340e-01 1.000000000000000000e+00
9.957708418369293213e-02 5.128027796745300293e-01 2.436755150556564331e-01 1.000000000000000000e+00
9.527105093002319336e-02 5.091118812561035156e-01 2.405997663736343384e-01 1.000000000000000000e+00
9.096501022577285767e-02 5.054209828376770020e-01 2.375240325927734375e-01 1.000000000000000000e+00
8.665897697210311890e-02 5.017300844192504883e-01 2.344482839107513428e-01 1.000000000000000000e+00
8.235294371843338013e-02 4.980392158031463623e-01 2.313725501298904419e-01 1.000000000000000000e+00
7.804690301418304443e-02 4.943483173847198486e-01 2.282968163490295410e-01 1.000000000000000000e+00
7.374086976051330566e-02 4.906574487686157227e-01 2.252210676670074463e-01 1.000000000000000000e+00
6.943482905626296997e-02 4.869665503501892090e-01 2.221453338861465454e-01 1.000000000000000000e+00
6.512879580259323120e-02 4.832756519317626953e-01 2.190695852041244507e-01 1.000000000000000000e+00
6.082275882363319397e-02 4.795847833156585693e-01 2.159938514232635498e-01 1.000000000000000000e+00
5.651672556996345520e-02 4.758938848972320557e-01 2.129181027412414551e-01 1.000000000000000000e+00
5.221068859100341797e-02 4.722029864788055420e-01 2.098423689603805542e-01 1.000000000000000000e+00
4.790465161204338074e-02 4.685121178627014160e-01 2.067666351795196533e-01 1.000000000000000000e+00
4.359861463308334351e-02 4.648212194442749023e-01 2.036908864974975586e-01 1.000000000000000000e+00
3.929258137941360474e-02 4.611303210258483887e-01 2.006151527166366577e-01 1.000000000000000000e+00
3.498654440045356750e-02 4.574394524097442627e-01 1.975394040346145630e-01 1.000000000000000000e+00
3.068050742149353027e-02 4.537485539913177490e-01 1.944636702537536621e-01 1.000000000000000000e+00
2.637447044253349304e-02 4.500576555728912354e-01 1.913879215717315674e-01 1.000000000000000000e+00
2.206843532621860504e-02 4.463667869567871094e-01 1.883121877908706665e-01 1.000000000000000000e+00
1.776239834725856781e-02 4.426758885383605957e-01 1.852364540100097656e-01 1.000000000000000000e+00
1.345636323094367981e-02 4.389850199222564697e-01 1.821607053279876709e-01 1.000000000000000000e+00
9.150327183306217194e-03 4.352941215038299561e-01 1.790849715471267700e-01 1.000000000000000000e+00
4.844290670007467270e-03 4.316032230854034424e-01 1.760092228651046753e-01 1.000000000000000000e+00
5.382545059546828270e-04 4.279123544692993164e-01 1.729334890842437744e-01 1.000000000000000000e+00
0.000000000000000000e+00 4.230372905731201172e-01 1.707189530134201050e-01 1.000000000000000000e+00
0.000000000000000000e+00 4.179930686950683594e-01 1.686274558305740356e-01 1.000000000000000000e+00
0.000000000000000000e+00 4.129488766193389893e-01 1.665359437465667725e-01 1.000000000000000000e+00
0.000000000000000000e+00 4.079046547412872314e-01 1.644444465637207031e-01 1.000000000000000000e+00
0.000000000000000000e+00 4.028604328632354736e-01 1.623529344797134399e-01 1.000000000000000000e+00
0.000000000000000000e+00 3.978162109851837158e-01 1.602614372968673706e-01 1.000000000000000000e+00
0.000000000000000000e+00 3.927720189094543457e-01 1.581699401140213013e-01 1.000000000000000000e+00
0.000000000000000000e+00 3.877277970314025879e-01 1.560784280300140381e-01 1.000000000000000000e+00
0.000000000000000000e+00 3.826835751533508301e-01 1.539869308471679688e-01 1.000000000000000000e+00
0.000000000000000000e+00 3.776393830776214600e-01 1.518954187631607056e-01 1.000000000000000000e+00
0.000000000000000000e+00 3.725951611995697021e-01 1.498039215803146362e-01 1.000000000000000000e+00
0.000000000000000000e+00 3.675509393215179443e-01 1.477124243974685669e-01 1.000000000000000000e+00
0.000000000000000000e+00 3.625067174434661865e-01 1.456209123134613037e-01 1.000000000000000000e+00
0.000000000000000000e+00 3.574625253677368164e-01 1.435294151306152344e-01 1.000000000000000000e+00
0.000000000000000000e+00 3.524183034896850586e-01 1.414379030466079712e-01 1.000000000000000000e+00
0.000000000000000000e+00 3.473740816116333008e-01 1.393464058637619019e-01 1.000000000000000000e+00
0.000000000000000000e+00 3.423298597335815430e-01 1.372549086809158325e-01 1.000000000000000000e+00
0.000000000000000000e+00 3.372856676578521729e-01 1.351633965969085693e-01 1.000000000000000000e+00
0.000000000000000000e+00 3.322414457798004150e-01 1.330718994140625000e-01 1.000000000000000000e+00
0.000000000000000000e+00 3.271972239017486572e-01 1.309803873300552368e-01 1.000000000000000000e+00
0.000000000000000000e+00 3.221530318260192871e-01 1.288888901472091675e-01 1.000000000000000000e+00
0.000000000000000000e+00 3.171088099479675293e-01 1.267973929643630981e-01 1.000000000000000000e+00
0.000000000000000000e+00 3.120645880699157715e-01 1.247058808803558350e-01 1.000000000000000000e+00
0.000000000000000000e+00 3.070203661918640137e-01 1.226143762469291687e-01 1.000000000000000000e+00
0.000000000000000000e+00 3.019761741161346436e-01 1.205228790640830994e-01 1.000000000000000000e+00
0.000000000000000000e+00 2.969319522380828857e-01 1.184313744306564331e-01 1.000000000000000000e+00
0.000000000000000000e+00 2.918877303600311279e-01 1.163398697972297668e-01 1.000000000000000000e+00
0.000000000000000000e+00 2.868435084819793701e-01 1.142483651638031006e-01 1.000000000000000000e+00
0.000000000000000000e+00 2.817993164062500000e-01 1.121568605303764343e-01 1.000000000000000000e+00
0.000000000000000000e+00 2.767550945281982422e-01 1.100653558969497681e-01 1.000000000000000000e+00
0.000000000000000000e+00 2.717108726501464844e-01 1.079738587141036987e-01 1.000000000000000000e+00
0.000000000000000000e+00 2.666666805744171143e-01 1.058823540806770325e-01 1.000000000000000000e+00
