0.000000000000000000e+00 0.000000000000000000e+00 0.000000000000000000e+00 1.000000000000000000e+00
4.705882165580987930e-03 4.705882165580987930e-03 1.568627543747425079e-02 1.000000000000000000e+00
9.411764331161975861e-03 9.411764331161975861e-03 3.137255087494850159e-02 1.000000000000000000e+00
1.411764696240425110e-02 1.411764696240425110e-02 4.705882444977760315e-02 1.000000000000000000e+00
1.882352866232395172e-02 1.882352866232395172e-02 6.274510174989700317e-02 1.000000000000000000e+00
2.352941222488880157e-02 2.352941222488880157e-02 7.843137532472610474e-02 1.000000000000000000e+00
2.823529392480850220e-02 2.823529392480850220e-02 9.411764889955520630e-02 1.000000000000000000e+00
3.294117748737335205e-02 3.294117748737335205e-02 1.098039224743843079e-01 1.000000000000000000e+00
3.764705732464790344e-02 3.764705732464790344e-02 1.254902034997940063e-01 1.000000000000000000e+00
4.235294088721275330e-02 4.235294088721275330e-02 1.411764770746231079e-01 1.000000000000000000e+00
4.705882444977760315e-02 4.705882444977760315e-02 1.568627506494522095e-01 1.000000000000000000e+00
5.176470428705215454e-02 5.176470428705215454e-02 1.725490242242813110e-01 1.000000000000000000e+00
5.647058784961700439e-02 5.647058784961700439e-02 1.882352977991104126e-01 1.000000000000000000e+00
6.117647141218185425e-02 6.117647141218185425e-02 2.039215713739395142e-01 1.000000000000000000e+00
6.588235497474670410e-02 6.588235497474670410e-02 2.196078449487686157e-01 1.000000000000000000e+00
7.058823853731155396e-02 7.058823853731155396e-02 2.352941185235977173e-01 1.000000000000000000e+00
7.529411464929580688e-02 7.529411464929580688e-02 2.509804069995880127e-01 1.000000000000000000e+00
7.999999821186065674e-02 7.999999821186065674e-02 2.666666805744171143e-01 1.000000000000000000e+00
8.470588177442550659e-02 8.470588177442550659e-02 2.823529541492462158e-01 1.000000000000000000e+00
8.941176533699035645e-02 8.941176533699035645e-02 2.980392277240753174e-01 1.000000000000000000e+00
9.411764889955520630e-02 9.411764889955520630e-02 3.137255012989044189e-01 1.000000000000000000e+00
9.882353246212005615e-02 9.882353246212005615e-02 3.294117748737335205e-01 1.000000000000000000e+00
1.035294085741043091e-01 1.035294085741043091e-01 3.450980484485626221e-01 1.000000000000000000e+00
1.082352921366691589e-01 1.082352921366691589e-01 3.607843220233917236e-01 1.000000000000000000e+00
1.129411756992340088e-01 1.129411756992340088e-01 3.764705955982208252e-01 1.000000000000000000e+00
1.176470592617988586e-01 1.176470592617988586e-01 3.921568691730499268e-01 1.000000000000000000e+00
1.223529428243637085e-01 1.223529428243637085e-01 4.078431427478790283e-01 1.000000000000000000e+00
1.270588189363479614e-01 1.270588189363479614e-01 4.235294163227081299e-01 1.000000000000000000e+00
1.317647099494934082e-01 1.317647099494934082e-01 4.392156898975372314e-01 1.000000000000000000e+00
1.364705860614776611e-01 1.364705860614776611e-01 4.549019634723663330e-01 1.000000000000000000e+00
1.411764770746231079e-01 1.411764770746231079e-01 4.705882370471954346e-01 1.000000000000000000e+00
1.458823531866073608e-01 1.458823531866073608e-01 4.862745106220245361e-01 1.000000000000000000e+00
1.505882292985916138e-01 1.500000059604644775e-01 5.009803771972656250e-01 1.000000000000000000e+00
1.552941203117370605e-01 1.500000059604644775e-01 5.088235139846801758e-01 1.000000000000000000e+00
1.599999964237213135e-01 1.500000059604644775e-01 5.166666507720947266e-01 1.000000000000000000e+00
1.647058874368667603e-01 1.500000059604644775e-01 5.245097875595092773e-01 1.000000000000000000e+00
1.694117635488510132e-01 1.500000059604644775e-01 5.323529243469238281e-01 1.000000000000000000e+00
1.741176396608352661e-01 1.500000059604644775e-01 5.401960611343383789e-01 1.000000000000000000e+00
1.788235306739807129e-01 1.500000059604644775e-01 5.480391979217529297e-01 1.000000000000000000e+00
1.835294067859649658e-01 1.500000059604644775e-01 5.558823347091674805e-01 1.000000000000000000e+00
1.882352977991104126e-01 1.500000059604644775e-01 5.637254714965820312e-01 1.000000000000000000e+00
1.929411739110946655e-01 1.500000059604644775e-01 5.715686082839965820e-01 1.000000000000000000e+00
1.976470649242401123e-01 1.500000059604644775e-01 5.794117450714111328e-01 1.000000000000000000e+00
2.023529410362243652e-01 1.500000059604644775e-01 5.872548818588256836e-01 1.000000000000000000e+00
2.070588171482086182e-01 1.500000059604644775e-01 5.950980186462402344e-01 1.000000000000000000e+00
2.117647081613540649e-01 1.500000059604644775e-01 6.029411554336547852e-01 1.000000000000000000e+00
2.164705842733383179e-01 1.500000059604644775e-01 6.107842922210693359e-01 1.000000000000000000e+00
2.211764752864837646e-01 1.500000059604644775e-01 6.186274290084838867e-01 1.000000000000000000e+00
2.258823513984680176e-01 1.500000059604644775e-01 6.264705657958984375e-01 1.000000000000000000e+00
2.305882424116134644e-01 1.500000059604644775e-01 6.343137025833129883e-01 1.000000000000000000e+00
2.352941185235977173e-01 1.500000059604644775e-01 6.421568393707275391e-01 1.000000000000000000e+00
2.399999946355819702e-01 1.500000059604644775e-01 6.499999761581420898e-01 1.000000000000000000e+00
2.447058856487274170e-01 1.500000059604644775e-01 6.578431129455566406e-01 1.000000000000000000e+00
2.494117617607116699e-01 1.500000059604644775e-01 6.656862497329711914e-01 1.000000000000000000e+00
2.541176378726959229e-01 1.500000059604644775e-01 6.735293865203857422e-01 1.000000000000000000e+00
2.588235437870025635e-01 1.500000059604644775e-01 6.813725233078002930e-01 1.000000000000000000e+00
2.635294198989868164e-01 1.500000059604644775e-01 6.892156600952148438e-01 1.000000000000000000e+00
2.682352960109710693e-01 1.500000059604644775e-01 6.970587968826293945e-01 1.000000000000000000e+00
2.729411721229553223e-01 1.500000059604644775e-01 7.049019336700439453e-01 1.000000000000000000e+00
2.776470482349395752e-01 1.500000059604644775e-01 7.127450704574584961e-01 1.000000000000000000e+00
2.823529541492462158e-01 1.500000059604644775e-01 7.205882072448730469e-01 1.000000000000000000e+00
2.870588302612304688e-01 1.500000059604644775e-01 7.284313440322875977e-01 1.000000000000000000e+00
2.917647063732147217e-01 1.500000059604644775e-01 7.362744808197021484e-01 1.000000000000000000e+00
2.964705824851989746e-01 1.500000059604644775e-01 7.441176176071166992e-01 1.000000000000000000e+00
3.023529350757598877e-01 1.503921598196029663e-01 7.480391860008239746e-01 1.000000000000000000e+00
3.117647171020507812e-01 1.519607901573181152e-01 7.401960492134094238e-01 1.000000000000000000e+00
3.211764693260192871e-01 1.535294055938720703e-01 7.323529124259948730e-01 1.000000000000000000e+00
3.305882215499877930e-01 1.550980359315872192e-01 7.245097756385803223e-01 1.000000000000000000e+00
3.400000035762786865e-01 1.566666662693023682e-01 7.166666388511657715e-01 1.000000000000000000e+00
3.494117558002471924e-01 1.582352966070175171e-01 7.088235020637512207e-01 1.000000000000000000e+00
3.588235378265380859e-01 1.598039269447326660e-01 7.009803652763366699e-01 1.000000000000000000e+00
3.682352900505065918e-01 1.613725423812866211e-01 6.931372284889221191e-01 1.000000000000000000e+00
3.776470720767974854e-01 1.629411727190017700e-01 6.852940917015075684e-01 1.000000000000000000e+00
3.870588243007659912e-01 1.645098030567169189e-01 6.774509549140930176e-01 1.000000000000000000e+00
3.964705765247344971e-01 1.660784333944320679e-01 6.696078181266784668e-01 1.000000000000000000e+00
4.058823585510253906e-01 1.676470637321472168e-01 6.617646813392639160e-01 1.000000000000000000e+00
4.152941107749938965e-01 1.692156791687011719e-01 6.539215445518493652e-01 1.000000000000000000e+00
4.247058928012847900e-01 1.707843095064163208e-01 6.460784077644348145e-01 1.000000000000000000e+00
4.341176450252532959e-01 1.723529398441314697e-01 6.382352709770202637e-01 1.000000000000000000e+00
4.435293972492218018e-01 1.739215701818466187e-01 6.303921341896057129e-01 1.000000000000000000e+00
4.529411792755126953e-01 1.754902005195617676e-01 6.225489974021911621e-01 1.000000000000000000e+00
4.623529314994812012e-01 1.770588308572769165e-01 6.147058606147766113e-01 1.000000000000000000e+00
4.717647135257720947e-01 1.786274462938308716e-01 6.068627238273620605e-01 1.000000000000000000e+00
4.811764657497406006e-01 1.801960766315460205e-01 5.990195870399475098e-01 1.000000000000000000e+00
4.905882477760314941e-01 1.817647069692611694e-01 5.911764502525329590e-01 1.000000000000000000e+00
5.000000000000000000e-01 1.833333373069763184e-01 5.833333134651184082e-01 1.000000000000000000e+00
5.094117522239685059e-01 1.849019676446914673e-01 5.754901766777038574e-01 1.000000000000000000e+00
5.188235044479370117e-01 1.864705830812454224e-01 5.676470398902893066e-01 1.000000000000000000e+00
5.282353162765502930e-01 1.880392134189605713e-01 5.598039031028747559e-01 1.000000000000000000e+00
5.376470685005187988e-01 1.896078437566757202e-01 5.519607663154602051e-01 1.000000000000000000e+00
5.470588207244873047e-01 1.911764740943908691e-01 5.441176295280456543e-01 1.000000000000000000e+00
5.564705729484558105e-01 1.927451044321060181e-01 5.362744927406311035e-01 1.000000000000000000e+00
5.658823251724243164e-01 1.943137198686599731e-01 5.284313559532165527e-01 1.000000000000000000e+00
5.752941370010375977e-01 1.958823502063751221e-01 5.205882191658020020e-01 1.000000000000000000e+00
5.847058892250061035e-01 1.974509805440902710e-01 5.127450823783874512e-01 1.000000000000000000e+00
5.941176414489746094e-01 1.990196108818054199e-01 5.049019455909729004e-01 1.000000000000000000e+00
6.047058701515197754e-01 2.005882412195205688e-01 4.958823621273040771e-01 1.000000000000000000e+00
6.172549128532409668e-01 2.021568566560745239e-01 4.849019646644592285e-01 1.000000000000000000e+00
6.298038959503173828e-01 2.037254869937896729e-01 4.739215672016143799e-01 1.000000000000000000e+00
6.423529386520385742e-01 2.052941173315048218e-01 4.629411697387695312e-01 1.000000000000000000e+00
6.549019813537597656e-01 2.068627476692199707e-01 4.519607722759246826e-01 1.000000000000000000e+00
6.674509644508361816e-01 2.084313780069351196e-01 4.409804046154022217e-01 1.000000000000000000e+00
6.800000071525573730e-01 2.099999934434890747e-01 4.300000071525573730e-01 1.000000000000000000e+00
6.925489902496337891e-01 2.115686237812042236e-01 4.190196096897125244e-01 1.000000000000000000e+00
7.050980329513549805e-01 2.131372541189193726e-01 4.080392122268676758e-01 1.000000000000000000e+00
7.176470756530761719e-01 2.147058844566345215e-01 3.970588147640228271e-01 1.000000000000000000e+00
7.301960587501525879e-01 2.162745147943496704e-01 3.860784173011779785e-01 1.000000000000000000e+00
7.427451014518737793e-01 2.178431302309036255e-01 3.750980496406555176e-01 1.000000000000000000e+00
7.552941441535949707e-01 2.194117605686187744e-01 3.641176521778106689e-01 1.000000000000000000e+00
7.678431272506713867e-01 2.209803909063339233e-01 3.531372547149658203e-01 1.000000000000000000e+00
7.803921699523925781e-01 2.225490212440490723e-01 3.421568572521209717e-01 1.000000000000000000e+00
7.929411530494689941e-01 2.241176515817642212e-01 3.311764597892761230e-01 1.000000000000000000e+00
8.054901957511901855e-01 2.256862819194793701e-01 3.201960921287536621e-01 1.000000000000000000e+00
8.180392384529113770e-01 2.272548973560333252e-01 3.092156946659088135e-01 1.000000000000000000e+00
8.305882215499877930e-01 2.288235276937484741e-01 2.982352972030639648e-01 1.000000000000000000e+00
8.431372642517089844e-01 2.303921580314636230e-01 2.872548997402191162e-01 1.000000000000000000e+00
8.556862473487854004e-01 2.319607883691787720e-01 2.762745022773742676e-01 1.000000000000000000e+00
8.682352900505065918e-01 2.335294187068939209e-01 2.652941048145294189e-01 1.000000000000000000e+00
8.807843327522277832e-01 2.350980341434478760e-01 2.543137371540069580e-01 1.000000000000000000e+00
8.933333158493041992e-01 2.366666644811630249e-01 2.433333396911621094e-01 1.000000000000000000e+00
9.058823585510253906e-01 2.382352948188781738e-01 2.323529422283172607e-01 1.000000000000000000e+00
9.184314012527465820e-01 2.398039251565933228e-01 2.213725447654724121e-01 1.000000000000000000e+00
9.309803843498229980e-01 2.413725554943084717e-01 2.103921622037887573e-01 1.000000000000000000e+00
9.435294270515441895e-01 2.429411709308624268e-01 1.994117647409439087e-01 1.000000000000000000e+00
9.560784101486206055e-01 2.445098012685775757e-01 1.884313672780990601e-01 1.000000000000000000e+00
9.686274528503417969e-01 2.460784316062927246e-01 1.774509847164154053e-01 1.000000000000000000e+00
9.811764955520629883e-01 2.476470619440078735e-01 1.664705872535705566e-01 1.000000000000000000e+00
9.937254786491394043e-01 2.492156922817230225e-01 1.554901897907257080e-01 1.000000000000000000e+00
9.984313845634460449e-01 2.539215683937072754e-01 1.476470530033111572e-01 1.000000000000000000e+00
9.952940940856933594e-01 2.617647051811218262e-01 1.429411768913269043e-01 1.000000000000000000e+00
9.921568632125854492e-01 2.696078419685363770e-01 1.382353007793426514e-01 1.000000000000000000e+00
9.890196323394775391e-01 2.774509787559509277e-01 1.335294097661972046e-01 1.000000000000000000e+00
9.858823418617248535e-01 2.852941155433654785e-01 1.288235336542129517e-01 1.000000000000000000e+00
9.827451109886169434e-01 2.931372523307800293e-01 1.241176500916481018e-01 1.000000000000000000e+00
9.796078205108642578e-01 3.009803891181945801e-01 1.194117665290832520e-01 1.000000000000000000e+00
9.764705896377563477e-01 3.088235259056091309e-01 1.147058829665184021e-01 1.000000000000000000e+00
9.733333587646484375e-01 3.166666626930236816e-01 1.099999994039535522e-01 1.000000000000000000e+00
9.701960682868957520e-01 3.245097994804382324e-01 1.052941158413887024e-01 1.000000000000000000e+00
9.670588374137878418e-01 3.323529362678527832e-01 1.005882322788238525e-01 1.000000000000000000e+00
9.639215469360351562e-01 3.401960730552673340e-01 9.588235616683959961e-02 1.000000000000000000e+00
9.607843160629272461e-01 3.480392098426818848e-01 9.117647260427474976e-02 1.000000000000000000e+00
9.576470851898193359e-01 3.558823466300964355e-01 8.647058904170989990e-02 1.000000000000000000e+00
9.545097947120666504e-01 3.637254834175109863e-01 8.176470547914505005e-02 1.000000000000000000e+00
9.513725638389587402e-01 3.715686202049255371e-01 7.705882191658020020e-02 1.000000000000000000e+00
9.482352733612060547e-01 3.794117569923400879e-01 7.235293835401535034e-02 1.000000000000000000e+00
9.450980424880981445e-01 3.872548937797546387e-01 6.764706224203109741e-02 1.000000000000000000e+00
9.419608116149902344e-01 3.950980305671691895e-01 6.294117867946624756e-02 1.000000000000000000e+00
9.388235211372375488e-01 4.029411673545837402e-01 5.823529511690139771e-02 1.000000000000000000e+00
9.356862902641296387e-01 4.107843041419982910e-01 5.352941155433654785e-02 1.000000000000000000e+00
9.325489997863769531e-01 4.186274409294128418e-01 4.882352799177169800e-02 1.000000000000000000e+00
9.294117689132690430e-01 4.264705777168273926e-01 4.411764815449714661e-02 1.000000000000000000e+00
9.262745380401611328e-01 4.343137145042419434e-01 3.941176459193229675e-02 1.000000000000000000e+00
9.231372475624084473e-01 4.421568512916564941e-01 3.470588102936744690e-02 1.000000000000000000e+00
9.200000166893005371e-01 4.499999880790710449e-01 2.999999932944774628e-02 1.000000000000000000e+00
9.168627262115478516e-01 4.578431248664855957e-01 2.529411762952804565e-02 1.000000000000000000e+00
9.137254953384399414e-01 4.656862616539001465e-01 2.058823592960834503e-02 1.000000000000000000e+00
9.105882644653320312e-01 4.735293984413146973e-01 1.588235236704349518e-02 1.000000000000000000e+00
9.074509739875793457e-01 4.813725352287292480e-01 1.117647066712379456e-02 1.000000000000000000e+00
9.043137431144714355e-01 4.892156720161437988e-01 6.470588035881519318e-03 1.000000000000000000e+00
9.011764526367187500e-01 4.970588088035583496e-01 1.764705870300531387e-03 1.000000000000000000e+00
8.999999761581420898e-01 5.049019455909729004e-01 1.960784429684281349e-03 1.000000000000000000e+00
8.999999761581420898e-01 5.127450823783874512e-01 5.098039284348487854e-03 1.000000000000000000e+00
8.999999761581420898e-01 5.205882191658020020e-01 8.235294371843338013e-03 1.000000000000000000e+00
8.999999761581420898e-01 5.284313559532165527e-01 1.137254945933818817e-02 1.000000000000000000e+00
8.999999761581420898e-01 5.362744927406311035e-01 1.450980361551046371e-02 1.000000000000000000e+00
8.999999761581420898e-01 5.441176295280456543e-01 1.764705963432788849e-02 1.000000000000000000e+00
8.999999761581420898e-01 5.519607663154602051e-01 2.078431285917758942e-02 1.000000000000000000e+00
8.999999761581420898e-01 5.598039031028747559e-01 2.392156794667243958e-02 1.000000000000000000e+00
8.999999761581420898e-01 5.676470398902893066e-01 2.705882303416728973e-02 1.000000000000000000e+00
8.999999761581420898e-01 5.754901766777038574e-01 3.019607812166213989e-02 1.000000000000000000e+00
8.999999761581420898e-01 5.833333134651184082e-01 3.333333507180213928e-02 1.000000000000000000e+00
8.999999761581420898e-01 5.911764502525329590e-01 3.647058829665184021e-02 1.000000000000000000e+00
8.999999761581420898e-01 5.990195870399475098e-01 3.960784152150154114e-02 1.000000000000000000e+00
8.999999761581420898e-01 6.068627238273620605e-01 4.274509847164154053e-02 1.000000000000000000e+00
8.999999761581420898e-01 6.147058606147766113e-01 4.588235169649124146e-02 1.000000000000000000e+00
8.999999761581420898e-01 6.225489974021911621e-01 4.901960864663124084e-02 1.000000000000000000e+00
8.999999761581420898e-01 6.303921341896057129e-01 5.215686187148094177e-02 1.000000000000000000e+00
8.999999761581420898e-01 6.382352709770202637e-01 5.529411882162094116e-02 1.000000000000000000e+00
8.999999761581420898e-01 6.460784077644348145e-01 5.843137204647064209e-02 1.000000000000000000e+00
8.999999761581420898e-01 6.539215445518493652e-01 6.156862899661064148e-02 1.000000000000000000e+00
8.999999761581420898e-01 6.617646813392639160e-01 6.470588594675064087e-02 1.000000000000000000e+00
8.999999761581420898e-01 6.696078181266784668e-01 6.784313917160034180e-02 1.000000000000000000e+00
8.999999761581420898e-01 6.774509549140930176e-01 7.098039239645004272e-02 1.000000000000000000e+00
8.999999761581420898e-01 6.852940917015075684e-01 7.411764562129974365e-02 1.000000000000000000e+00
8.999999761581420898e-01 6.931372284889221191e-01 7.725489884614944458e-02 1.000000000000000000e+00
8.999999761581420898e-01 7.009803652763366699e-01 8.039215952157974243e-02 1.000000000000000000e+00
8.999999761581420898e-01 7.088235020637512207e-01 8.352941274642944336e-02 1.000000000000000000e+00
8.999999761581420898e-01 7.166666388511657715e-01 8.666666597127914429e-02 1.000000000000000000e+00
8.999999761581420898e-01 7.245097756385803223e-01 8.980391919612884521e-02 1.000000000000000000e+00
8.999999761581420898e-01 7.323529124259948730e-01 9.294117987155914307e-02 1.000000000000000000e+00
8.999999761581420898e-01 7.401960492134094238e-01 9.607843309640884399e-02 1.000000000000000000e+00
8.999999761581420898e-01 7.480391860008239746e-01 9.921568632125854492e-02 1.000000000000000000e+00
8.999999761581420898e-01 7.535294294357299805e-01 1.094117611646652222e-01 1.000000000000000000e+00
8.999999761581420898e-01 7.582352757453918457e-01 1.219607815146446228e-01 1.000000000000000000e+00
8.999999761581420898e-01 7.629411816596984863e-01 1.345098018646240234e-01 1.000000000000000000e+00
8.999999761581420898e-01 7.676470875740051270e-01 1.470588296651840210e-01 1.000000000000000000e+00
8.999999761581420898e-01 7.723529338836669922e-01 1.596078425645828247e-01 1.000000000000000000e+00
8.999999761581420898e-01 7.770588397979736328e-01 1.721568554639816284e-01 1.000000000000000000e+00
8.999999761581420898e-01 7.817646861076354980e-01 1.847058832645416260e-01 1.000000000000000000e+00
8.999999761581420898e-01 7.864705920219421387e-01 1.972548961639404297e-01 1.000000000000000000e+00
8.999999761581420898e-01 7.911764979362487793e-01 2.098039239645004272e-01 1.000000000000000000e+00
8.999999761581420898e-01 7.958823442459106445e-01 2.223529368638992310e-01 1.000000000000000000e+00
8.999999761581420898e-01 8.005882501602172852e-01 2.349019646644592285e-01 1.000000000000000000e+00
8.999999761581420898e-01 8.052940964698791504e-01 2.474509775638580322e-01 1.000000000000000000e+00
8.999999761581420898e-01 8.100000023841857910e-01 2.599999904632568359e-01 1.000000000000000000e+00
8.999999761581420898e-01 8.147059082984924316e-01 2.725490331649780273e-01 1.000000000000000000e+00
8.999999761581420898e-01 8.194117546081542969e-01 2.850980460643768311e-01 1.000000000000000000e+00
8.999999761581420898e-01 8.241176605224609375e-01 2.976470589637756348e-01 1.000000000000000000e+00
8.999999761581420898e-01 8.288235068321228027e-01 3.101960718631744385e-01 1.000000000000000000e+00
8.999999761581420898e-01 8.335294127464294434e-01 3.227450847625732422e-01 1.000000000000000000e+00
8.999999761581420898e-01 8.382353186607360840e-01 3.352941274642944336e-01 1.000000000000000000e+00
8.999999761581420898e-01 8.429411649703979492e-01 3.478431403636932373e-01 1.000000000000000000e+00
8.999999761581420898e-01 8.476470708847045898e-01 3.603921532630920410e-01 1.000000000000000000e+00
8.999999761581420898e-01 8.523529171943664551e-01 3.729411661624908447e-01 1.000000000000000000e+00
8.999999761581420898e-01 8.570588231086730957e-01 3.854902088642120361e-01 1.000000000000000000e+00
8.999999761581420898e-01 8.617647290229797363e-01 3.980392217636108398e-01 1.000000000000000000e+00
8.999999761581420898e-01 8.664705753326416016e-01 4.105882346630096436e-01 1.000000000000000000e+00
8.999999761581420898e-01 8.711764812469482422e-01 4.231372475624084473e-01 1.000000000000000000e+00
8.999999761581420898e-01 8.758823275566101074e-01 4.356862604618072510e-01 1.000000000000000000e+00
8.999999761581420898e-01 8.805882334709167480e-01 4.482353031635284424e-01 1.000000000000000000e+00
8.999999761581420898e-01 8.852941393852233887e-01 4.607843160629272461e-01 1.000000000000000000e+00
8.999999761581420898e-01 8.899999856948852539e-01 4.733333289623260498e-01 1.000000000000000000e+00
8.999999761581420898e-01 8.947058916091918945e-01 4.858823418617248535e-01 1.000000000000000000e+00
8.999999761581420898e-01 8.994117379188537598e-01 4.984313845634460449e-01 1.000000000000000000e+00
9.027451276779174805e-01 9.027451276779174805e-01 5.137255191802978516e-01 1.000000000000000000e+00
9.058823585510253906e-01 9.058823585510253906e-01 5.294117927551269531e-01 1.000000000000000000e+00
9.090195894241333008e-01 9.090195894241333008e-01 5.450980663299560547e-01 1.000000000000000000e+00
9.121568799018859863e-01 9.121568799018859863e-01 5.607843399047851562e-01 1.000000000000000000e+00
9.152941107749938965e-01 9.152941107749938965e-01 5.764706134796142578e-01 1.000000000000000000e+00
9.184314012527465820e-01 9.184314012527465820e-01 5.921568870544433594e-01 1.000000000000000000e+00
9.215686321258544922e-01 9.215686321258544922e-01 6.078431606292724609e-01 1.000000000000000000e+00
9.247058629989624023e-01 9.247058629989624023e-01 6.235294342041015625e-01 1.000000000000000000e+00
9.278431534767150879e-01 9.278431534767150879e-01 6.392157077789306641e-01 1.000000000000000000e+00
9.309803843498229980e-01 9.309803843498229980e-01 6.549019813537597656e-01 1.000000000000000000e+00
9.341176748275756836e-01 9.341176748275756836e-01 6.705882549285888672e-01 1.000000000000000000e+00
9.372549057006835938e-01 9.372549057006835938e-01 6.862745285034179688e-01 1.000000000000000000e+00
9.403921365737915039e-01 9.403921365737915039e-01 7.019608020782470703e-01 1.000000000000000000e+00
9.435294270515441895e-01 9.435294270515441895e-01 7.176470756530761719e-01 1.000000000000000000e+00
9.466666579246520996e-01 9.466666579246520996e-01 7.333333492279052734e-01 1.000000000000000000e+00
9.498039484024047852e-01 9.498039484024047852e-01 7.490196228027343750e-01 1.000000000000000000e+00
9.529411792755126953e-01 9.529411792755126953e-01 7.647058963775634766e-01 1.000000000000000000e+00
9.560784101486206055e-01 9.560784101486206055e-01 7.803921699523925781e-01 1.000000000000000000e+00
9.592157006263732910e-01 9.592157006263732910e-01 7.960784435272216797e-01 1.000000000000000000e+00
9.623529314994812012e-01 9.623529314994812012e-01 8.117647171020507812e-01 1.000000000000000000e+00
9.654902219772338867e-01 9.654902219772338867e-01 8.274509906768798828e-01 1.000000000000000000e+00
9.686274528503417969e-01 9.686274528503417969e-01 8.431372642517089844e-01 1.000000000000000000e+00
9.717646837234497070e-01 9.717646837234497070e-01 8.588235378265380859e-01 1.000000000000000000e+00
9.749019742012023926e-01 9.749019742012023926e-01 8.745098114013671875e-01 1.000000000000000000e+00
9.780392050743103027e-01 9.780392050743103027e-01 8.901960849761962891e-01 1.000000000000000000e+00
9.811764955520629883e-01 9.811764955520629883e-01 9.058823585510253906e-01 1.000000000000000000e+00
9.843137264251708984e-01 9.843137264251708984e-01 9.215686321258544922e-01 1.000000000000000000e+00
9.874509572982788086e-01 9.874509572982788086e-01 9.372549057006835938e-01 1.000000000000000000e+00
9.905882477760314941e-01 9.905882477760314941e-01 9.529411792755126953e-01 1.000000000000000000e+00
9.937254786491394043e-01 9.937254786491394043e-01 9.686274528503417969e-01 1.000000000000000000e+00
9.968627691268920898e-01 9.968627691268920898e-01 9.843137264251708984e-01 1.000000000000000000e+00
1.000000000000000000e+00 1.000000000000000000e+00 1.000000000000000000e+00 1.000000000000000000e+00
