0.000000000000000000e+00 0.000000000000000000e+00 0.000000000000000000e+00 1.000000000000000000e+00
4.844289738684892654e-03 3.063529497012495995e-03 1.950980396941304207e-03 1.000000000000000000e+00
9.688579477369785309e-03 6.127058994024991989e-03 3.901960793882608414e-03 1.000000000000000000e+00
1.453286875039339066e-02 9.190588258206844330e-03 5.852940957993268967e-03 1.000000000000000000e+00
1.937715895473957062e-02 1.225411798804998398e-02 7.803921587765216827e-03 1.000000000000000000e+00
2.422144822776317596e-02 1.531764678657054901e-02 9.754901751875877380e-03 1.000000000000000000e+00
2.906573750078678131e-02 1.838117651641368866e-02 1.170588191598653793e-02 1.000000000000000000e+00
3.391002491116523743e-02 2.144470624625682831e-02 1.365686301141977310e-02 1.000000000000000000e+00
3.875431790947914124e-02 2.450823597609996796e-02 1.560784317553043365e-02 1.000000000000000000e+00
4.359860718250274658e-02 2.757176384329795837e-02 1.755882427096366882e-02 1.000000000000000000e+00
4.844289645552635193e-02 3.063529357314109802e-02 1.950980350375175476e-02 1.000000000000000000e+00
5.328718572854995728e-02 3.369882330298423767e-02 2.146078459918498993e-02 1.000000000000000000e+00
5.813147500157356262e-02 3.676235303282737732e-02 2.341176383197307587e-02 1.000000000000000000e+00
6.297576427459716797e-02 3.982588276267051697e-02 2.536274492740631104e-02 1.000000000000000000e+00
6.782004982233047485e-02 4.288941249251365662e-02 2.731372602283954620e-02 1.000000000000000000e+00
7.266434282064437866e-02 4.595294222235679626e-02 2.926470525562763214e-02 1.000000000000000000e+00
7.750863581895828247e-02 4.901647195219993591e-02 3.121568635106086731e-02 1.000000000000000000e+00
8.235292136669158936e-02 5.208000168204307556e-02 3.316666558384895325e-02 1.000000000000000000e+00
8.719721436500549316e-02 5.514352768659591675e-02 3.511764854192733765e-02 1.000000000000000000e+00
9.204149991273880005e-02 5.820705741643905640e-02 3.706862777471542358e-02 1.000000000000000000e+00
9.688579291105270386e-02 6.127058714628219604e-02 3.901960700750350952e-02 1.000000000000000000e+00
1.017300784587860107e-01 6.433411687612533569e-02 4.097058996558189392e-02 1.000000000000000000e+00
1.065743714570999146e-01 6.739764660596847534e-02 4.292156919836997986e-02 1.000000000000000000e+00
1.114186570048332214e-01 7.046117633581161499e-02 4.487254843115806580e-02 1.000000000000000000e+00
1.162629500031471252e-01 7.352470606565475464e-02 4.682352766394615173e-02 1.000000000000000000e+00
1.211072355508804321e-01 7.658823579549789429e-02 4.877451062202453613e-02 1.000000000000000000e+00
1.259515285491943359e-01 7.965176552534103394e-02 5.072548985481262207e-02 1.000000000000000000e+00
1.307958215475082397e-01 8.271529525518417358e-02 5.267646908760070801e-02 1.000000000000000000e+00
1.356400996446609497e-01 8.577882498502731323e-02 5.462745204567909241e-02 1.000000000000000000e+00
1.404843926429748535e-01 8.884235471487045288e-02 5.657843127846717834e-02 1.000000000000000000e+00
1.453286856412887573e-01 9.190588444471359253e-02 5.852941051125526428e-02 1.000000000000000000e+00
1.501729786396026611e-01 9.496941417455673218e-02 6.048039346933364868e-02 1.000000000000000000e+00
1.550172716379165649e-01 9.803294390439987183e-02 6.243137270212173462e-02 1.000000000000000000e+00
1.598615497350692749e-01 1.010964736342430115e-01 6.438235193490982056e-02 1.000000000000000000e+00
1.647058427333831787e-01 1.041600033640861511e-01 6.633333116769790649e-02 1.000000000000000000e+00
1.695501357316970825e-01 1.072235330939292908e-01 6.828431040048599243e-02 1.000000000000000000e+00
1.743944287300109863e-01 1.102870553731918335e-01 7.023529708385467529e-02 1.000000000000000000e+00
1.792387068271636963e-01 1.133505851030349731e-01 7.218627631664276123e-02 1.000000000000000000e+00
1.840829998254776001e-01 1.164141148328781128e-01 7.413725554943084717e-02 1.000000000000000000e+00
1.889272928237915039e-01 1.194776445627212524e-01 7.608823478221893311e-02 1.000000000000000000e+00
1.937715858221054077e-01 1.225411742925643921e-01 7.803921401500701904e-02 1.000000000000000000e+00
1.986158639192581177e-01 1.256047040224075317e-01 7.999019324779510498e-02 1.000000000000000000e+00
2.034601569175720215e-01 1.286682337522506714e-01 8.194117993116378784e-02 1.000000000000000000e+00
2.083044499158859253e-01 1.317317634820938110e-01 8.389215916395187378e-02 1.000000000000000000e+00
2.131487429141998291e-01 1.347952932119369507e-01 8.584313839673995972e-02 1.000000000000000000e+00
2.179930210113525391e-01 1.378588229417800903e-01 8.779411762952804565e-02 1.000000000000000000e+00
2.228373140096664429e-01 1.409223526716232300e-01 8.974509686231613159e-02 1.000000000000000000e+00
2.276816070079803467e-01 1.439858824014663696e-01 9.169607609510421753e-02 1.000000000000000000e+00
2.325259000062942505e-01 1.470494121313095093e-01 9.364705532789230347e-02 1.000000000000000000e+00
2.373701930046081543e-01 1.501129418611526489e-01 9.559804201126098633e-02 1.000000000000000000e+00
2.422144711017608643e-01 1.531764715909957886e-01 9.754902124404907227e-02 1.000000000000000000e+00
2.470587641000747681e-01 1.562400013208389282e-01 9.950000047683715820e-02 1.000000000000000000e+00
2.519030570983886719e-01 1.593035310506820679e-01 1.014509797096252441e-01 1.000000000000000000e+00
2.567473351955413818e-01 1.623670607805252075e-01 1.034019589424133301e-01 1.000000000000000000e+00
2.615916430950164795e-01 1.654305905103683472e-01 1.053529381752014160e-01 1.000000000000000000e+00
2.664359211921691895e-01 1.684941202402114868e-01 1.073039248585700989e-01 1.000000000000000000e+00
2.712801992893218994e-01 1.715576499700546265e-01 1.092549040913581848e-01 1.000000000000000000e+00
2.761245071887969971e-01 1.746211796998977661e-01 1.112058833241462708e-01 1.000000000000000000e+00
2.809687852859497070e-01 1.776847094297409058e-01 1.131568625569343567e-01 1.000000000000000000e+00
2.858130931854248047e-01 1.807482391595840454e-01 1.151078417897224426e-01 1.000000000000000000e+00
2.906573712825775146e-01 1.838117688894271851e-01 1.170588210225105286e-01 1.000000000000000000e+00
2.955016493797302246e-01 1.868752986192703247e-01 1.190098002552986145e-01 1.000000000000000000e+00
3.003459572792053223e-01 1.899388283491134644e-01 1.209607869386672974e-01 1.000000000000000000e+00
3.051902353763580322e-01 1.930023580789566040e-01 1.229117661714553833e-01 1.000000000000000000e+00
3.100345432758331299e-01 1.960658878087997437e-01 1.248627454042434692e-01 1.000000000000000000e+00
3.148788213729858398e-01 1.991294175386428833e-01 1.268137246370315552e-01 1.000000000000000000e+00
3.197230994701385498e-01 2.021929472684860229e-01 1.287647038698196411e-01 1.000000000000000000e+00
3.245674073696136475e-01 2.052564769983291626e-01 1.307156831026077271e-01 1.000000000000000000e+00
3.294116854667663574e-01 2.083200067281723022e-01 1.326666623353958130e-01 1.000000000000000000e+00
3.342559635639190674e-01 2.113835364580154419e-01 1.346176415681838989e-01 1.000000000000000000e+00
3.391002714633941650e-01 2.144470661878585815e-01 1.365686208009719849e-01 1.000000000000000000e+00
3.439445495605468750e-01 2.175105810165405273e-01 1.385196149349212646e-01 1.000000000000000000e+00
3.487888574600219727e-01 2.205741107463836670e-01 1.404705941677093506e-01 1.000000000000000000e+00
3.536331355571746826e-01 2.236376404762268066e-01 1.424215734004974365e-01 1.000000000000000000e+00
3.584774136543273926e-01 2.267011702060699463e-01 1.443725526332855225e-01 1.000000000000000000e+00
3.633217215538024902e-01 2.297646999359130859e-01 1.463235318660736084e-01 1.000000000000000000e+00
3.681659996509552002e-01 2.328282296657562256e-01 1.482745110988616943e-01 1.000000000000000000e+00
3.730103075504302979e-01 2.358917593955993652e-01 1.502254903316497803e-01 1.000000000000000000e+00
3.778545856475830078e-01 2.389552891254425049e-01 1.521764695644378662e-01 1.000000000000000000e+00
3.826988637447357178e-01 2.420188188552856445e-01 1.541274487972259521e-01 1.000000000000000000e+00
3.875431716442108154e-01 2.450823485851287842e-01 1.560784280300140381e-01 1.000000000000000000e+00
3.923874497413635254e-01 2.481458783149719238e-01 1.580294072628021240e-01 1.000000000000000000e+00
3.972317278385162354e-01 2.512094080448150635e-01 1.599803864955902100e-01 1.000000000000000000e+00
4.020760357379913330e-01 2.542729377746582031e-01 1.619313657283782959e-01 1.000000000000000000e+00
4.069203138351440430e-01 2.573364675045013428e-01 1.638823598623275757e-01 1.000000000000000000e+00
4.117646217346191406e-01 2.603999972343444824e-01 1.658333390951156616e-01 1.000000000000000000e+00
4.166088998317718506e-01 2.634635269641876221e-01 1.677843183279037476e-01 1.000000000000000000e+00
4.214531779289245605e-01 2.665270566940307617e-01 1.697352975606918335e-01 1.000000000000000000e+00
4.262974858283996582e-01 2.695905864238739014e-01 1.716862767934799194e-01 1.000000000000000000e+00
4.311417639255523682e-01 2.726541161537170410e-01 1.736372560262680054e-01 1.000000000000000000e+00
4.359860420227050781e-01 2.757176458835601807e-01 1.755882352590560913e-01 1.000000000000000000e+00
4.408303499221801758e-01 2.787811756134033203e-01 1.775392144918441772e-01 1.000000000000000000e+00
4.456746280193328857e-01 2.818447053432464600e-01 1.794901937246322632e-01 1.000000000000000000e+00
4.505189359188079834e-01 2.849082350730895996e-01 1.814411729574203491e-01 1.000000000000000000e+00
4.553632140159606934e-01 2.879717648029327393e-01 1.833921521902084351e-01 1.000000000000000000e+00
4.602074921131134033e-01 2.910352945327758789e-01 1.853431314229965210e-01 1.000000000000000000e+00
4.650518000125885010e-01 2.940988242626190186e-01 1.872941106557846069e-01 1.000000000000000000e+00
4.698960781097412109e-01 2.971623539924621582e-01 1.892451047897338867e-01 1.000000000000000000e+00
4.747403860092163086e-01 3.002258837223052979e-01 1.911960840225219727e-01 1.000000000000000000e+00
4.795846641063690186e-01 3.032894134521484375e-01 1.931470632553100586e-01 1.000000000000000000e+00
4.844289422035217285e-01 3.063529431819915771e-01 1.950980424880981445e-01 1.000000000000000000e+00
4.892732501029968262e-01 3.094164729118347168e-01 1.970490217208862305e-01 1.000000000000000000e+00
4.941175282001495361e-01 3.124800026416778564e-01 1.990000009536743164e-01 1.000000000000000000e+00
4.989618062973022461e-01 3.155435323715209961e-01 2.009509801864624023e-01 1.000000000000000000e+00
5.038061141967773438e-01 3.186070621013641357e-01 2.029019594192504883e-01 1.000000000000000000e+00
5.086504220962524414e-01 3.216705918312072754e-01 2.048529386520385742e-01 1.000000000000000000e+00
5.134946703910827637e-01 3.247341215610504150e-01 2.068039178848266602e-01 1.000000000000000000e+00
5.183389782905578613e-01 3.277976512908935547e-01 2.087548971176147461e-01 1.000000000000000000e+00
5.231832861900329590e-01 3.308611810207366943e-01 2.107058763504028320e-01 1.000000000000000000e+00
5.280275344848632812e-01 3.339247107505798340e-01 2.126568555831909180e-01 1.000000000000000000e+00
5.328718423843383789e-01 3.369882404804229736e-01 2.146078497171401978e-01 1.000000000000000000e+00
5.377161502838134766e-01 3.400517702102661133e-01 2.165588289499282837e-01 1.000000000000000000e+00
5.425603985786437988e-01 3.431152999401092529e-01 2.185098081827163696e-01 1.000000000000000000e+00
5.474047064781188965e-01 3.461788296699523926e-01 2.204607874155044556e-01 1.000000000000000000e+00
5.522490143775939941e-01 3.492423593997955322e-01 2.224117666482925415e-01 1.000000000000000000e+00
5.570933222770690918e-01 3.523058891296386719e-01 2.243627458810806274e-01 1.000000000000000000e+00
5.619375705718994141e-01 3.553694188594818115e-01 2.263137251138687134e-01 1.000000000000000000e+00
5.667818784713745117e-01 3.584329485893249512e-01 2.282647043466567993e-01 1.000000000000000000e+00
5.716261863708496094e-01 3.614964783191680908e-01 2.302156835794448853e-01 1.000000000000000000e+00
5.764704346656799316e-01 3.645600080490112305e-01 2.321666628122329712e-01 1.000000000000000000e+00
5.813147425651550293e-01 3.676235377788543701e-01 2.341176420450210571e-01 1.000000000000000000e+00
5.861590504646301270e-01 3.706870675086975098e-01 2.360686212778091431e-01 1.000000000000000000e+00
5.910032987594604492e-01 3.737505972385406494e-01 2.380196005105972290e-01 1.000000000000000000e+00
5.958476066589355469e-01 3.768141269683837891e-01 2.399705946445465088e-01 1.000000000000000000e+00
6.006919145584106445e-01 3.798776566982269287e-01 2.419215738773345947e-01 1.000000000000000000e+00
6.055361628532409668e-01 3.829411864280700684e-01 2.438725531101226807e-01 1.000000000000000000e+00
6.103804707527160645e-01 3.860047161579132080e-01 2.458235323429107666e-01 1.000000000000000000e+00
6.152247786521911621e-01 3.890682458877563477e-01 2.477745115756988525e-01 1.000000000000000000e+00
6.200690865516662598e-01 3.921317756175994873e-01 2.497254908084869385e-01 1.000000000000000000e+00
6.249133348464965820e-01 3.951953053474426270e-01 2.516764700412750244e-01 1.000000000000000000e+00
6.297576427459716797e-01 3.982588350772857666e-01 2.536274492740631104e-01 1.000000000000000000e+00
6.346019506454467773e-01 4.013223648071289062e-01 2.555784285068511963e-01 1.000000000000000000e+00
6.394461989402770996e-01 4.043858945369720459e-01 2.575294077396392822e-01 1.000000000000000000e+00
6.442905068397521973e-01 4.074494242668151855e-01 2.594803869724273682e-01 1.000000000000000000e+00
6.491348147392272949e-01 4.105129539966583252e-01 2.614313662052154541e-01 1.000000000000000000e+00
6.539790630340576172e-01 4.135764837265014648e-01 2.633823454380035400e-01 1.000000000000000000e+00
6.588233709335327148e-01 4.166400134563446045e-01 2.653333246707916260e-01 1.000000000000000000e+00
6.636676788330078125e-01 4.197035431861877441e-01 2.672843039035797119e-01 1.000000000000000000e+00
6.685119271278381348e-01 4.227670729160308838e-01 2.692352831363677979e-01 1.000000000000000000e+00
6.733562350273132324e-01 4.258306026458740234e-01 2.711862623691558838e-01 1.000000000000000000e+00
6.782005429267883301e-01 4.288941323757171631e-01 2.731372416019439697e-01 1.000000000000000000e+00
6.830448508262634277e-01 4.319576323032379150e-01 2.750882208347320557e-01 1.000000000000000000e+00
6.878890991210937500e-01 4.350211620330810547e-01 2.770392298698425293e-01 1.000000000000000000e+00
6.927334070205688477e-01 4.380846917629241943e-01 2.789902091026306152e-01 1.000000000000000000e+00
6.975777149200439453e-01 4.411482214927673340e-01 2.809411883354187012e-01 1.000000000000000000e+00
7.024219632148742676e-01 4.442117512226104736e-01 2.828921675682067871e-01 1.000000000000000000e+00
7.072662711143493652e-01 4.472752809524536133e-01 2.848431468009948730e-01 1.000000000000000000e+00
7.121105790138244629e-01 4.503388106822967529e-01 2.867941260337829590e-01 1.000000000000000000e+00
7.169548273086547852e-01 4.534023404121398926e-01 2.887451052665710449e-01 1.000000000000000000e+00
7.217991352081298828e-01 4.564658701419830322e-01 2.906960844993591309e-01 1.000000000000000000e+00
7.266434431076049805e-01 4.595293998718261719e-01 2.926470637321472168e-01 1.000000000000000000e+00
7.314876914024353027e-01 4.625929296016693115e-01 2.945980429649353027e-01 1.000000000000000000e+00
7.363319993019104004e-01 4.656564593315124512e-01 2.965490221977233887e-01 1.000000000000000000e+00
7.411763072013854980e-01 4.687199890613555908e-01 2.985000014305114746e-01 1.000000000000000000e+00
7.460206151008605957e-01 4.717835187911987305e-01 3.004509806632995605e-01 1.000000000000000000e+00
7.508648633956909180e-01 4.748470485210418701e-01 3.024019598960876465e-01 1.000000000000000000e+00
7.557091712951660156e-01 4.779105782508850098e-01 3.043529391288757324e-01 1.000000000000000000e+00
7.605534791946411133e-01 4.809741079807281494e-01 3.063039183616638184e-01 1.000000000000000000e+00
7.653977274894714355e-01 4.840376377105712891e-01 3.082548975944519043e-01 1.000000000000000000e+00
7.702420353889465332e-01 4.871011674404144287e-01 3.102058768272399902e-01 1.000000000000000000e+00
7.750863432884216309e-01 4.901646971702575684e-01 3.121568560600280762e-01 1.000000000000000000e+00
7.799305915832519531e-01 4.932282269001007080e-01 3.141078352928161621e-01 1.000000000000000000e+00
7.847748994827270508e-01 4.962917566299438477e-01 3.160588145256042480e-01 1.000000000000000000e+00
7.896192073822021484e-01 4.993552863597869873e-01 3.180097937583923340e-01 1.000000000000000000e+00
7.944634556770324707e-01 5.024188160896301270e-01 3.199607729911804199e-01 1.000000000000000000e+00
7.993077635765075684e-01 5.054823756217956543e-01 3.219117522239685059e-01 1.000000000000000000e+00
8.041520714759826660e-01 5.085458755493164062e-01 3.238627314567565918e-01 1.000000000000000000e+00
8.089963197708129883e-01 5.116094350814819336e-01 3.258137106895446777e-01 1.000000000000000000e+00
8.138406276702880859e-01 5.146729350090026855e-01 3.277647197246551514e-01 1.000000000000000000e+00
8.186849355697631836e-01 5.177364945411682129e-01 3.297156989574432373e-01 1.000000000000000000e+00
8.235292434692382812e-01 5.207999944686889648e-01 3.316666781902313232e-01 1.000000000000000000e+00
8.283734917640686035e-01 5.238635540008544922e-01 3.336176574230194092e-01 1.000000000000000000e+00
8.332177996635437012e-01 5.269270539283752441e-01 3.355686366558074951e-01 1.000000000000000000e+00
8.380621075630187988e-01 5.299906134605407715e-01 3.375196158885955811e-01 1.000000000000000000e+00
8.429063558578491211e-01 5.330541133880615234e-01 3.394705951213836670e-01 1.000000000000000000e+00
8.477506637573242188e-01 5.361176729202270508e-01 3.414215743541717529e-01 1.000000000000000000e+00
8.525949716567993164e-01 5.391811728477478027e-01 3.433725535869598389e-01 1.000000000000000000e+00
8.574392199516296387e-01 5.422447323799133301e-01 3.453235328197479248e-01 1.000000000000000000e+00
8.622835278511047363e-01 5.453082323074340820e-01 3.472745120525360107e-01 1.000000000000000000e+00
8.671278357505798340e-01 5.483717918395996094e-01 3.492254912853240967e-01 1.000000000000000000e+00
8.719720840454101562e-01 5.514352917671203613e-01 3.511764705181121826e-01 1.000000000000000000e+00
8.768163919448852539e-01 5.544988512992858887e-01 3.531274497509002686e-01 1.000000000000000000e+00
8.816606998443603516e-01 5.575623512268066406e-01 3.550784289836883545e-01 1.000000000000000000e+00
8.865050077438354492e-01 5.606259107589721680e-01 3.570294082164764404e-01 1.000000000000000000e+00
8.913492560386657715e-01 5.636894106864929199e-01 3.589803874492645264e-01 1.000000000000000000e+00
8.961935639381408691e-01 5.667529702186584473e-01 3.609313666820526123e-01 1.000000000000000000e+00
9.010378718376159668e-01 5.698164701461791992e-01 3.628823459148406982e-01 1.000000000000000000e+00
9.058821201324462891e-01 5.728800296783447266e-01 3.648333251476287842e-01 1.000000000000000000e+00
9.107264280319213867e-01 5.759435296058654785e-01 3.667843043804168701e-01 1.000000000000000000e+00
9.155707359313964844e-01 5.790070295333862305e-01 3.687352836132049561e-01 1.000000000000000000e+00
9.204149842262268066e-01 5.820705890655517578e-01 3.706862628459930420e-01 1.000000000000000000e+00
9.252592921257019043e-01 5.851340889930725098e-01 3.726372420787811279e-01 1.000000000000000000e+00
9.301036000251770020e-01 5.881976485252380371e-01 3.745882213115692139e-01 1.000000000000000000e+00
9.349478483200073242e-01 5.912611484527587891e-01 3.765392303466796875e-01 1.000000000000000000e+00
9.397921562194824219e-01 5.943247079849243164e-01 3.784902095794677734e-01 1.000000000000000000e+00
9.446364641189575195e-01 5.973882079124450684e-01 3.804411888122558594e-01 1.000000000000000000e+00
9.494807720184326172e-01 6.004517674446105957e-01 3.823921680450439453e-01 1.000000000000000000e+00
9.543250203132629395e-01 6.035152673721313477e-01 3.843431472778320312e-01 1.000000000000000000e+00
9.591693282127380371e-01 6.065788269042968750e-01 3.862941265106201172e-01 1.000000000000000000e+00
9.640136361122131348e-01 6.096423268318176270e-01 3.882451057434082031e-01 1.000000000000000000e+00
9.688578844070434570e-01 6.127058863639831543e-01 3.901960849761962891e-01 1.000000000000000000e+00
9.737021923065185547e-01 6.157693862915039062e-01 3.921470642089843750e-01 1.000000000000000000e+00
9.785465002059936523e-01 6.188329458236694336e-01 3.940980434417724609e-01 1.000000000000000000e+00
9.833907485008239746e-01 6.218964457511901855e-01 3.960490226745605469e-01 1.000000000000000000e+00
9.882350564002990723e-01 6.249600052833557129e-01 3.980000019073486328e-01 1.000000000000000000e+00
9.930793642997741699e-01 6.280235052108764648e-01 3.999509811401367188e-01 1.000000000000000000e+00
9.979236125946044922e-01 6.310870647430419922e-01 4.019019603729248047e-01 1.000000000000000000e+00
1.000000000000000000e+00 6.341505646705627441e-01 4.038529396057128906e-01 1.000000000000000000e+00
1.000000000000000000e+00 6.372141242027282715e-01 4.058039188385009766e-01 1.000000000000000000e+00
1.000000000000000000e+00 6.402776241302490234e-01 4.077548980712890625e-01 1.000000000000000000e+00
1.000000000000000000e+00 6.433411836624145508e-01 4.097058773040771484e-01 1.000000000000000000e+00
1.000000000000000000e+00 6.464046835899353027e-01 4.116568565368652344e-01 1.000000000000000000e+00
1.000000000000000000e+00 6.494682431221008301e-01 4.136078357696533203e-01 1.000000000000000000e+00
1.000000000000000000e+00 6.525317430496215820e-01 4.155588150024414062e-01 1.000000000000000000e+00
1.000000000000000000e+00 6.555953025817871094e-01 4.175097942352294922e-01 1.000000000000000000e+00
1.000000000000000000e+00 6.586588025093078613e-01 4.194607734680175781e-01 1.000000000000000000e+00
1.000000000000000000e+00 6.617223620414733887e-01 4.214117527008056641e-01 1.000000000000000000e+00
1.000000000000000000e+00 6.647858619689941406e-01 4.233627319335937500e-01 1.000000000000000000e+00
1.000000000000000000e+00 6.678494215011596680e-01 4.253137111663818359e-01 1.000000000000000000e+00
1.000000000000000000e+00 6.709129214286804199e-01 4.272647202014923096e-01 1.000000000000000000e+00
1.000000000000000000e+00 6.739764809608459473e-01 4.292156994342803955e-01 1.000000000000000000e+00
1.000000000000000000e+00 6.770399808883666992e-01 4.311666786670684814e-01 1.000000000000000000e+00
1.000000000000000000e+00 6.801035404205322266e-01 4.331176578998565674e-01 1.000000000000000000e+00
1.000000000000000000e+00 6.831670403480529785e-01 4.350686371326446533e-01 1.000000000000000000e+00
1.000000000000000000e+00 6.862305998802185059e-01 4.370196163654327393e-01 1.000000000000000000e+00
1.000000000000000000e+00 6.892940998077392578e-01 4.389705955982208252e-01 1.000000000000000000e+00
1.000000000000000000e+00 6.923576593399047852e-01 4.409215748310089111e-01 1.000000000000000000e+00
1.000000000000000000e+00 6.954211592674255371e-01 4.428725540637969971e-01 1.000000000000000000e+00
1.000000000000000000e+00 6.984847187995910645e-01 4.448235332965850830e-01 1.000000000000000000e+00
1.000000000000000000e+00 7.015482187271118164e-01 4.467745125293731689e-01 1.000000000000000000e+00
1.000000000000000000e+00 7.046117782592773438e-01 4.487254917621612549e-01 1.000000000000000000e+00
1.000000000000000000e+00 7.076752781867980957e-01 4.506764709949493408e-01 1.000000000000000000e+00
1.000000000000000000e+00 7.107388377189636230e-01 4.526274502277374268e-01 1.000000000000000000e+00
1.000000000000000000e+00 7.138023376464843750e-01 4.545784294605255127e-01 1.000000000000000000e+00
1.000000000000000000e+00 7.168658971786499023e-01 4.565294086933135986e-01 1.000000000000000000e+00
1.000000000000000000e+00 7.199293971061706543e-01 4.584803879261016846e-01 1.000000000000000000e+00
1.000000000000000000e+00 7.229929566383361816e-01 4.604313671588897705e-01 1.000000000000000000e+00
1.000000000000000000e+00 7.260564565658569336e-01 4.623823463916778564e-01 1.000000000000000000e+00
1.000000000000000000e+00 7.291200160980224609e-01 4.643333256244659424e-01 1.000000000000000000e+00
1.000000000000000000e+00 7.321835160255432129e-01 4.662843048572540283e-01 1.000000000000000000e+00
1.000000000000000000e+00 7.352470755577087402e-01 4.682352840900421143e-01 1.000000000000000000e+00
1.000000000000000000e+00 7.383105754852294922e-01 4.701862633228302002e-01 1.000000000000000000e+00
1.000000000000000000e+00 7.413741350173950195e-01 4.721372425556182861e-01 1.000000000000000000e+00
1.000000000000000000e+00 7.444376349449157715e-01 4.740882217884063721e-01 1.000000000000000000e+00
1.000000000000000000e+00 7.475011944770812988e-01 4.760392010211944580e-01 1.000000000000000000e+00
1.000000000000000000e+00 7.505646944046020508e-01 4.779902100563049316e-01 1.000000000000000000e+00
1.000000000000000000e+00 7.536282539367675781e-01 4.799411892890930176e-01 1.000000000000000000e+00
1.000000000000000000e+00 7.566917538642883301e-01 4.818921685218811035e-01 1.000000000000000000e+00
1.000000000000000000e+00 7.597553133964538574e-01 4.838431477546691895e-01 1.000000000000000000e+00
1.000000000000000000e+00 7.628188133239746094e-01 4.857941269874572754e-01 1.000000000000000000e+00
1.000000000000000000e+00 7.658823728561401367e-01 4.877451062202453613e-01 1.000000000000000000e+00
1.000000000000000000e+00 7.689458727836608887e-01 4.896960854530334473e-01 1.000000000000000000e+00
1.000000000000000000e+00 7.720094323158264160e-01 4.916470646858215332e-01 1.000000000000000000e+00
1.000000000000000000e+00 7.750729322433471680e-01 4.935980439186096191e-01 1.000000000000000000e+00
1.000000000000000000e+00 7.781364917755126953e-01 4.955490231513977051e-01 1.000000000000000000e+00
1.000000000000000000e+00 7.811999917030334473e-01 4.975000023841857910e-01 1.000000000000000000e+00
