1.000000000000000000e+00 0.000000000000000000e+00 0.000000000000000000e+00 1.000000000000000000e+00
1.000000000000000000e+00 3.784110546112060547e-01 2.097892612218856812e-01 1.000000000000000000e+00
1.000000000000000000e+00 7.005430459976196289e-01 4.930701255798339844e-01 1.000000000000000000e+00
1.000000000000000000e+00 9.184870123863220215e-01 7.773815989494323730e-01 1.000000000000000000e+00
1.000000000000000000e+00 9.998292326927185059e-01 1.000000000000000000e+00 1.000000000000000000e+00
8.029407262802124023e-01 9.324722290039062500e-01 1.000000000000000000e+00 1.000000000000000000e+00
5.207872986793518066e-01 7.264335751533508301e-01 1.000000000000000000e+00 1.000000000000000000e+00
2.355422377586364746e-01 4.123563170433044434e-01 1.000000000000000000e+00 1.000000000000000000e+00
0.000000000000000000e+00 3.695150092244148254e-02 1.000000000000000000e+00 1.000000000000000000e+00
0.000000000000000000e+00 0.000000000000000000e+00 8.155673146247863770e-01 1.000000000000000000e+00
0.000000000000000000e+00 0.000000000000000000e+00 5.346375703811645508e-01 1.000000000000000000e+00
0.000000000000000000e+00 0.000000000000000000e+00 2.485564053058624268e-01 1.000000000000000000e+00
0.000000000000000000e+00 0.000000000000000000e+00 0.000000000000000000e+00 1.000000000000000000e+00
1.719138771295547485e-01 0.000000000000000000e+00 0.000000000000000000e+00 1.000000000000000000e+00
4.515239298343658447e-01 0.000000000000000000e+00 0.000000000000000000e+00 1.000000000000000000e+00
7.383435368537902832e-01 0.000000000000000000e+00 0.000000000000000000e+00 1.000000000000000000e+00
9.897156357765197754e-01 0.000000000000000000e+00 0.000000000000000000e+00 1.000000000000000000e+00
1.000000000000000000e+00 3.090170025825500488e-01 1.595071256160736084e-01 1.000000000000000000e+00
1.000000000000000000e+00 6.459280848503112793e-01 4.377020001411437988e-01 1.000000000000000000e+00
1.000000000000000000e+00 8.867737054824829102e-01 7.251621484756469727e-01 1.000000000000000000e+00
1.000000000000000000e+00 9.957341551780700684e-01 9.791350960731506348e-01 1.000000000000000000e+00
8.527833819389343262e-01 9.566044211387634277e-01 1.000000000000000000e+00 1.000000000000000000e+00
5.760986208915710449e-01 7.752040028572082520e-01 1.000000000000000000e+00 1.000000000000000000e+00
2.880961894989013672e-01 4.785115718841552734e-01 1.000000000000000000e+00 1.000000000000000000e+00
3.160904347896575928e-02 1.106526851654052734e-01 1.000000000000000000e+00 1.000000000000000000e+00
0.000000000000000000e+00 0.000000000000000000e+00 8.649533390998840332e-01 1.000000000000000000e+00
0.000000000000000000e+00 0.000000000000000000e+00 5.898733139038085938e-01 1.000000000000000000e+00
0.000000000000000000e+00 0.000000000000000000e+00 3.014268577098846436e-01 1.000000000000000000e+00
0.000000000000000000e+00 0.000000000000000000e+00 4.251315072178840637e-02 1.000000000000000000e+00
1.230012699961662292e-01 0.000000000000000000e+00 0.000000000000000000e+00 1.000000000000000000e+00
3.963827192783355713e-01 0.000000000000000000e+00 0.000000000000000000e+00 1.000000000000000000e+00
6.851746439933776855e-01 0.000000000000000000e+00 0.000000000000000000e+00 1.000000000000000000e+00
9.464265108108520508e-01 0.000000000000000000e+00 0.000000000000000000e+00 1.000000000000000000e+00
1.000000000000000000e+00 2.379352003335952759e-01 1.110846400260925293e-01 1.000000000000000000e+00
1.000000000000000000e+00 5.877852439880371094e-01 3.826741576194763184e-01 1.000000000000000000e+00
1.000000000000000000e+00 8.502171635627746582e-01 6.717129349708557129e-01 1.000000000000000000e+00
1.000000000000000000e+00 9.862007498741149902e-01 9.352137446403503418e-01 1.000000000000000000e+00
9.006991982460021973e-01 9.755119681358337402e-01 1.000000000000000000e+00 1.000000000000000000e+00
6.309943795204162598e-01 8.197404742240905762e-01 1.000000000000000000e+00 1.000000000000000000e+00
3.418074548244476318e-01 5.420533418655395508e-01 1.000000000000000000e+00 1.000000000000000000e+00
7.614769041538238525e-02 1.837495118379592896e-01 1.000000000000000000e+00 1.000000000000000000e+00
0.000000000000000000e+00 0.000000000000000000e+00 9.123461246490478516e-01 1.000000000000000000e+00
0.000000000000000000e+00 0.000000000000000000e+00 6.446181535720825195e-01 1.000000000000000000e+00
0.000000000000000000e+00 0.000000000000000000e+00 3.553818464279174805e-01 1.000000000000000000e+00
0.000000000000000000e+00 0.000000000000000000e+00 8.765384554862976074e-02 1.000000000000000000e+00
7.614769041538238525e-02 0.000000000000000000e+00 0.000000000000000000e+00 1.000000000000000000e+00
3.418074548244476318e-01 0.000000000000000000e+00 0.000000000000000000e+00 1.000000000000000000e+00
6.309943795204162598e-01 0.000000000000000000e+00 0.000000000000000000e+00 1.000000000000000000e+00
9.006991982460021973e-01 0.000000000000000000e+00 0.000000000000000000e+00 1.000000000000000000e+00
1.000000000000000000e+00 1.655538827180862427e-01 6.478627771139144897e-02 1.000000000000000000e+00
1.000000000000000000e+00 5.264321565628051758e-01 3.282870948314666748e-01 1.000000000000000000e+00
1.000000000000000000e+00 8.090170025825500488e-01 6.173258423805236816e-01 1.000000000000000000e+00
1.000000000000000000e+00 9.712810516357421875e-01 8.889153599739074707e-01 1.000000000000000000e+00
9.464265108108520508e-01 9.890916347503662109e-01 1.000000000000000000e+00 1.000000000000000000e+00
6.851746439933776855e-01 8.597998619079589844e-01 1.000000000000000000e+00 1.000000000000000000e+00
3.963827192783355713e-01 6.026346087455749512e-01 1.000000000000000000e+00 1.000000000000000000e+00
1.230012699961662292e-01 2.558427751064300537e-01 1.000000000000000000e+00 1.000000000000000000e+00
0.000000000000000000e+00 0.000000000000000000e+00 9.574868679046630859e-01 1.000000000000000000e+00
0.000000000000000000e+00 0.000000000000000000e+00 6.985731124877929688e-01 1.000000000000000000e+00
0.000000000000000000e+00 0.000000000000000000e+00 4.101267158985137939e-01 1.000000000000000000e+00
0.000000000000000000e+00 0.000000000000000000e+00 1.350466459989547729e-01 1.000000000000000000e+00
3.160904347896575928e-02 0.000000000000000000e+00 0.000000000000000000e+00 1.000000000000000000e+00
2.880961894989013672e-01 0.000000000000000000e+00 0.000000000000000000e+00 1.000000000000000000e+00
5.760986208915710449e-01 0.000000000000000000e+00 0.000000000000000000e+00 1.000000000000000000e+00
8.527833819389343262e-01 0.000000000000000000e+00 0.000000000000000000e+00 1.000000000000000000e+00
1.000000000000000000e+00 9.226836264133453369e-02 2.086489647626876831e-02 1.000000000000000000e+00
1.000000000000000000e+00 4.622038900852203369e-01 2.748378515243530273e-01 1.000000000000000000e+00
1.000000000000000000e+00 7.633982896804809570e-01 5.622979998588562012e-01 1.000000000000000000e+00
1.000000000000000000e+00 9.510565400123596191e-01 8.404929041862487793e-01 1.000000000000000000e+00
9.897156357765197754e-01 9.972691535949707031e-01 1.000000000000000000e+00 1.000000000000000000e+00
7.383435368537902832e-01 8.951632976531982422e-01 1.000000000000000000e+00 1.000000000000000000e+00
4.515239298343658447e-01 6.599245071411132812e-01 1.000000000000000000e+00 1.000000000000000000e+00
1.719138771295547485e-01 3.265387117862701416e-01 1.000000000000000000e+00 1.000000000000000000e+00
0.000000000000000000e+00 0.000000000000000000e+00 1.000000000000000000e+00 1.000000000000000000e+00
0.000000000000000000e+00 0.000000000000000000e+00 7.514436244964599609e-01 1.000000000000000000e+00
0.000000000000000000e+00 0.000000000000000000e+00 4.653623998165130615e-01 1.000000000000000000e+00
0.000000000000000000e+00 0.000000000000000000e+00 1.844326853752136230e-01 1.000000000000000000e+00
0.000000000000000000e+00 0.000000000000000000e+00 0.000000000000000000e+00 1.000000000000000000e+00
2.355422377586364746e-01 0.000000000000000000e+00 0.000000000000000000e+00 1.000000000000000000e+00
5.207872986793518066e-01 0.000000000000000000e+00 0.000000000000000000e+00 1.000000000000000000e+00
8.029407262802124023e-01 0.000000000000000000e+00 0.000000000000000000e+00 1.000000000000000000e+00
1.000000000000000000e+00 1.847890578210353851e-02 0.000000000000000000e+00 1.000000000000000000e+00
1.000000000000000000e+00 3.954512178897857666e-01 2.226183861494064331e-01 1.000000000000000000e+00
1.000000000000000000e+00 7.136101722717285156e-01 5.069298744201660156e-01 1.000000000000000000e+00
1.000000000000000000e+00 9.256376624107360840e-01 7.902107238769531250e-01 1.000000000000000000e+00
1.000000000000000000e+00 1.000000000000000000e+00 1.000000000000000000e+00 1.000000000000000000e+00
7.902107238769531250e-01 9.256376624107360840e-01 1.000000000000000000e+00 1.000000000000000000e+00
5.069298744201660156e-01 7.136101722717285156e-01 1.000000000000000000e+00 1.000000000000000000e+00
2.226183861494064331e-01 3.954512178897857666e-01 1.000000000000000000e+00 1.000000000000000000e+00
0.000000000000000000e+00 1.847890578210353851e-02 1.000000000000000000e+00 1.000000000000000000e+00
0.000000000000000000e+00 0.000000000000000000e+00 8.029407262802124023e-01 1.000000000000000000e+00
0.000000000000000000e+00 0.000000000000000000e+00 5.207872986793518066e-01 1.000000000000000000e+00
0.000000000000000000e+00 0.000000000000000000e+00 2.355422377586364746e-01 1.000000000000000000e+00
0.000000000000000000e+00 0.000000000000000000e+00 0.000000000000000000e+00 1.000000000000000000e+00
1.844326853752136230e-01 0.000000000000000000e+00 0.000000000000000000e+00 1.000000000000000000e+00
4.653623998165130615e-01 0.000000000000000000e+00 0.000000000000000000e+00 1.000000000000000000e+00
7.514436244964599609e-01 0.000000000000000000e+00 0.000000000000000000e+00 1.000000000000000000e+00
1.000000000000000000e+00 0.000000000000000000e+00 0.000000000000000000e+00 1.000000000000000000e+00
1.000000000000000000e+00 3.265387117862701416e-01 1.719138771295547485e-01 1.000000000000000000e+00
1.000000000000000000e+00 6.599245071411132812e-01 4.515239298343658447e-01 1.000000000000000000e+00
1.000000000000000000e+00 8.951632976531982422e-01 7.383435368537902832e-01 1.000000000000000000e+00
1.000000000000000000e+00 9.972691535949707031e-01 9.897156357765197754e-01 1.000000000000000000e+00
8.404929041862487793e-01 9.510565400123596191e-01 1.000000000000000000e+00 1.000000000000000000e+00
5.622979998588562012e-01 7.633982896804809570e-01 1.000000000000000000e+00 1.000000000000000000e+00
2.748378515243530273e-01 4.622038900852203369e-01 1.000000000000000000e+00 1.000000000000000000e+00
2.086489647626876831e-02 9.226836264133453369e-02 1.000000000000000000e+00 1.000000000000000000e+00
0.000000000000000000e+00 0.000000000000000000e+00 8.527833819389343262e-01 1.000000000000000000e+00
0.000000000000000000e+00 0.000000000000000000e+00 5.760986208915710449e-01 1.000000000000000000e+00
0.000000000000000000e+00 0.000000000000000000e+00 2.880961894989013672e-01 1.000000000000000000e+00
0.000000000000000000e+00 0.000000000000000000e+00 3.160904347896575928e-02 1.000000000000000000e+00
1.350466459989547729e-01 0.000000000000000000e+00 0.000000000000000000e+00 1.000000000000000000e+00
4.101267158985137939e-01 0.000000000000000000e+00 0.000000000000000000e+00 1.000000000000000000e+00
6.985731124877929688e-01 0.000000000000000000e+00 0.000000000000000000e+00 1.000000000000000000e+00
9.574868679046630859e-01 0.000000000000000000e+00 0.000000000000000000e+00 1.000000000000000000e+00
1.000000000000000000e+00 2.558427751064300537e-01 1.230012699961662292e-01 1.000000000000000000e+00
1.000000000000000000e+00 6.026346087455749512e-01 3.963827192783355713e-01 1.000000000000000000e+00
1.000000000000000000e+00 8.597998619079589844e-01 6.851746439933776855e-01 1.000000000000000000e+00
1.000000000000000000e+00 9.890916347503662109e-01 9.464265108108520508e-01 1.000000000000000000e+00
8.889153599739074707e-01 9.712810516357421875e-01 1.000000000000000000e+00 1.000000000000000000e+00
6.173258423805236816e-01 8.090170025825500488e-01 1.000000000000000000e+00 1.000000000000000000e+00
3.282870948314666748e-01 5.264321565628051758e-01 1.000000000000000000e+00 1.000000000000000000e+00
6.478627771139144897e-02 1.655538827180862427e-01 1.000000000000000000e+00 1.000000000000000000e+00
0.000000000000000000e+00 0.000000000000000000e+00 9.006991982460021973e-01 1.000000000000000000e+00
0.000000000000000000e+00 0.000000000000000000e+00 6.309943795204162598e-01 1.000000000000000000e+00
0.000000000000000000e+00 0.000000000000000000e+00 3.418074548244476318e-01 1.000000000000000000e+00
0.000000000000000000e+00 0.000000000000000000e+00 7.614769041538238525e-02 1.000000000000000000e+00
8.765384554862976074e-02 0.000000000000000000e+00 0.000000000000000000e+00 1.000000000000000000e+00
3.553818464279174805e-01 0.000000000000000000e+00 0.000000000000000000e+00 1.000000000000000000e+00
6.446181535720825195e-01 0.000000000000000000e+00 0.000000000000000000e+00 1.000000000000000000e+00
9.123461246490478516e-01 0.000000000000000000e+00 0.000000000000000000e+00 1.000000000000000000e+00
1.000000000000000000e+00 1.837495118379592896e-01 7.614769041538238525e-02 1.000000000000000000e+00
1.000000000000000000e+00 5.420533418655395508e-01 3.418074548244476318e-01 1.000000000000000000e+00
1.000000000000000000e+00 8.197404742240905762e-01 6.309943795204162598e-01 1.000000000000000000e+00
1.000000000000000000e+00 9.755119681358337402e-01 9.006991982460021973e-01 1.000000000000000000e+00
9.352137446403503418e-01 9.862007498741149902e-01 1.000000000000000000e+00 1.000000000000000000e+00
6.717129349708557129e-01 8.502171635627746582e-01 1.000000000000000000e+00 1.000000000000000000e+00
3.826741576194763184e-01 5.877852439880371094e-01 1.000000000000000000e+00 1.000000000000000000e+00
1.110846400260925293e-01 2.379352003335952759e-01 1.000000000000000000e+00 1.000000000000000000e+00
0.000000000000000000e+00 0.000000000000000000e+00 9.464265108108520508e-01 1.000000000000000000e+00
0.000000000000000000e+00 0.000000000000000000e+00 6.851746439933776855e-01 1.000000000000000000e+00
0.000000000000000000e+00 0.000000000000000000e+00 3.963827192783355713e-01 1.000000000000000000e+00
0.000000000000000000e+00 0.000000000000000000e+00 1.230012699961662292e-01 1.000000000000000000e+00
4.251315072178840637e-02 0.000000000000000000e+00 0.000000000000000000e+00 1.000000000000000000e+00
3.014268577098846436e-01 0.000000000000000000e+00 0.000000000000000000e+00 1.000000000000000000e+00
5.898733139038085938e-01 0.000000000000000000e+00 0.000000000000000000e+00 1.000000000000000000e+00
8.649533390998840332e-01 0.000000000000000000e+00 0.000000000000000000e+00 1.000000000000000000e+00
1.000000000000000000e+00 1.106526851654052734e-01 3.160904347896575928e-02 1.000000000000000000e+00
1.000000000000000000e+00 4.785115718841552734e-01 2.880961894989013672e-01 1.000000000000000000e+00
1.000000000000000000e+00 7.752040028572082520e-01 5.760986208915710449e-01 1.000000000000000000e+00
1.000000000000000000e+00 9.566044211387634277e-01 8.527833819389343262e-01 1.000000000000000000e+00
9.791350960731506348e-01 9.957341551780700684e-01 1.000000000000000000e+00 1.000000000000000000e+00
7.251621484756469727e-01 8.867737054824829102e-01 1.000000000000000000e+00 1.000000000000000000e+00
4.377020001411437988e-01 6.459280848503112793e-01 1.000000000000000000e+00 1.000000000000000000e+00
1.595071256160736084e-01 3.090170025825500488e-01 1.000000000000000000e+00 1.000000000000000000e+00
0.000000000000000000e+00 0.000000000000000000e+00 9.897156357765197754e-01 1.000000000000000000e+00
0.000000000000000000e+00 0.000000000000000000e+00 7.383435368537902832e-01 1.000000000000000000e+00
0.000000000000000000e+00 0.000000000000000000e+00 4.515239298343658447e-01 1.000000000000000000e+00
0.000000000000000000e+00 0.000000000000000000e+00 1.719138771295547485e-01 1.000000000000000000e+00
0.000000000000000000e+00 0.000000000000000000e+00 0.000000000000000000e+00 1.000000000000000000e+00
2.485564053058624268e-01 0.000000000000000000e+00 0.000000000000000000e+00 1.000000000000000000e+00
5.346375703811645508e-01 0.000000000000000000e+00 0.000000000000000000e+00 1.000000000000000000e+00
8.155673146247863770e-01 0.000000000000000000e+00 0.000000000000000000e+00 1.000000000000000000e+00
1.000000000000000000e+00 3.695150092244148254e-02 0.000000000000000000e+00 1.000000000000000000e+00
1.000000000000000000e+00 4.123563170433044434e-01 2.355422377586364746e-01 1.000000000000000000e+00
1.000000000000000000e+00 7.264335751533508301e-01 5.207872986793518066e-01 1.000000000000000000e+00
1.000000000000000000e+00 9.324722290039062500e-01 8.029407262802124023e-01 1.000000000000000000e+00
1.000000000000000000e+00 9.998292326927185059e-01 1.000000000000000000e+00 1.000000000000000000e+00
7.773815989494323730e-01 9.184870123863220215e-01 1.000000000000000000e+00 1.000000000000000000e+00
4.930701255798339844e-01 7.005430459976196289e-01 1.000000000000000000e+00 1.000000000000000000e+00
2.097892612218856812e-01 3.784110546112060547e-01 1.000000000000000000e+00 1.000000000000000000e+00
0.000000000000000000e+00 0.000000000000000000e+00 1.000000000000000000e+00 1.000000000000000000e+00
0.000000000000000000e+00 0.000000000000000000e+00 7.902107238769531250e-01 1.000000000000000000e+00
0.000000000000000000e+00 0.000000000000000000e+00 5.069298744201660156e-01 1.000000000000000000e+00
0.000000000000000000e+00 0.000000000000000000e+00 2.226183861494064331e-01 1.000000000000000000e+00
0.000000000000000000e+00 0.000000000000000000e+00 0.000000000000000000e+00 1.000000000000000000e+00
1.970592439174652100e-01 0.000000000000000000e+00 0.000000000000000000e+00 1.000000000000000000e+00
4.792127013206481934e-01 0.000000000000000000e+00 0.000000000000000000e+00 1.000000000000000000e+00
7.644577622413635254e-01 0.000000000000000000e+00 0.000000000000000000e+00 1.000000000000000000e+00
1.000000000000000000e+00 0.000000000000000000e+00 0.000000000000000000e+00 1.000000000000000000e+00
1.000000000000000000e+00 3.439489305019378662e-01 1.844326853752136230e-01 1.000000000000000000e+00
1.000000000000000000e+00 6.736956238746643066e-01 4.653623998165130615e-01 1.000000000000000000e+00
1.000000000000000000e+00 9.032471776008605957e-01 7.514436244964599609e-01 1.000000000000000000e+00
1.000000000000000000e+00 9.984636306762695312e-01 1.000000000000000000e+00 1.000000000000000000e+00
8.280861377716064453e-01 9.451838135719299316e-01 1.000000000000000000e+00 1.000000000000000000e+00
5.484760999679565430e-01 7.513318657875061035e-01 1.000000000000000000e+00 1.000000000000000000e+00
2.616564333438873291e-01 4.457383453845977783e-01 1.000000000000000000e+00 1.000000000000000000e+00
1.028437074273824692e-02 7.385252416133880615e-02 1.000000000000000000e+00 1.000000000000000000e+00
0.000000000000000000e+00 0.000000000000000000e+00 8.404929041862487793e-01 1.000000000000000000e+00
0.000000000000000000e+00 0.000000000000000000e+00 5.622979998588562012e-01 1.000000000000000000e+00
0.000000000000000000e+00 0.000000000000000000e+00 2.748378515243530273e-01 1.000000000000000000e+00
0.000000000000000000e+00 0.000000000000000000e+00 2.086489647626876831e-02 1.000000000000000000e+00
1.472166478633880615e-01 0.000000000000000000e+00 0.000000000000000000e+00 1.000000000000000000e+00
4.239013493061065674e-01 0.000000000000000000e+00 0.000000000000000000e+00 1.000000000000000000e+00
7.119038105010986328e-01 0.000000000000000000e+00 0.000000000000000000e+00 1.000000000000000000e+00
9.683909416198730469e-01 0.000000000000000000e+00 0.000000000000000000e+00 1.000000000000000000e+00
1.000000000000000000e+00 2.736629843711853027e-01 1.350466459989547729e-01 1.000000000000000000e+00
1.000000000000000000e+00 6.172782182693481445e-01 4.101267158985137939e-01 1.000000000000000000e+00
1.000000000000000000e+00 8.690889477729797363e-01 6.985731124877929688e-01 1.000000000000000000e+00
1.000000000000000000e+00 9.916446805000305176e-01 9.574868679046630859e-01 1.000000000000000000e+00
8.769987225532531738e-01 9.667183756828308105e-01 1.000000000000000000e+00 1.000000000000000000e+00
6.036172509193420410e-01 7.980172038078308105e-01 1.000000000000000000e+00 1.000000000000000000e+00
3.148253560066223145e-01 5.106312036514282227e-01 1.000000000000000000e+00 1.000000000000000000e+00
5.357348546385765076e-02 1.473017036914825439e-01 1.000000000000000000e+00 1.000000000000000000e+00
0.000000000000000000e+00 0.000000000000000000e+00 8.889153599739074707e-01 1.000000000000000000e+00
0.000000000000000000e+00 0.000000000000000000e+00 6.173258423805236816e-01 1.000000000000000000e+00
0.000000000000000000e+00 0.000000000000000000e+00 3.282870948314666748e-01 1.000000000000000000e+00
0.000000000000000000e+00 0.000000000000000000e+00 6.478627771139144897e-02 1.000000000000000000e+00
9.930082410573959351e-02 0.000000000000000000e+00 0.000000000000000000e+00 1.000000000000000000e+00
3.690056204795837402e-01 0.000000000000000000e+00 0.000000000000000000e+00 1.000000000000000000e+00
6.581925153732299805e-01 0.000000000000000000e+00 0.000000000000000000e+00 1.000000000000000000e+00
9.238523244857788086e-01 0.000000000000000000e+00 0.000000000000000000e+00 1.000000000000000000e+00
1.000000000000000000e+00 2.018824070692062378e-01 8.765384554862976074e-02 1.000000000000000000e+00
1.000000000000000000e+00 5.574894547462463379e-01 3.553818464279174805e-01 1.000000000000000000e+00
1.000000000000000000e+00 8.301840424537658691e-01 6.446181535720825195e-01 1.000000000000000000e+00
1.000000000000000000e+00 9.794097542762756348e-01 9.123461246490478516e-01 1.000000000000000000e+00
9.238523244857788086e-01 9.829730987548828125e-01 1.000000000000000000e+00 1.000000000000000000e+00
6.581925153732299805e-01 8.403440713882446289e-01 1.000000000000000000e+00 1.000000000000000000e+00
3.690056204795837402e-01 5.727351307868957520e-01 1.000000000000000000e+00 1.000000000000000000e+00
9.930082410573959351e-02 2.199463546276092529e-01 1.000000000000000000e+00 1.000000000000000000e+00
0.000000000000000000e+00 0.000000000000000000e+00 9.352137446403503418e-01 1.000000000000000000e+00
0.000000000000000000e+00 0.000000000000000000e+00 6.717129349708557129e-01 1.000000000000000000e+00
0.000000000000000000e+00 0.000000000000000000e+00 3.826741576194763184e-01 1.000000000000000000e+00
0.000000000000000000e+00 0.000000000000000000e+00 1.110846400260925293e-01 1.000000000000000000e+00
5.357348546385765076e-02 0.000000000000000000e+00 0.000000000000000000e+00 1.000000000000000000e+00
3.148253560066223145e-01 0.000000000000000000e+00 0.000000000000000000e+00 1.000000000000000000e+00
6.036172509193420410e-01 0.000000000000000000e+00 0.000000000000000000e+00 1.000000000000000000e+00
8.769987225532531738e-01 0.000000000000000000e+00 0.000000000000000000e+00 1.000000000000000000e+00
1.000000000000000000e+00 1.289992183446884155e-01 4.251315072178840637e-02 1.000000000000000000e+00
1.000000000000000000e+00 4.946558475494384766e-01 3.014268577098846436e-01 1.000000000000000000e+00
1.000000000000000000e+00 7.867449522018432617e-01 5.898733139038085938e-01 1.000000000000000000e+00
1.000000000000000000e+00 9.618256688117980957e-01 8.649533390998840332e-01 1.000000000000000000e+00
9.683909416198730469e-01 9.938591122627258301e-01 1.000000000000000000e+00 1.000000000000000000e+00
7.119038105010986328e-01 8.780812621116638184e-01 1.000000000000000000e+00 1.000000000000000000e+00
4.239013493061065674e-01 6.317110061645507812e-01 1.000000000000000000e+00 1.000000000000000000e+00
1.472166478633880615e-01 2.913897335529327393e-01 1.000000000000000000e+00 1.000000000000000000e+00
0.000000000000000000e+00 0.000000000000000000e+00 9.791350960731506348e-01 1.000000000000000000e+00
0.000000000000000000e+00 0.000000000000000000e+00 7.251621484756469727e-01 1.000000000000000000e+00
0.000000000000000000e+00 0.000000000000000000e+00 4.377020001411437988e-01 1.000000000000000000e+00
0.000000000000000000e+00 0.000000000000000000e+00 1.595071256160736084e-01 1.000000000000000000e+00
1.028437074273824692e-02 0.000000000000000000e+00 0.000000000000000000e+00 1.000000000000000000e+00
2.616564333438873291e-01 0.000000000000000000e+00 0.000000000000000000e+00 1.000000000000000000e+00
5.484760999679565430e-01 0.000000000000000000e+00 0.000000000000000000e+00 1.000000000000000000e+00
8.280861377716064453e-01 0.000000000000000000e+00 0.000000000000000000e+00 1.000000000000000000e+00
1.000000000000000000e+00 5.541147664189338684e-02 0.000000000000000000e+00 1.000000000000000000e+00
1.000000000000000000e+00 4.291206002235412598e-01 2.485564053058624268e-01 1.000000000000000000e+00
1.000000000000000000e+00 7.390089035034179688e-01 5.346375703811645508e-01 1.000000000000000000e+00
1.000000000000000000e+00 9.389883875846862793e-01 8.155673146247863770e-01 1.000000000000000000e+00
1.000000000000000000e+00 9.993170499801635742e-01 1.000000000000000000e+00 1.000000000000000000e+00
7.644577622413635254e-01 9.110226631164550781e-01 1.000000000000000000e+00 1.000000000000000000e+00
4.792127013206481934e-01 6.872366666793823242e-01 1.000000000000000000e+00 1.000000000000000000e+00
1.970592439174652100e-01 3.612416684627532959e-01 1.000000000000000000e+00 1.000000000000000000e+00
0.000000000000000000e+00 0.000000000000000000e+00 1.000000000000000000e+00 1.000000000000000000e+00
0.000000000000000000e+00 0.000000000000000000e+00 7.773815989494323730e-01 1.000000000000000000e+00
0.000000000000000000e+00 0.000000000000000000e+00 4.930701255798339844e-01 1.000000000000000000e+00
0.000000000000000000e+00 0.000000000000000000e+00 2.097892612218856812e-01 1.000000000000000000e+00
0.000000000000000000e+00 0.000000000000000000e+00 0.000000000000000000e+00 1.000000000000000000e+00
