0.000000000000000000e+00 0.000000000000000000e+00 0.000000000000000000e+00 1.000000000000000000e+00
5.882353056222200394e-03 0.000000000000000000e+00 0.000000000000000000e+00 1.000000000000000000e+00
1.176470611244440079e-02 0.000000000000000000e+00 0.000000000000000000e+00 1.000000000000000000e+00
1.764705963432788849e-02 0.000000000000000000e+00 0.000000000000000000e+00 1.000000000000000000e+00
2.352941222488880157e-02 0.000000000000000000e+00 0.000000000000000000e+00 1.000000000000000000e+00
2.941176481544971466e-02 0.000000000000000000e+00 0.000000000000000000e+00 1.000000000000000000e+00
3.529411926865577698e-02 0.000000000000000000e+00 0.000000000000000000e+00 1.000000000000000000e+00
4.117647185921669006e-02 0.000000000000000000e+00 0.000000000000000000e+00 1.000000000000000000e+00
4.705882444977760315e-02 0.000000000000000000e+00 0.000000000000000000e+00 1.000000000000000000e+00
5.294117704033851624e-02 0.000000000000000000e+00 0.000000000000000000e+00 1.000000000000000000e+00
5.882352963089942932e-02 0.000000000000000000e+00 0.000000000000000000e+00 1.000000000000000000e+00
6.470588594675064087e-02 0.000000000000000000e+00 0.000000000000000000e+00 1.000000000000000000e+00
7.058823853731155396e-02 0.000000000000000000e+00 0.000000000000000000e+00 1.000000000000000000e+00
7.647059112787246704e-02 0.000000000000000000e+00 0.000000000000000000e+00 1.000000000000000000e+00
8.235294371843338013e-02 0.000000000000000000e+00 0.000000000000000000e+00 1.000000000000000000e+00
8.823529630899429321e-02 0.000000000000000000e+00 0.000000000000000000e+00 1.000000000000000000e+00
9.411764889955520630e-02 0.000000000000000000e+00 0.000000000000000000e+00 1.000000000000000000e+00
1.000000014901161194e-01 0.000000000000000000e+00 0.000000000000000000e+00 1.000000000000000000e+00
1.058823540806770325e-01 0.000000000000000000e+00 0.000000000000000000e+00 1.000000000000000000e+00
1.117647066712379456e-01 0.000000000000000000e+00 0.000000000000000000e+00 1.000000000000000000e+00
1.176470592617988586e-01 0.000000000000000000e+00 0.000000000000000000e+00 1.000000000000000000e+00
1.235294118523597717e-01 0.000000000000000000e+00 0.000000000000000000e+00 1.000000000000000000e+00
1.294117718935012817e-01 0.000000000000000000e+00 0.000000000000000000e+00 1.000000000000000000e+00
1.352941244840621948e-01 0.000000000000000000e+00 0.000000000000000000e+00 1.000000000000000000e+00
1.411764770746231079e-01 0.000000000000000000e+00 0.000000000000000000e+00 1.000000000000000000e+00
1.470588296651840210e-01 0.000000000000000000e+00 0.000000000000000000e+00 1.000000000000000000e+00
1.529411822557449341e-01 0.000000000000000000e+00 0.000000000000000000e+00 1.000000000000000000e+00
1.588235348463058472e-01 0.000000000000000000e+00 0.000000000000000000e+00 1.000000000000000000e+00
1.647058874368667603e-01 0.000000000000000000e+00 0.000000000000000000e+00 1.000000000000000000e+00
1.705882400274276733e-01 0.000000000000000000e+00 0.000000000000000000e+00 1.000000000000000000e+00
1.764705926179885864e-01 0.000000000000000000e+00 0.000000000000000000e+00 1.000000000000000000e+00
1.823529452085494995e-01 0.000000000000000000e+00 0.000000000000000000e+00 1.000000000000000000e+00
1.882352977991104126e-01 0.000000000000000000e+00 0.000000000000000000e+00 1.000000000000000000e+00
1.941176503896713257e-01 0.000000000000000000e+00 0.000000000000000000e+00 1.000000000000000000e+00
2.000000029802322388e-01 0.000000000000000000e+00 0.000000000000000000e+00 1.000000000000000000e+00
2.058823555707931519e-01 0.000000000000000000e+00 0.000000000000000000e+00 1.000000000000000000e+00
2.117647081613540649e-01 0.000000000000000000e+00 0.000000000000000000e+00 1.000000000000000000e+00
2.176470607519149780e-01 0.000000000000000000e+00 0.000000000000000000e+00 1.000000000000000000e+00
2.235294133424758911e-01 0.000000000000000000e+00 0.000000000000000000e+00 1.000000000000000000e+00
2.294117659330368042e-01 0.000000000000000000e+00 0.000000000000000000e+00 1.000000000000000000e+00
2.352941185235977173e-01 0.000000000000000000e+00 0.000000000000000000e+00 1.000000000000000000e+00
2.411764711141586304e-01 0.000000000000000000e+00 0.000000000000000000e+00 1.000000000000000000e+00
2.470588237047195435e-01 0.000000000000000000e+00 0.000000000000000000e+00 1.000000000000000000e+00
2.529411911964416504e-01 0.000000000000000000e+00 0.000000000000000000e+00 1.000000000000000000e+00
2.588235437870025635e-01 0.000000000000000000e+00 0.000000000000000000e+00 1.000000000000000000e+00
2.647058963775634766e-01 0.000000000000000000e+00 0.000000000000000000e+00 1.000000000000000000e+00
2.705882489681243896e-01 0.000000000000000000e+00 0.000000000000000000e+00 1.000000000000000000e+00
2.764706015586853027e-01 0.000000000000000000e+00 0.000000000000000000e+00 1.000000000000000000e+00
2.823529541492462158e-01 0.000000000000000000e+00 0.000000000000000000e+00 1.000000000000000000e+00
2.882353067398071289e-01 0.000000000000000000e+00 0.000000000000000000e+00 1.000000000000000000e+00
2.941176593303680420e-01 0.000000000000000000e+00 0.000000000000000000e+00 1.000000000000000000e+00
3.000000119209289551e-01 0.000000000000000000e+00 0.000000000000000000e+00 1.000000000000000000e+00
3.058823645114898682e-01 0.000000000000000000e+00 0.000000000000000000e+00 1.000000000000000000e+00
3.117647171020507812e-01 0.000000000000000000e+00 0.000000000000000000e+00 1.000000000000000000e+00
3.176470696926116943e-01 0.000000000000000000e+00 0.000000000000000000e+00 1.000000000000000000e+00
3.235294222831726074e-01 0.000000000000000000e+00 0.000000000000000000e+00 1.000000000000000000e+00
3.294117748737335205e-01 0.000000000000000000e+00 0.000000000000000000e+00 1.000000000000000000e+00
3.352941274642944336e-01 0.000000000000000000e+00 0.000000000000000000e+00 1.000000000000000000e+00
3.411764800548553467e-01 0.000000000000000000e+00 0.000000000000000000e+00 1.000000000000000000e+00
3.470588326454162598e-01 0.000000000000000000e+00 0.000000000000000000e+00 1.000000000000000000e+00
3.529411852359771729e-01 0.000000000000000000e+00 0.000000000000000000e+00 1.000000000000000000e+00
3.588235378265380859e-01 0.000000000000000000e+00 0.000000000000000000e+00 1.000000000000000000e+00
3.647058904170989990e-01 0.000000000000000000e+00 0.000000000000000000e+00 1.000000000000000000e+00
3.705882430076599121e-01 0.000000000000000000e+00 0.000000000000000000e+00 1.000000000000000000e+00
3.764705955982208252e-01 0.000000000000000000e+00 0.000000000000000000e+00 1.000000000000000000e+00
3.823529481887817383e-01 0.000000000000000000e+00 0.000000000000000000e+00 1.000000000000000000e+00
3.882353007793426514e-01 0.000000000000000000e+00 0.000000000000000000e+00 1.000000000000000000e+00
3.941176533699035645e-01 0.000000000000000000e+00 0.000000000000000000e+00 1.000000000000000000e+00
4.000000059604644775e-01 0.000000000000000000e+00 0.000000000000000000e+00 1.000000000000000000e+00
4.058823585510253906e-01 0.000000000000000000e+00 0.000000000000000000e+00 1.000000000000000000e+00
4.117647111415863037e-01 0.000000000000000000e+00 0.000000000000000000e+00 1.000000000000000000e+00
4.176470637321472168e-01 0.000000000000000000e+00 0.000000000000000000e+00 1.000000000000000000e+00
4.235294163227081299e-01 0.000000000000000000e+00 0.000000000000000000e+00 1.000000000000000000e+00
4.294117689132690430e-01 0.000000000000000000e+00 0.000000000000000000e+00 1.000000000000000000e+00
4.352941215038299561e-01 0.000000000000000000e+00 0.000000000000000000e+00 1.000000000000000000e+00
4.411764740943908691e-01 0.000000000000000000e+00 0.000000000000000000e+00 1.000000000000000000e+00
4.470588266849517822e-01 0.000000000000000000e+00 0.000000000000000000e+00 1.000000000000000000e+00
4.529411792755126953e-01 0.000000000000000000e+00 0.000000000000000000e+00 1.000000000000000000e+00
4.588235318660736084e-01 0.000000000000000000e+00 0.000000000000000000e+00 1.000000000000000000e+00
4.647058844566345215e-01 0.000000000000000000e+00 0.000000000000000000e+00 1.000000000000000000e+00
4.705882370471954346e-01 0.000000000000000000e+00 0.000000000000000000e+00 1.000000000000000000e+00
4.764705896377563477e-01 0.000000000000000000e+00 0.000000000000000000e+00 1.000000000000000000e+00
4.823529422283172607e-01 0.000000000000000000e+00 0.000000000000000000e+00 1.000000000000000000e+00
4.882352948188781738e-01 0.000000000000000000e+00 0.000000000000000000e+00 1.000000000000000000e+00
4.941176474094390869e-01 0.000000000000000000e+00 0.000000000000000000e+00 1.000000000000000000e+00
5.000000000000000000e-01 0.000000000000000000e+00 0.000000000000000000e+00 1.000000000000000000e+00
5.058823823928833008e-01 0.000000000000000000e+00 0.000000000000000000e+00 1.000000000000000000e+00
5.117647051811218262e-01 0.000000000000000000e+00 0.000000000000000000e+00 1.000000000000000000e+00
5.176470875740051270e-01 0.000000000000000000e+00 0.000000000000000000e+00 1.000000000000000000e+00
5.235294103622436523e-01 0.000000000000000000e+00 0.000000000000000000e+00 1.000000000000000000e+00
5.294117927551269531e-01 0.000000000000000000e+00 0.000000000000000000e+00 1.000000000000000000e+00
5.352941155433654785e-01 0.000000000000000000e+00 0.000000000000000000e+00 1.000000000000000000e+00
5.411764979362487793e-01 0.000000000000000000e+00 0.000000000000000000e+00 1.000000000000000000e+00
5.470588207244873047e-01 0.000000000000000000e+00 0.000000000000000000e+00 1.000000000000000000e+00
5.529412031173706055e-01 0.000000000000000000e+00 0.000000000000000000e+00 1.000000000000000000e+00
5.588235259056091309e-01 0.000000000000000000e+00 0.000000000000000000e+00 1.000000000000000000e+00
5.647059082984924316e-01 0.000000000000000000e+00 0.000000000000000000e+00 1.000000000000000000e+00
5.705882310867309570e-01 0.000000000000000000e+00 0.000000000000000000e+00 1.000000000000000000e+00
5.764706134796142578e-01 0.000000000000000000e+00 0.000000000000000000e+00 1.000000000000000000e+00
5.823529362678527832e-01 0.000000000000000000e+00 0.000000000000000000e+00 1.000000000000000000e+00
5.882353186607360840e-01 0.000000000000000000e+00 0.000000000000000000e+00 1.000000000000000000e+00
5.941176414489746094e-01 0.000000000000000000e+00 0.000000000000000000e+00 1.000000000000000000e+00
6.000000238418579102e-01 0.000000000000000000e+00 0.000000000000000000e+00 1.000000000000000000e+00
6.058823466300964355e-01 0.000000000000000000e+00 0.000000000000000000e+00 1.000000000000000000e+00
6.117647290229797363e-01 0.000000000000000000e+00 0.000000000000000000e+00 1.000000000000000000e+00
6.176470518112182617e-01 0.000000000000000000e+00 0.000000000000000000e+00 1.000000000000000000e+00
6.235294342041015625e-01 0.000000000000000000e+00 0.000000000000000000e+00 1.000000000000000000e+00
6.294117569923400879e-01 0.000000000000000000e+00 0.000000000000000000e+00 1.000000000000000000e+00
6.352941393852233887e-01 0.000000000000000000e+00 0.000000000000000000e+00 1.000000000000000000e+00
6.411764621734619141e-01 0.000000000000000000e+00 0.000000000000000000e+00 1.000000000000000000e+00
6.470588445663452148e-01 0.000000000000000000e+00 0.000000000000000000e+00 1.000000000000000000e+00
6.529411673545837402e-01 0.000000000000000000e+00 0.000000000000000000e+00 1.000000000000000000e+00
6.588235497474670410e-01 0.000000000000000000e+00 0.000000000000000000e+00 1.000000000000000000e+00
6.647058725357055664e-01 0.000000000000000000e+00 0.000000000000000000e+00 1.000000000000000000e+00
6.705882549285888672e-01 0.000000000000000000e+00 0.000000000000000000e+00 1.000000000000000000e+00
6.764705777168273926e-01 0.000000000000000000e+00 0.000000000000000000e+00 1.000000000000000000e+00
6.823529601097106934e-01 0.000000000000000000e+00 0.000000000000000000e+00 1.000000000000000000e+00
6.882352828979492188e-01 0.000000000000000000e+00 0.000000000000000000e+00 1.000000000000000000e+00
6.941176652908325195e-01 0.000000000000000000e+00 0.000000000000000000e+00 1.000000000000000000e+00
6.999999880790710449e-01 0.000000000000000000e+00 0.000000000000000000e+00 1.000000000000000000e+00
7.058823704719543457e-01 0.000000000000000000e+00 0.000000000000000000e+00 1.000000000000000000e+00
7.117646932601928711e-01 0.000000000000000000e+00 0.000000000000000000e+00 1.000000000000000000e+00
7.176470756530761719e-01 0.000000000000000000e+00 0.000000000000000000e+00 1.000000000000000000e+00
7.235293984413146973e-01 0.000000000000000000e+00 0.000000000000000000e+00 1.000000000000000000e+00
7.294117808341979980e-01 0.000000000000000000e+00 0.000000000000000000e+00 1.000000000000000000e+00
7.352941036224365234e-01 0.000000000000000000e+00 0.000000000000000000e+00 1.000000000000000000e+00
7.411764860153198242e-01 0.000000000000000000e+00 0.000000000000000000e+00 1.000000000000000000e+00
7.470588088035583496e-01 0.000000000000000000e+00 0.000000000000000000e+00 1.000000000000000000e+00
7.529411911964416504e-01 3.921568859368562698e-03 0.000000000000000000e+00 1.000000000000000000e+00
7.588235139846801758e-01 1.176470611244440079e-02 0.000000000000000000e+00 1.000000000000000000e+00
7.647058963775634766e-01 1.960784383118152618e-02 0.000000000000000000e+00 1.000000000000000000e+00
7.705882191658020020e-01 2.745098061859607697e-02 0.000000000000000000e+00 1.000000000000000000e+00
7.764706015586853027e-01 3.529411926865577698e-02 0.000000000000000000e+00 1.000000000000000000e+00
7.823529243469238281e-01 4.313725605607032776e-02 0.000000000000000000e+00 1.000000000000000000e+00
7.882353067398071289e-01 5.098039284348487854e-02 0.000000000000000000e+00 1.000000000000000000e+00
7.941176295280456543e-01 5.882352963089942932e-02 0.000000000000000000e+00 1.000000000000000000e+00
8.000000119209289551e-01 6.666667014360427856e-02 0.000000000000000000e+00 1.000000000000000000e+00
8.058823347091674805e-01 7.450980693101882935e-02 0.000000000000000000e+00 1.000000000000000000e+00
8.117647171020507812e-01 8.235294371843338013e-02 0.000000000000000000e+00 1.000000000000000000e+00
8.176470398902893066e-01 9.019608050584793091e-02 0.000000000000000000e+00 1.000000000000000000e+00
8.235294222831726074e-01 9.803921729326248169e-02 0.000000000000000000e+00 1.000000000000000000e+00
8.294117450714111328e-01 1.058823540806770325e-01 0.000000000000000000e+00 1.000000000000000000e+00
8.352941274642944336e-01 1.137254908680915833e-01 0.000000000000000000e+00 1.000000000000000000e+00
8.411764502525329590e-01 1.215686276555061340e-01 0.000000000000000000e+00 1.000000000000000000e+00
8.470588326454162598e-01 1.294117718935012817e-01 0.000000000000000000e+00 1.000000000000000000e+00
8.529411554336547852e-01 1.372549086809158325e-01 0.000000000000000000e+00 1.000000000000000000e+00
8.588235378265380859e-01 1.450980454683303833e-01 0.000000000000000000e+00 1.000000000000000000e+00
8.647058606147766113e-01 1.529411822557449341e-01 0.000000000000000000e+00 1.000000000000000000e+00
8.705882430076599121e-01 1.607843190431594849e-01 0.000000000000000000e+00 1.000000000000000000e+00
8.764705657958984375e-01 1.686274558305740356e-01 0.000000000000000000e+00 1.000000000000000000e+00
8.823529481887817383e-01 1.764705926179885864e-01 0.000000000000000000e+00 1.000000000000000000e+00
8.882352709770202637e-01 1.843137294054031372e-01 0.000000000000000000e+00 1.000000000000000000e+00
8.941176533699035645e-01 1.921568661928176880e-01 0.000000000000000000e+00 1.000000000000000000e+00
8.999999761581420898e-01 2.000000029802322388e-01 0.000000000000000000e+00 1.000000000000000000e+00
9.058823585510253906e-01 2.078431397676467896e-01 0.000000000000000000e+00 1.000000000000000000e+00
9.117646813392639160e-01 2.156862765550613403e-01 0.000000000000000000e+00 1.000000000000000000e+00
9.176470637321472168e-01 2.235294133424758911e-01 0.000000000000000000e+00 1.000000000000000000e+00
9.235293865203857422e-01 2.313725501298904419e-01 0.000000000000000000e+00 1.000000000000000000e+00
9.294117689132690430e-01 2.392156869173049927e-01 0.000000000000000000e+00 1.000000000000000000e+00
9.352940917015075684e-01 2.470588237047195435e-01 0.000000000000000000e+00 1.000000000000000000e+00
9.411764740943908691e-01 2.549019753932952881e-01 0.000000000000000000e+00 1.000000000000000000e+00
9.470587968826293945e-01 2.627451121807098389e-01 0.000000000000000000e+00 1.000000000000000000e+00
9.529411792755126953e-01 2.705882489681243896e-01 0.000000000000000000e+00 1.000000000000000000e+00
9.588235020637512207e-01 2.784313857555389404e-01 0.000000000000000000e+00 1.000000000000000000e+00
9.647058844566345215e-01 2.862745225429534912e-01 0.000000000000000000e+00 1.000000000000000000e+00
9.705882072448730469e-01 2.941176593303680420e-01 0.000000000000000000e+00 1.000000000000000000e+00
9.764705896377563477e-01 3.019607961177825928e-01 0.000000000000000000e+00 1.000000000000000000e+00
9.823529124259948730e-01 3.098039329051971436e-01 0.000000000000000000e+00 1.000000000000000000e+00
9.882352948188781738e-01 3.176470696926116943e-01 0.000000000000000000e+00 1.000000000000000000e+00
9.941176176071166992e-01 3.254902064800262451e-01 0.000000000000000000e+00 1.000000000000000000e+00
1.000000000000000000e+00 3.333333432674407959e-01 0.000000000000000000e+00 1.000000000000000000e+00
1.000000000000000000e+00 3.411764800548553467e-01 0.000000000000000000e+00 1.000000000000000000e+00
1.000000000000000000e+00 3.490196168422698975e-01 0.000000000000000000e+00 1.000000000000000000e+00
1.000000000000000000e+00 3.568627536296844482e-01 0.000000000000000000e+00 1.000000000000000000e+00
1.000000000000000000e+00 3.647058904170989990e-01 0.000000000000000000e+00 1.000000000000000000e+00
1.000000000000000000e+00 3.725490272045135498e-01 0.000000000000000000e+00 1.000000000000000000e+00
1.000000000000000000e+00 3.803921639919281006e-01 0.000000000000000000e+00 1.000000000000000000e+00
1.000000000000000000e+00 3.882353007793426514e-01 0.000000000000000000e+00 1.000000000000000000e+00
1.000000000000000000e+00 3.960784375667572021e-01 0.000000000000000000e+00 1.000000000000000000e+00
1.000000000000000000e+00 4.039215743541717529e-01 0.000000000000000000e+00 1.000000000000000000e+00
1.000000000000000000e+00 4.117647111415863037e-01 0.000000000000000000e+00 1.000000000000000000e+00
1.000000000000000000e+00 4.196078479290008545e-01 0.000000000000000000e+00 1.000000000000000000e+00
1.000000000000000000e+00 4.274509847164154053e-01 0.000000000000000000e+00 1.000000000000000000e+00
1.000000000000000000e+00 4.352941215038299561e-01 0.000000000000000000e+00 1.000000000000000000e+00
1.000000000000000000e+00 4.431372582912445068e-01 0.000000000000000000e+00 1.000000000000000000e+00
1.000000000000000000e+00 4.509803950786590576e-01 0.000000000000000000e+00 1.000000000000000000e+00
1.000000000000000000e+00 4.588235318660736084e-01 0.000000000000000000e+00 1.000000000000000000e+00
1.000000000000000000e+00 4.666666686534881592e-01 0.000000000000000000e+00 1.000000000000000000e+00
1.000000000000000000e+00 4.745098054409027100e-01 0.000000000000000000e+00 1.000000000000000000e+00
1.000000000000000000e+00 4.823529422283172607e-01 0.000000000000000000e+00 1.000000000000000000e+00
1.000000000000000000e+00 4.901960790157318115e-01 0.000000000000000000e+00 1.000000000000000000e+00
1.000000000000000000e+00 4.980392158031463623e-01 0.000000000000000000e+00 1.000000000000000000e+00
1.000000000000000000e+00 5.058823823928833008e-01 1.176470611244440079e-02 1.000000000000000000e+00
1.000000000000000000e+00 5.137255191802978516e-01 2.745098061859607697e-02 1.000000000000000000e+00
1.000000000000000000e+00 5.215686559677124023e-01 4.313725605607032776e-02 1.000000000000000000e+00
1.000000000000000000e+00 5.294117927551269531e-01 5.882352963089942932e-02 1.000000000000000000e+00
1.000000000000000000e+00 5.372549295425415039e-01 7.450980693101882935e-02 1.000000000000000000e+00
1.000000000000000000e+00 5.450980663299560547e-01 9.019608050584793091e-02 1.000000000000000000e+00
1.000000000000000000e+00 5.529412031173706055e-01 1.058823540806770325e-01 1.000000000000000000e+00
1.000000000000000000e+00 5.607843399047851562e-01 1.215686276555061340e-01 1.000000000000000000e+00
1.000000000000000000e+00 5.686274766921997070e-01 1.372549086809158325e-01 1.000000000000000000e+00
1.000000000000000000e+00 5.764706134796142578e-01 1.529411822557449341e-01 1.000000000000000000e+00
1.000000000000000000e+00 5.843137502670288086e-01 1.686274558305740356e-01 1.000000000000000000e+00
1.000000000000000000e+00 5.921568870544433594e-01 1.843137294054031372e-01 1.000000000000000000e+00
1.000000000000000000e+00 6.000000238418579102e-01 2.000000029802322388e-01 1.000000000000000000e+00
1.000000000000000000e+00 6.078431606292724609e-01 2.156862765550613403e-01 1.000000000000000000e+00
1.000000000000000000e+00 6.156862974166870117e-01 2.313725501298904419e-01 1.000000000000000000e+00
1.000000000000000000e+00 6.235294342041015625e-01 2.470588237047195435e-01 1.000000000000000000e+00
1.000000000000000000e+00 6.313725709915161133e-01 2.627451121807098389e-01 1.000000000000000000e+00
1.000000000000000000e+00 6.392157077789306641e-01 2.784313857555389404e-01 1.000000000000000000e+00
1.000000000000000000e+00 6.470588445663452148e-01 2.941176593303680420e-01 1.000000000000000000e+00
1.000000000000000000e+00 6.549019813537597656e-01 3.098039329051971436e-01 1.000000000000000000e+00
1.000000000000000000e+00 6.627451181411743164e-01 3.254902064800262451e-01 1.000000000000000000e+00
1.000000000000000000e+00 6.705882549285888672e-01 3.411764800548553467e-01 1.000000000000000000e+00
1.000000000000000000e+00 6.784313917160034180e-01 3.568627536296844482e-01 1.000000000000000000e+00
1.000000000000000000e+00 6.862745285034179688e-01 3.725490272045135498e-01 1.000000000000000000e+00
1.000000000000000000e+00 6.941176652908325195e-01 3.882353007793426514e-01 1.000000000000000000e+00
1.000000000000000000e+00 7.019608020782470703e-01 4.039215743541717529e-01 1.000000000000000000e+00
1.000000000000000000e+00 7.098039388656616211e-01 4.196078479290008545e-01 1.000000000000000000e+00
1.000000000000000000e+00 7.176470756530761719e-01 4.352941215038299561e-01 1.000000000000000000e+00
1.000000000000000000e+00 7.254902124404907227e-01 4.509803950786590576e-01 1.000000000000000000e+00
1.000000000000000000e+00 7.333333492279052734e-01 4.666666686534881592e-01 1.000000000000000000e+00
1.000000000000000000e+00 7.411764860153198242e-01 4.823529422283172607e-01 1.000000000000000000e+00
1.000000000000000000e+00 7.490196228027343750e-01 4.980392158031463623e-01 1.000000000000000000e+00
1.000000000000000000e+00 7.568627595901489258e-01 5.137255191802978516e-01 1.000000000000000000e+00
1.000000000000000000e+00 7.647058963775634766e-01 5.294117927551269531e-01 1.000000000000000000e+00
1.000000000000000000e+00 7.725490331649780273e-01 5.450980663299560547e-01 1.000000000000000000e+00
1.000000000000000000e+00 7.803921699523925781e-01 5.607843399047851562e-01 1.000000000000000000e+00
1.000000000000000000e+00 7.882353067398071289e-01 5.764706134796142578e-01 1.000000000000000000e+00
1.000000000000000000e+00 7.960784435272216797e-01 5.921568870544433594e-01 1.000000000000000000e+00
1.000000000000000000e+00 8.039215803146362305e-01 6.078431606292724609e-01 1.000000000000000000e+00
1.000000000000000000e+00 8.117647171020507812e-01 6.235294342041015625e-01 1.000000000000000000e+00
1.000000000000000000e+00 8.196078538894653320e-01 6.392157077789306641e-01 1.000000000000000000e+00
1.000000000000000000e+00 8.274509906768798828e-01 6.549019813537597656e-01 1.000000000000000000e+00
1.000000000000000000e+00 8.352941274642944336e-01 6.705882549285888672e-01 1.000000000000000000e+00
1.000000000000000000e+00 8.431372642517089844e-01 6.862745285034179688e-01 1.000000000000000000e+00
1.000000000000000000e+00 8.509804010391235352e-01 7.019608020782470703e-01 1.000000000000000000e+00
1.000000000000000000e+00 8.588235378265380859e-01 7.176470756530761719e-01 1.000000000000000000e+00
1.000000000000000000e+00 8.666666746139526367e-01 7.333333492279052734e-01 1.000000000000000000e+00
1.000000000000000000e+00 8.745098114013671875e-01 7.490196228027343750e-01 1.000000000000000000e+00
1.000000000000000000e+00 8.823529481887817383e-01 7.647058963775634766e-01 1.000000000000000000e+00
1.000000000000000000e+00 8.901960849761962891e-01 7.803921699523925781e-01 1.000000000000000000e+00
1.000000000000000000e+00 8.980392217636108398e-01 7.960784435272216797e-01 1.000000000000000000e+00
1.000000000000000000e+00 9.058823585510253906e-01 8.117647171020507812e-01 1.000000000000000000e+00
1.000000000000000000e+00 9.137254953384399414e-01 8.274509906768798828e-01 1.000000000000000000e+00
1.000000000000000000e+00 9.215686321258544922e-01 8.431372642517089844e-01 1.000000000000000000e+00
1.000000000000000000e+00 9.294117689132690430e-01 8.588235378265380859e-01 1.000000000000000000e+00
1.000000000000000000e+00 9.372549057006835938e-01 8.745098114013671875e-01 1.000000000000000000e+00
1.000000000000000000e+00 9.450980424880981445e-01 8.901960849761962891e-01 1.000000000000000000e+00
1.000000000000000000e+00 9.529411792755126953e-01 9.058823585510253906e-01 1.000000000000000000e+00
1.000000000000000000e+00 9.607843160629272461e-01 9.215686321258544922e-01 1.000000000000000000e+00
1.000000000000000000e+00 9.686274528503417969e-01 9.372549057006835938e-01 1.000000000000000000e+00
1.000000000000000000e+00 9.764705896377563477e-01 9.529411792755126953e-01 1.000000000000000000e+00
1.000000000000000000e+00 9.843137264251708984e-01 9.686274528503417969e-01 1.000000000000000000e+00
1.000000000000000000e+00 9.921568632125854492e-01 9.843137264251708984e-01 1.000000000000000000e+00
1.000000000000000000e+00 1.000000000000000000e+00 1.000000000000000000e+00 1.000000000000000000e+00
