0.000000000000000000e+00 0.000000000000000000e+00 0.000000000000000000e+00 1.000000000000000000e+00
0.000000000000000000e+00 0.000000000000000000e+00 1.568627543747425079e-02 1.000000000000000000e+00
0.000000000000000000e+00 0.000000000000000000e+00 3.137255087494850159e-02 1.000000000000000000e+00
0.000000000000000000e+00 0.000000000000000000e+00 4.705882444977760315e-02 1.000000000000000000e+00
0.000000000000000000e+00 0.000000000000000000e+00 6.274510174989700317e-02 1.000000000000000000e+00
0.000000000000000000e+00 0.000000000000000000e+00 7.843137532472610474e-02 1.000000000000000000e+00
0.000000000000000000e+00 0.000000000000000000e+00 9.411764889955520630e-02 1.000000000000000000e+00
0.000000000000000000e+00 0.000000000000000000e+00 1.098039224743843079e-01 1.000000000000000000e+00
0.000000000000000000e+00 0.000000000000000000e+00 1.254902034997940063e-01 1.000000000000000000e+00
0.000000000000000000e+00 0.000000000000000000e+00 1.411764770746231079e-01 1.000000000000000000e+00
0.000000000000000000e+00 0.000000000000000000e+00 1.568627506494522095e-01 1.000000000000000000e+00
0.000000000000000000e+00 0.000000000000000000e+00 1.725490242242813110e-01 1.000000000000000000e+00
0.000000000000000000e+00 0.000000000000000000e+00 1.882352977991104126e-01 1.000000000000000000e+00
0.000000000000000000e+00 0.000000000000000000e+00 2.039215713739395142e-01 1.000000000000000000e+00
0.000000000000000000e+00 0.000000000000000000e+00 2.196078449487686157e-01 1.000000000000000000e+00
0.000000000000000000e+00 0.000000000000000000e+00 2.352941185235977173e-01 1.000000000000000000e+00
0.000000000000000000e+00 0.000000000000000000e+00 2.509804069995880127e-01 1.000000000000000000e+00
0.000000000000000000e+00 0.000000000000000000e+00 2.666666805744171143e-01 1.000000000000000000e+00
0.000000000000000000e+00 0.000000000000000000e+00 2.823529541492462158e-01 1.000000000000000000e+00
0.000000000000000000e+00 0.000000000000000000e+00 2.980392277240753174e-01 1.000000000000000000e+00
0.000000000000000000e+00 0.000000000000000000e+00 3.137255012989044189e-01 1.000000000000000000e+00
0.000000000000000000e+00 0.000000000000000000e+00 3.294117748737335205e-01 1.000000000000000000e+00
0.000000000000000000e+00 0.000000000000000000e+00 3.450980484485626221e-01 1.000000000000000000e+00
0.000000000000000000e+00 0.000000000000000000e+00 3.607843220233917236e-01 1.000000000000000000e+00
0.000000000000000000e+00 0.000000000000000000e+00 3.764705955982208252e-01 1.000000000000000000e+00
0.000000000000000000e+00 0.000000000000000000e+00 3.921568691730499268e-01 1.000000000000000000e+00
0.000000000000000000e+00 0.000000000000000000e+00 4.078431427478790283e-01 1.000000000000000000e+00
0.000000000000000000e+00 0.000000000000000000e+00 4.235294163227081299e-01 1.000000000000000000e+00
0.000000000000000000e+00 0.000000000000000000e+00 4.392156898975372314e-01 1.000000000000000000e+00
0.000000000000000000e+00 0.000000000000000000e+00 4.549019634723663330e-01 1.000000000000000000e+00
0.000000000000000000e+00 0.000000000000000000e+00 4.705882370471954346e-01 1.000000000000000000e+00
0.000000000000000000e+00 0.000000000000000000e+00 4.862745106220245361e-01 1.000000000000000000e+00
0.000000000000000000e+00 0.000000000000000000e+00 5.019608139991760254e-01 1.000000000000000000e+00
0.000000000000000000e+00 0.000000000000000000e+00 5.176470875740051270e-01 1.000000000000000000e+00
0.000000000000000000e+00 0.000000000000000000e+00 5.333333611488342285e-01 1.000000000000000000e+00
0.000000000000000000e+00 0.000000000000000000e+00 5.490196347236633301e-01 1.000000000000000000e+00
0.000000000000000000e+00 0.000000000000000000e+00 5.647059082984924316e-01 1.000000000000000000e+00
0.000000000000000000e+00 0.000000000000000000e+00 5.803921818733215332e-01 1.000000000000000000e+00
0.000000000000000000e+00 0.000000000000000000e+00 5.960784554481506348e-01 1.000000000000000000e+00
0.000000000000000000e+00 0.000000000000000000e+00 6.117647290229797363e-01 1.000000000000000000e+00
0.000000000000000000e+00 0.000000000000000000e+00 6.274510025978088379e-01 1.000000000000000000e+00
0.000000000000000000e+00 0.000000000000000000e+00 6.431372761726379395e-01 1.000000000000000000e+00
0.000000000000000000e+00 0.000000000000000000e+00 6.588235497474670410e-01 1.000000000000000000e+00
0.000000000000000000e+00 0.000000000000000000e+00 6.745098233222961426e-01 1.000000000000000000e+00
0.000000000000000000e+00 0.000000000000000000e+00 6.901960968971252441e-01 1.000000000000000000e+00
0.000000000000000000e+00 0.000000000000000000e+00 7.058823704719543457e-01 1.000000000000000000e+00
0.000000000000000000e+00 0.000000000000000000e+00 7.215686440467834473e-01 1.000000000000000000e+00
0.000000000000000000e+00 0.000000000000000000e+00 7.372549176216125488e-01 1.000000000000000000e+00
0.000000000000000000e+00 0.000000000000000000e+00 7.529411911964416504e-01 1.000000000000000000e+00
0.000000000000000000e+00 0.000000000000000000e+00 7.686274647712707520e-01 1.000000000000000000e+00
0.000000000000000000e+00 0.000000000000000000e+00 7.843137383460998535e-01 1.000000000000000000e+00
0.000000000000000000e+00 0.000000000000000000e+00 8.000000119209289551e-01 1.000000000000000000e+00
0.000000000000000000e+00 0.000000000000000000e+00 8.156862854957580566e-01 1.000000000000000000e+00
0.000000000000000000e+00 0.000000000000000000e+00 8.313725590705871582e-01 1.000000000000000000e+00
0.000000000000000000e+00 0.000000000000000000e+00 8.470588326454162598e-01 1.000000000000000000e+00
0.000000000000000000e+00 0.000000000000000000e+00 8.627451062202453613e-01 1.000000000000000000e+00
0.000000000000000000e+00 0.000000000000000000e+00 8.784313797950744629e-01 1.000000000000000000e+00
0.000000000000000000e+00 0.000000000000000000e+00 8.941176533699035645e-01 1.000000000000000000e+00
0.000000000000000000e+00 0.000000000000000000e+00 9.098039269447326660e-01 1.000000000000000000e+00
0.000000000000000000e+00 0.000000000000000000e+00 9.254902005195617676e-01 1.000000000000000000e+00
0.000000000000000000e+00 0.000000000000000000e+00 9.411764740943908691e-01 1.000000000000000000e+00
0.000000000000000000e+00 0.000000000000000000e+00 9.568627476692199707e-01 1.000000000000000000e+00
0.000000000000000000e+00 0.000000000000000000e+00 9.725490212440490723e-01 1.000000000000000000e+00
0.000000000000000000e+00 0.000000000000000000e+00 9.882352948188781738e-01 1.000000000000000000e+00
3.063725540414452553e-03 0.000000000000000000e+00 1.000000000000000000e+00 1.000000000000000000e+00
1.531862746924161911e-02 0.000000000000000000e+00 1.000000000000000000e+00 1.000000000000000000e+00
2.757352963089942932e-02 0.000000000000000000e+00 1.000000000000000000e+00 1.000000000000000000e+00
3.982843086123466492e-02 0.000000000000000000e+00 1.000000000000000000e+00 1.000000000000000000e+00
5.208333209156990051e-02 0.000000000000000000e+00 1.000000000000000000e+00 1.000000000000000000e+00
6.433823704719543457e-02 0.000000000000000000e+00 1.000000000000000000e+00 1.000000000000000000e+00
7.659313827753067017e-02 0.000000000000000000e+00 1.000000000000000000e+00 1.000000000000000000e+00
8.884803950786590576e-02 0.000000000000000000e+00 1.000000000000000000e+00 1.000000000000000000e+00
1.011029407382011414e-01 0.000000000000000000e+00 1.000000000000000000e+00 1.000000000000000000e+00
1.133578419685363770e-01 0.000000000000000000e+00 1.000000000000000000e+00 1.000000000000000000e+00
1.256127506494522095e-01 0.000000000000000000e+00 1.000000000000000000e+00 1.000000000000000000e+00
1.378676444292068481e-01 0.000000000000000000e+00 1.000000000000000000e+00 1.000000000000000000e+00
1.501225531101226807e-01 0.000000000000000000e+00 1.000000000000000000e+00 1.000000000000000000e+00
1.623774468898773193e-01 0.000000000000000000e+00 1.000000000000000000e+00 1.000000000000000000e+00
1.746323555707931519e-01 0.000000000000000000e+00 1.000000000000000000e+00 1.000000000000000000e+00
1.868872493505477905e-01 0.000000000000000000e+00 1.000000000000000000e+00 1.000000000000000000e+00
1.991421580314636230e-01 0.000000000000000000e+00 1.000000000000000000e+00 1.000000000000000000e+00
2.113970518112182617e-01 0.000000000000000000e+00 1.000000000000000000e+00 1.000000000000000000e+00
2.236519604921340942e-01 0.000000000000000000e+00 1.000000000000000000e+00 1.000000000000000000e+00
2.359068691730499268e-01 0.000000000000000000e+00 1.000000000000000000e+00 1.000000000000000000e+00
2.481617629528045654e-01 0.000000000000000000e+00 1.000000000000000000e+00 1.000000000000000000e+00
2.604166567325592041e-01 0.000000000000000000e+00 1.000000000000000000e+00 1.000000000000000000e+00
2.726715803146362305e-01 0.000000000000000000e+00 1.000000000000000000e+00 1.000000000000000000e+00
2.849264740943908691e-01 0.000000000000000000e+00 1.000000000000000000e+00 1.000000000000000000e+00
2.971813678741455078e-01 0.000000000000000000e+00 1.000000000000000000e+00 1.000000000000000000e+00
3.094362616539001465e-01 0.000000000000000000e+00 1.000000000000000000e+00 1.000000000000000000e+00
3.216911852359771729e-01 0.000000000000000000e+00 1.000000000000000000e+00 1.000000000000000000e+00
3.339460790157318115e-01 0.000000000000000000e+00 1.000000000000000000e+00 1.000000000000000000e+00
3.462009727954864502e-01 0.000000000000000000e+00 1.000000000000000000e+00 1.000000000000000000e+00
3.584558963775634766e-01 0.000000000000000000e+00 1.000000000000000000e+00 1.000000000000000000e+00
3.707107901573181152e-01 0.000000000000000000e+00 1.000000000000000000e+00 1.000000000000000000e+00
3.829656839370727539e-01 0.000000000000000000e+00 1.000000000000000000e+00 1.000000000000000000e+00
3.952205777168273926e-01 0.000000000000000000e+00 1.000000000000000000e+00 1.000000000000000000e+00
4.074755012989044189e-01 0.000000000000000000e+00 1.000000000000000000e+00 1.000000000000000000e+00
4.197303950786590576e-01 0.000000000000000000e+00 1.000000000000000000e+00 1.000000000000000000e+00
4.319852888584136963e-01 0.000000000000000000e+00 1.000000000000000000e+00 1.000000000000000000e+00
4.442401826381683350e-01 0.000000000000000000e+00 1.000000000000000000e+00 1.000000000000000000e+00
4.564951062202453613e-01 0.000000000000000000e+00 1.000000000000000000e+00 1.000000000000000000e+00
4.687500000000000000e-01 0.000000000000000000e+00 1.000000000000000000e+00 1.000000000000000000e+00
4.810048937797546387e-01 0.000000000000000000e+00 1.000000000000000000e+00 1.000000000000000000e+00
4.932598173618316650e-01 0.000000000000000000e+00 1.000000000000000000e+00 1.000000000000000000e+00
5.055146813392639160e-01 0.000000000000000000e+00 1.000000000000000000e+00 1.000000000000000000e+00
5.177696347236633301e-01 0.000000000000000000e+00 1.000000000000000000e+00 1.000000000000000000e+00
5.300245285034179688e-01 0.000000000000000000e+00 1.000000000000000000e+00 1.000000000000000000e+00
5.422794222831726074e-01 7.058823481202125549e-03 9.929412007331848145e-01 1.000000000000000000e+00
5.545343160629272461e-01 1.490196119993925095e-02 9.850980639457702637e-01 1.000000000000000000e+00
5.667892098426818848e-01 2.274509891867637634e-02 9.772549271583557129e-01 1.000000000000000000e+00
5.790441036224365234e-01 3.058823570609092712e-02 9.694117903709411621e-01 1.000000000000000000e+00
5.912989974021911621e-01 3.843137249350547791e-02 9.615686535835266113e-01 1.000000000000000000e+00
6.035539507865905762e-01 4.627450928092002869e-02 9.537255167961120605e-01 1.000000000000000000e+00
6.158088445663452148e-01 5.411764606833457947e-02 9.458823800086975098e-01 1.000000000000000000e+00
6.280637383460998535e-01 6.196078285574913025e-02 9.380392432212829590e-01 1.000000000000000000e+00
6.403186321258544922e-01 6.980392336845397949e-02 9.301961064338684082e-01 1.000000000000000000e+00
6.525735259056091309e-01 7.764706015586853027e-02 9.223529696464538574e-01 1.000000000000000000e+00
6.648284196853637695e-01 8.549019694328308105e-02 9.145098328590393066e-01 1.000000000000000000e+00
6.770833134651184082e-01 9.333333373069763184e-02 9.066666960716247559e-01 1.000000000000000000e+00
6.893382072448730469e-01 1.011764705181121826e-01 8.988234996795654297e-01 1.000000000000000000e+00
7.015931606292724609e-01 1.090196073055267334e-01 8.909803628921508789e-01 1.000000000000000000e+00
7.138480544090270996e-01 1.168627440929412842e-01 8.831372261047363281e-01 1.000000000000000000e+00
7.261029481887817383e-01 1.247058808803558350e-01 8.752940893173217773e-01 1.000000000000000000e+00
7.383578419685363770e-01 1.325490176677703857e-01 8.674509525299072266e-01 1.000000000000000000e+00
7.506127357482910156e-01 1.403921544551849365e-01 8.596078157424926758e-01 1.000000000000000000e+00
7.628676295280456543e-01 1.482352912425994873e-01 8.517646789550781250e-01 1.000000000000000000e+00
7.751225233078002930e-01 1.560784280300140381e-01 8.439215421676635742e-01 1.000000000000000000e+00
7.873774766921997070e-01 1.639215648174285889e-01 8.360784053802490234e-01 1.000000000000000000e+00
7.996323704719543457e-01 1.717647016048431396e-01 8.282352685928344727e-01 1.000000000000000000e+00
8.118872642517089844e-01 1.796078383922576904e-01 8.203921318054199219e-01 1.000000000000000000e+00
8.241421580314636230e-01 1.874509751796722412e-01 8.125489950180053711e-01 1.000000000000000000e+00
8.363970518112182617e-01 1.952941119670867920e-01 8.047058582305908203e-01 1.000000000000000000e+00
8.486519455909729004e-01 2.031372487545013428e-01 7.968627214431762695e-01 1.000000000000000000e+00
8.609068393707275391e-01 2.109803855419158936e-01 7.890195846557617188e-01 1.000000000000000000e+00
8.731617927551269531e-01 2.188235223293304443e-01 7.811764478683471680e-01 1.000000000000000000e+00
8.854166865348815918e-01 2.266666740179061890e-01 7.733333110809326172e-01 1.000000000000000000e+00
8.976715803146362305e-01 2.345098108053207397e-01 7.654901742935180664e-01 1.000000000000000000e+00
9.099264740943908691e-01 2.423529475927352905e-01 7.576470375061035156e-01 1.000000000000000000e+00
9.221813678741455078e-01 2.501960694789886475e-01 7.498039007186889648e-01 1.000000000000000000e+00
9.344362616539001465e-01 2.580392062664031982e-01 7.419607639312744141e-01 1.000000000000000000e+00
9.466911554336547852e-01 2.658823430538177490e-01 7.341176271438598633e-01 1.000000000000000000e+00
9.589460492134094238e-01 2.737254798412322998e-01 7.262744903564453125e-01 1.000000000000000000e+00
9.712010025978088379e-01 2.815686166286468506e-01 7.184313535690307617e-01 1.000000000000000000e+00
9.834558963775634766e-01 2.894117534160614014e-01 7.105882167816162109e-01 1.000000000000000000e+00
9.957107901573181152e-01 2.972548902034759521e-01 7.027450799942016602e-01 1.000000000000000000e+00
1.000000000000000000e+00 3.050980269908905029e-01 6.949019432067871094e-01 1.000000000000000000e+00
1.000000000000000000e+00 3.129411637783050537e-01 6.870588064193725586e-01 1.000000000000000000e+00
1.000000000000000000e+00 3.207843005657196045e-01 6.792156696319580078e-01 1.000000000000000000e+00
1.000000000000000000e+00 3.286274373531341553e-01 6.713725328445434570e-01 1.000000000000000000e+00
1.000000000000000000e+00 3.364705741405487061e-01 6.635293960571289062e-01 1.000000000000000000e+00
1.000000000000000000e+00 3.443137109279632568e-01 6.556862592697143555e-01 1.000000000000000000e+00
1.000000000000000000e+00 3.521568775177001953e-01 6.478431224822998047e-01 1.000000000000000000e+00
1.000000000000000000e+00 3.600000143051147461e-01 6.399999856948852539e-01 1.000000000000000000e+00
1.000000000000000000e+00 3.678431510925292969e-01 6.321568489074707031e-01 1.000000000000000000e+00
1.000000000000000000e+00 3.756862878799438477e-01 6.243137121200561523e-01 1.000000000000000000e+00
1.000000000000000000e+00 3.835294246673583984e-01 6.164705753326416016e-01 1.000000000000000000e+00
1.000000000000000000e+00 3.913725614547729492e-01 6.086274385452270508e-01 1.000000000000000000e+00
1.000000000000000000e+00 3.992156982421875000e-01 6.007843017578125000e-01 1.000000000000000000e+00
1.000000000000000000e+00 4.070588350296020508e-01 5.929411649703979492e-01 1.000000000000000000e+00
1.000000000000000000e+00 4.149019718170166016e-01 5.850980281829833984e-01 1.000000000000000000e+00
1.000000000000000000e+00 4.227451086044311523e-01 5.772548913955688477e-01 1.000000000000000000e+00
1.000000000000000000e+00 4.305882453918457031e-01 5.694117546081542969e-01 1.000000000000000000e+00
1.000000000000000000e+00 4.384313821792602539e-01 5.615686178207397461e-01 1.000000000000000000e+00
1.000000000000000000e+00 4.462745189666748047e-01 5.537254810333251953e-01 1.000000000000000000e+00
1.000000000000000000e+00 4.541176557540893555e-01 5.458823442459106445e-01 1.000000000000000000e+00
1.000000000000000000e+00 4.619607925415039062e-01 5.380392074584960938e-01 1.000000000000000000e+00
1.000000000000000000e+00 4.698039293289184570e-01 5.301960706710815430e-01 1.000000000000000000e+00
1.000000000000000000e+00 4.776470661163330078e-01 5.223529338836669922e-01 1.000000000000000000e+00
1.000000000000000000e+00 4.854902029037475586e-01 5.145097970962524414e-01 1.000000000000000000e+00
1.000000000000000000e+00 4.933333396911621094e-01 5.066666603088378906e-01 1.000000000000000000e+00
1.000000000000000000e+00 5.011764764785766602e-01 4.988235235214233398e-01 1.000000000000000000e+00
1.000000000000000000e+00 5.090196132659912109e-01 4.909803867340087891e-01 1.000000000000000000e+00
1.000000000000000000e+00 5.168627500534057617e-01 4.831372499465942383e-01 1.000000000000000000e+00
1.000000000000000000e+00 5.247058868408203125e-01 4.752941131591796875e-01 1.000000000000000000e+00
1.000000000000000000e+00 5.325490236282348633e-01 4.674509763717651367e-01 1.000000000000000000e+00
1.000000000000000000e+00 5.403921604156494141e-01 4.596078395843505859e-01 1.000000000000000000e+00
1.000000000000000000e+00 5.482352972030639648e-01 4.517647027969360352e-01 1.000000000000000000e+00
1.000000000000000000e+00 5.560784339904785156e-01 4.439215660095214844e-01 1.000000000000000000e+00
1.000000000000000000e+00 5.639215707778930664e-01 4.360784292221069336e-01 1.000000000000000000e+00
1.000000000000000000e+00 5.717647075653076172e-01 4.282352924346923828e-01 1.000000000000000000e+00
1.000000000000000000e+00 5.796078443527221680e-01 4.203921556472778320e-01 1.000000000000000000e+00
1.000000000000000000e+00 5.874509811401367188e-01 4.125490188598632812e-01 1.000000000000000000e+00
1.000000000000000000e+00 5.952941179275512695e-01 4.047058820724487305e-01 1.000000000000000000e+00
1.000000000000000000e+00 6.031372547149658203e-01 3.968627452850341797e-01 1.000000000000000000e+00
1.000000000000000000e+00 6.109803915023803711e-01 3.890196084976196289e-01 1.000000000000000000e+00
1.000000000000000000e+00 6.188235282897949219e-01 3.811764717102050781e-01 1.000000000000000000e+00
1.000000000000000000e+00 6.266666650772094727e-01 3.733333349227905273e-01 1.000000000000000000e+00
1.000000000000000000e+00 6.345098018646240234e-01 3.654901981353759766e-01 1.000000000000000000e+00
1.000000000000000000e+00 6.423529386520385742e-01 3.576470613479614258e-01 1.000000000000000000e+00
1.000000000000000000e+00 6.501960754394531250e-01 3.498039245605468750e-01 1.000000000000000000e+00
1.000000000000000000e+00 6.580392122268676758e-01 3.419607877731323242e-01 1.000000000000000000e+00
1.000000000000000000e+00 6.658823490142822266e-01 3.341176509857177734e-01 1.000000000000000000e+00
1.000000000000000000e+00 6.737254858016967773e-01 3.262745141983032227e-01 1.000000000000000000e+00
1.000000000000000000e+00 6.815686225891113281e-01 3.184313774108886719e-01 1.000000000000000000e+00
1.000000000000000000e+00 6.894117593765258789e-01 3.105882406234741211e-01 1.000000000000000000e+00
1.000000000000000000e+00 6.972548961639404297e-01 3.027451038360595703e-01 1.000000000000000000e+00
1.000000000000000000e+00 7.050980329513549805e-01 2.949019670486450195e-01 1.000000000000000000e+00
1.000000000000000000e+00 7.129411697387695312e-01 2.870588302612304688e-01 1.000000000000000000e+00
1.000000000000000000e+00 7.207843065261840820e-01 2.792156934738159180e-01 1.000000000000000000e+00
1.000000000000000000e+00 7.286274433135986328e-01 2.713725566864013672e-01 1.000000000000000000e+00
1.000000000000000000e+00 7.364705801010131836e-01 2.635294198989868164e-01 1.000000000000000000e+00
1.000000000000000000e+00 7.443137168884277344e-01 2.556862831115722656e-01 1.000000000000000000e+00
1.000000000000000000e+00 7.521568536758422852e-01 2.478431314229965210e-01 1.000000000000000000e+00
1.000000000000000000e+00 7.599999904632568359e-01 2.399999946355819702e-01 1.000000000000000000e+00
1.000000000000000000e+00 7.678431272506713867e-01 2.321568578481674194e-01 1.000000000000000000e+00
1.000000000000000000e+00 7.756862640380859375e-01 2.243137210607528687e-01 1.000000000000000000e+00
1.000000000000000000e+00 7.835294008255004883e-01 2.164705842733383179e-01 1.000000000000000000e+00
1.000000000000000000e+00 7.913725376129150391e-01 2.086274474859237671e-01 1.000000000000000000e+00
1.000000000000000000e+00 7.992156744003295898e-01 2.007843106985092163e-01 1.000000000000000000e+00
1.000000000000000000e+00 8.070588111877441406e-01 1.929411739110946655e-01 1.000000000000000000e+00
1.000000000000000000e+00 8.149019479751586914e-01 1.850980371236801147e-01 1.000000000000000000e+00
1.000000000000000000e+00 8.227450847625732422e-01 1.772549003362655640e-01 1.000000000000000000e+00
1.000000000000000000e+00 8.305882215499877930e-01 1.694117635488510132e-01 1.000000000000000000e+00
1.000000000000000000e+00 8.384313583374023438e-01 1.615686267614364624e-01 1.000000000000000000e+00
1.000000000000000000e+00 8.462744951248168945e-01 1.537254899740219116e-01 1.000000000000000000e+00
1.000000000000000000e+00 8.541176319122314453e-01 1.458823531866073608e-01 1.000000000000000000e+00
1.000000000000000000e+00 8.619607686996459961e-01 1.380392163991928101e-01 1.000000000000000000e+00
1.000000000000000000e+00 8.698039054870605469e-01 1.301960796117782593e-01 1.000000000000000000e+00
1.000000000000000000e+00 8.776470422744750977e-01 1.223529428243637085e-01 1.000000000000000000e+00
1.000000000000000000e+00 8.854901790618896484e-01 1.145098060369491577e-01 1.000000000000000000e+00
1.000000000000000000e+00 8.933333158493041992e-01 1.066666692495346069e-01 1.000000000000000000e+00
1.000000000000000000e+00 9.011764526367187500e-01 9.882353246212005615e-02 1.000000000000000000e+00
1.000000000000000000e+00 9.090195894241333008e-01 9.098039567470550537e-02 1.000000000000000000e+00
1.000000000000000000e+00 9.168627262115478516e-01 8.313725143671035767e-02 1.000000000000000000e+00
1.000000000000000000e+00 9.247058629989624023e-01 7.529411464929580688e-02 1.000000000000000000e+00
1.000000000000000000e+00 9.325489997863769531e-01 6.745097786188125610e-02 1.000000000000000000e+00
1.000000000000000000e+00 9.403921365737915039e-01 5.960784479975700378e-02 1.000000000000000000e+00
1.000000000000000000e+00 9.482352733612060547e-01 5.176470428705215454e-02 1.000000000000000000e+00
1.000000000000000000e+00 9.560784101486206055e-01 4.392156749963760376e-02 1.000000000000000000e+00
1.000000000000000000e+00 9.639215469360351562e-01 3.607843071222305298e-02 1.000000000000000000e+00
1.000000000000000000e+00 9.717646837234497070e-01 2.823529392480850220e-02 1.000000000000000000e+00
1.000000000000000000e+00 9.796078205108642578e-01 2.039215713739395142e-02 1.000000000000000000e+00
1.000000000000000000e+00 9.874509572982788086e-01 1.254901941865682602e-02 1.000000000000000000e+00
1.000000000000000000e+00 9.952940940856933594e-01 4.705882165580987930e-03 1.000000000000000000e+00
1.000000000000000000e+00 1.000000000000000000e+00 1.960784383118152618e-02 1.000000000000000000e+00
1.000000000000000000e+00 1.000000000000000000e+00 6.862745434045791626e-02 1.000000000000000000e+00
1.000000000000000000e+00 1.000000000000000000e+00 1.176470592617988586e-01 1.000000000000000000e+00
1.000000000000000000e+00 1.000000000000000000e+00 1.666666716337203979e-01 1.000000000000000000e+00
1.000000000000000000e+00 1.000000000000000000e+00 2.156862765550613403e-01 1.000000000000000000e+00
1.000000000000000000e+00 1.000000000000000000e+00 2.647058963775634766e-01 1.000000000000000000e+00
1.000000000000000000e+00 1.000000000000000000e+00 3.137255012989044189e-01 1.000000000000000000e+00
1.000000000000000000e+00 1.000000000000000000e+00 3.627451062202453613e-01 1.000000000000000000e+00
1.000000000000000000e+00 1.000000000000000000e+00 4.117647111415863037e-01 1.000000000000000000e+00
1.000000000000000000e+00 1.000000000000000000e+00 4.607843160629272461e-01 1.000000000000000000e+00
1.000000000000000000e+00 1.000000000000000000e+00 5.098039507865905762e-01 1.000000000000000000e+00
1.000000000000000000e+00 1.000000000000000000e+00 5.588235259056091309e-01 1.000000000000000000e+00
1.000000000000000000e+00 1.000000000000000000e+00 6.078431606292724609e-01 1.000000000000000000e+00
1.000000000000000000e+00 1.000000000000000000e+00 6.568627357482910156e-01 1.000000000000000000e+00
1.000000000000000000e+00 1.000000000000000000e+00 7.058823704719543457e-01 1.000000000000000000e+00
1.000000000000000000e+00 1.000000000000000000e+00 7.549019455909729004e-01 1.000000000000000000e+00
1.000000000000000000e+00 1.000000000000000000e+00 8.039215803146362305e-01 1.000000000000000000e+00
1.000000000000000000e+00 1.000000000000000000e+00 8.529411554336547852e-01 1.000000000000000000e+00
1.000000000000000000e+00 1.000000000000000000e+00 9.019607901573181152e-01 1.000000000000000000e+00
1.000000000000000000e+00 1.000000000000000000e+00 9.509803652763366699e-01 1.000000000000000000e+00
1.000000000000000000e+00 1.000000000000000000e+00 1.000000000000000000e+00 1.000000000000000000e+00
