9.686274528503417969e-01 9.882352948188781738e-01 9.607843160629272461e-01 1.000000000000000000e+00
9.664129018783569336e-01 9.873740673065185547e-01 9.582006931304931641e-01 1.000000000000000000e+00
9.641984105110168457e-01 9.865128993988037109e-01 9.556170701980590820e-01 1.000000000000000000e+00
9.619838595390319824e-01 9.856516718864440918e-01 9.530334472656250000e-01 1.000000000000000000e+00
9.597693085670471191e-01 9.847904443740844727e-01 9.504498243331909180e-01 1.000000000000000000e+00
9.575547575950622559e-01 9.839292764663696289e-01 9.478662014007568359e-01 1.000000000000000000e+00
9.553402662277221680e-01 9.830680489540100098e-01 9.452825784683227539e-01 1.000000000000000000e+00
9.531257152557373047e-01 9.822068214416503906e-01 9.426989555358886719e-01 1.000000000000000000e+00
9.509111642837524414e-01 9.813456535339355469e-01 9.401153326034545898e-01 1.000000000000000000e+00
9.486966729164123535e-01 9.804844260215759277e-01 9.375317096710205078e-01 1.000000000000000000e+00
9.464821219444274902e-01 9.796231985092163086e-01 9.349480867385864258e-01 1.000000000000000000e+00
9.442675709724426270e-01 9.787620306015014648e-01 9.323644638061523438e-01 1.000000000000000000e+00
9.420530796051025391e-01 9.779008030891418457e-01 9.297808408737182617e-01 1.000000000000000000e+00
9.398385286331176758e-01 9.770395755767822266e-01 9.271972179412841797e-01 1.000000000000000000e+00
9.376239776611328125e-01 9.761784076690673828e-01 9.246135950088500977e-01 1.000000000000000000e+00
9.354094862937927246e-01 9.753171801567077637e-01 9.220299720764160156e-01 1.000000000000000000e+00
9.331949353218078613e-01 9.744559526443481445e-01 9.194463491439819336e-01 1.000000000000000000e+00
9.309803843498229980e-01 9.735947847366333008e-01 9.168627262115478516e-01 1.000000000000000000e+00
9.287658333778381348e-01 9.727335572242736816e-01 9.142791032791137695e-01 1.000000000000000000e+00
9.265513420104980469e-01 9.718723297119140625e-01 9.116954803466796875e-01 1.000000000000000000e+00
9.243367910385131836e-01 9.710111618041992188e-01 9.091118574142456055e-01 1.000000000000000000e+00
9.221222400665283203e-01 9.701499342918395996e-01 9.065282344818115234e-01 1.000000000000000000e+00
9.199077486991882324e-01 9.692887067794799805e-01 9.039446115493774414e-01 1.000000000000000000e+00
9.176931977272033691e-01 9.684275388717651367e-01 9.013609886169433594e-01 1.000000000000000000e+00
9.154786467552185059e-01 9.675663113594055176e-01 8.987773656845092773e-01 1.000000000000000000e+00
9.132641553878784180e-01 9.667050838470458984e-01 8.961937427520751953e-01 1.000000000000000000e+00
9.110496044158935547e-01 9.658439159393310547e-01 8.936101794242858887e-01 1.000000000000000000e+00
9.088350534439086914e-01 9.649826884269714355e-01 8.910265564918518066e-01 1.000000000000000000e+00
9.066205024719238281e-01 9.641215205192565918e-01 8.884429335594177246e-01 1.000000000000000000e+00
9.044060111045837402e-01 9.632602930068969727e-01 8.858593106269836426e-01 1.000000000000000000e+00
9.021914601325988770e-01 9.623990654945373535e-01 8.832756876945495605e-01 1.000000000000000000e+00
8.999769091606140137e-01 9.615378975868225098e-01 8.806920647621154785e-01 1.000000000000000000e+00
8.975778818130493164e-01 9.605997800827026367e-01 8.779392838478088379e-01 1.000000000000000000e+00
8.938869833946228027e-01 9.591234326362609863e-01 8.740022778511047363e-01 1.000000000000000000e+00
8.901960849761962891e-01 9.576470851898193359e-01 8.700653314590454102e-01 1.000000000000000000e+00
8.865051865577697754e-01 9.561706781387329102e-01 8.661283850669860840e-01 1.000000000000000000e+00
8.828142881393432617e-01 9.546943306922912598e-01 8.621914386749267578e-01 1.000000000000000000e+00
8.791233897209167480e-01 9.532179832458496094e-01 8.582544922828674316e-01 1.000000000000000000e+00
8.754325509071350098e-01 9.517416357994079590e-01 8.543175458908081055e-01 1.000000000000000000e+00
8.717416524887084961e-01 9.502652883529663086e-01 8.503805994987487793e-01 1.000000000000000000e+00
8.680507540702819824e-01 9.487889409065246582e-01 8.464436531066894531e-01 1.000000000000000000e+00
8.643598556518554688e-01 9.473125934600830078e-01 8.425067067146301270e-01 1.000000000000000000e+00
8.606689572334289551e-01 9.458362460136413574e-01 8.385697603225708008e-01 1.000000000000000000e+00
8.569780588150024414e-01 9.443598389625549316e-01 8.346328139305114746e-01 1.000000000000000000e+00
8.532872200012207031e-01 9.428834915161132812e-01 8.306958675384521484e-01 1.000000000000000000e+00
8.495963215827941895e-01 9.414071440696716309e-01 8.267589211463928223e-01 1.000000000000000000e+00
8.459054231643676758e-01 9.399307966232299805e-01 8.228219747543334961e-01 1.000000000000000000e+00
8.422145247459411621e-01 9.384544491767883301e-01 8.188850283622741699e-01 1.000000000000000000e+00
8.385236263275146484e-01 9.369781017303466797e-01 8.149480819702148438e-01 1.000000000000000000e+00
8.348327279090881348e-01 9.355017542839050293e-01 8.110111355781555176e-01 1.000000000000000000e+00
8.311418890953063965e-01 9.340253472328186035e-01 8.070741891860961914e-01 1.000000000000000000e+00
8.274509906768798828e-01 9.325489997863769531e-01 8.031372427940368652e-01 1.000000000000000000e+00
8.237600922584533691e-01 9.310726523399353027e-01 7.992002964019775391e-01 1.000000000000000000e+00
8.200691938400268555e-01 9.295963048934936523e-01 7.952633500099182129e-01 1.000000000000000000e+00
8.163782954216003418e-01 9.281199574470520020e-01 7.913264036178588867e-01 1.000000000000000000e+00
8.126874566078186035e-01 9.266436100006103516e-01 7.873894572257995605e-01 1.000000000000000000e+00
8.089965581893920898e-01 9.251672625541687012e-01 7.834525108337402344e-01 1.000000000000000000e+00
8.053056597709655762e-01 9.236909151077270508e-01 7.795155644416809082e-01 1.000000000000000000e+00
8.016147613525390625e-01 9.222145080566406250e-01 7.755786180496215820e-01 1.000000000000000000e+00
7.979238629341125488e-01 9.207381606101989746e-01 7.716416716575622559e-01 1.000000000000000000e+00
7.942329645156860352e-01 9.192618131637573242e-01 7.677047252655029297e-01 1.000000000000000000e+00
7.905421257019042969e-01 9.177854657173156738e-01 7.637677788734436035e-01 1.000000000000000000e+00
7.868512272834777832e-01 9.163091182708740234e-01 7.598308324813842773e-01 1.000000000000000000e+00
7.831603288650512695e-01 9.148327708244323730e-01 7.558938860893249512e-01 1.000000000000000000e+00
7.792233824729919434e-01 9.132333993911743164e-01 7.518031597137451172e-01 1.000000000000000000e+00
7.745482325553894043e-01 9.112648963928222656e-01 7.472510337829589844e-01 1.000000000000000000e+00
7.698731422424316406e-01 9.092964529991149902e-01 7.426989674568176270e-01 1.000000000000000000e+00
7.651979923248291016e-01 9.073279500007629395e-01 7.381468415260314941e-01 1.000000000000000000e+00
7.605229020118713379e-01 9.053595066070556641e-01 7.335947751998901367e-01 1.000000000000000000e+00
7.558477520942687988e-01 9.033910036087036133e-01 7.290426492691040039e-01 1.000000000000000000e+00
7.511726021766662598e-01 9.014225006103515625e-01 7.244905829429626465e-01 1.000000000000000000e+00
7.464975118637084961e-01 8.994540572166442871e-01 7.199384570121765137e-01 1.000000000000000000e+00
7.418223619461059570e-01 8.974855542182922363e-01 7.153863906860351562e-01 1.000000000000000000e+00
7.371472716331481934e-01 8.955171108245849609e-01 7.108342647552490234e-01 1.000000000000000000e+00
7.324721217155456543e-01 8.935486078262329102e-01 7.062821984291076660e-01 1.000000000000000000e+00
7.277969717979431152e-01 8.915801644325256348e-01 7.017301321029663086e-01 1.000000000000000000e+00
7.231218814849853516e-01 8.896116614341735840e-01 6.971780061721801758e-01 1.000000000000000000e+00
7.184467315673828125e-01 8.876432180404663086e-01 6.926259398460388184e-01 1.000000000000000000e+00
7.137716412544250488e-01 8.856747150421142578e-01 6.880738139152526855e-01 1.000000000000000000e+00
7.090964913368225098e-01 8.837062716484069824e-01 6.835217475891113281e-01 1.000000000000000000e+00
7.044214010238647461e-01 8.817377686500549316e-01 6.789696216583251953e-01 1.000000000000000000e+00
6.997462511062622070e-01 8.797693252563476562e-01 6.744175553321838379e-01 1.000000000000000000e+00
6.950711011886596680e-01 8.778008222579956055e-01 6.698654294013977051e-01 1.000000000000000000e+00
6.903960108757019043e-01 8.758323788642883301e-01 6.653133630752563477e-01 1.000000000000000000e+00
6.857208609580993652e-01 8.738638758659362793e-01 6.607612371444702148e-01 1.000000000000000000e+00
6.810457706451416016e-01 8.718954324722290039e-01 6.562091708183288574e-01 1.000000000000000000e+00
6.763706207275390625e-01 8.699269294738769531e-01 6.516570448875427246e-01 1.000000000000000000e+00
6.716955304145812988e-01 8.679584860801696777e-01 6.471049785614013672e-01 1.000000000000000000e+00
6.670203804969787598e-01 8.659899830818176270e-01 6.425528526306152344e-01 1.000000000000000000e+00
6.623452305793762207e-01 8.640215396881103516e-01 6.380007863044738770e-01 1.000000000000000000e+00
6.576701402664184570e-01 8.620530366897583008e-01 6.334486603736877441e-01 1.000000000000000000e+00
6.529949903488159180e-01 8.600845932960510254e-01 6.288965940475463867e-01 1.000000000000000000e+00
6.483199000358581543e-01 8.581160902976989746e-01 6.243444681167602539e-01 1.000000000000000000e+00
6.436447501182556152e-01 8.561476469039916992e-01 6.197924017906188965e-01 1.000000000000000000e+00
6.389696002006530762e-01 8.541791439056396484e-01 6.152402758598327637e-01 1.000000000000000000e+00
6.342945098876953125e-01 8.522107005119323730e-01 6.106882095336914062e-01 1.000000000000000000e+00
6.292964220046997070e-01 8.500115275382995605e-01 6.061360836029052734e-01 1.000000000000000000e+00
6.237601041793823242e-01 8.474279046058654785e-01 6.015840172767639160e-01 1.000000000000000000e+00
6.182237863540649414e-01 8.448442816734313965e-01 5.970318913459777832e-01 1.000000000000000000e+00
6.126874089241027832e-01 8.422606587409973145e-01 5.924798250198364258e-01 1.000000000000000000e+00
6.071510910987854004e-01 8.396770358085632324e-01 5.879276990890502930e-01 1.000000000000000000e+00
6.016147732734680176e-01 8.370934128761291504e-01 5.833756327629089355e-01 1.000000000000000000e+00
5.960784554481506348e-01 8.345097899436950684e-01 5.788235068321228027e-01 1.000000000000000000e+00
5.905420780181884766e-01 8.319261670112609863e-01 5.742714405059814453e-01 1.000000000000000000e+00
5.850057601928710938e-01 8.293425440788269043e-01 5.697193145751953125e-01 1.000000000000000000e+00
5.794694423675537109e-01 8.267589211463928223e-01 5.651672482490539551e-01 1.000000000000000000e+00
5.739331245422363281e-01 8.241752982139587402e-01 5.606151223182678223e-01 1.000000000000000000e+00
5.683967471122741699e-01 8.215916752815246582e-01 5.560630559921264648e-01 1.000000000000000000e+00
5.628604292869567871e-01 8.190080523490905762e-01 5.515109300613403320e-01 1.000000000000000000e+00
5.573241114616394043e-01 8.164244294166564941e-01 5.469588637351989746e-01 1.000000000000000000e+00
5.517877936363220215e-01 8.138408064842224121e-01 5.424067378044128418e-01 1.000000000000000000e+00
5.462514162063598633e-01 8.112571835517883301e-01 5.378546714782714844e-01 1.000000000000000000e+00
5.407150983810424805e-01 8.086735606193542480e-01 5.333026051521301270e-01 1.000000000000000000e+00
5.351787805557250977e-01 8.060899376869201660e-01 5.287504792213439941e-01 1.000000000000000000e+00
5.296424627304077148e-01 8.035063147544860840e-01 5.241984128952026367e-01 1.000000000000000000e+00
5.241060853004455566e-01 8.009227514266967773e-01 5.196462869644165039e-01 1.000000000000000000e+00
5.185697674751281738e-01 7.983391284942626953e-01 5.150942206382751465e-01 1.000000000000000000e+00
5.130334496498107910e-01 7.957555055618286133e-01 5.105420947074890137e-01 1.000000000000000000e+00
5.074971318244934082e-01 7.931718826293945312e-01 5.059900283813476562e-01 1.000000000000000000e+00
5.019608139991760254e-01 7.905882596969604492e-01 5.014379024505615234e-01 1.000000000000000000e+00
4.964244663715362549e-01 7.880046367645263672e-01 4.968858063220977783e-01 1.000000000000000000e+00
4.908881187438964844e-01 7.854210138320922852e-01 4.923337101936340332e-01 1.000000000000000000e+00
4.853518009185791016e-01 7.828373908996582031e-01 4.877816140651702881e-01 1.000000000000000000e+00
4.798154532909393311e-01 7.802537679672241211e-01 4.832295179367065430e-01 1.000000000000000000e+00
4.742791354656219482e-01 7.776701450347900391e-01 4.786774218082427979e-01 1.000000000000000000e+00
4.687427878379821777e-01 7.750865221023559570e-01 4.741253256797790527e-01 1.000000000000000000e+00
4.632064700126647949e-01 7.725028991699218750e-01 4.695732295513153076e-01 1.000000000000000000e+00
4.576701223850250244e-01 7.699192762374877930e-01 4.650211334228515625e-01 1.000000000000000000e+00
4.517647027969360352e-01 7.670896053314208984e-01 4.612072408199310303e-01 1.000000000000000000e+00
4.454901814460754395e-01 7.640138268470764160e-01 4.581314921379089355e-01 1.000000000000000000e+00
4.392156898975372314e-01 7.609381079673767090e-01 4.550557434558868408e-01 1.000000000000000000e+00
4.329411685466766357e-01 7.578623890876770020e-01 4.519799947738647461e-01 1.000000000000000000e+00
4.266666769981384277e-01 7.547866106033325195e-01 4.489042758941650391e-01 1.000000000000000000e+00
4.203921556472778320e-01 7.517108917236328125e-01 4.458285272121429443e-01 1.000000000000000000e+00
4.141176342964172363e-01 7.486351132392883301e-01 4.427527785301208496e-01 1.000000000000000000e+00
4.078431427478790283e-01 7.455593943595886230e-01 4.396770596504211426e-01 1.000000000000000000e+00
4.015686213970184326e-01 7.424836754798889160e-01 4.366013109683990479e-01 1.000000000000000000e+00
3.952941298484802246e-01 7.394078969955444336e-01 4.335255622863769531e-01 1.000000000000000000e+00
3.890196084976196289e-01 7.363321781158447266e-01 4.304498136043548584e-01 1.000000000000000000e+00
3.827450871467590332e-01 7.332564592361450195e-01 4.273740947246551514e-01 1.000000000000000000e+00
3.764705955982208252e-01 7.301806807518005371e-01 4.242983460426330566e-01 1.000000000000000000e+00
3.701960742473602295e-01 7.271049618721008301e-01 4.212225973606109619e-01 1.000000000000000000e+00
3.639215826988220215e-01 7.240292429924011230e-01 4.181468784809112549e-01 1.000000000000000000e+00
3.576470613479614258e-01 7.209534645080566406e-01 4.150711297988891602e-01 1.000000000000000000e+00
3.513725399971008301e-01 7.178777456283569336e-01 4.119953811168670654e-01 1.000000000000000000e+00
3.450980484485626221e-01 7.148020267486572266e-01 4.089196324348449707e-01 1.000000000000000000e+00
3.388235270977020264e-01 7.117262482643127441e-01 4.058439135551452637e-01 1.000000000000000000e+00
3.325490057468414307e-01 7.086505293846130371e-01 4.027681648731231689e-01 1.000000000000000000e+00
3.262745141983032227e-01 7.055747509002685547e-01 3.996924161911010742e-01 1.000000000000000000e+00
3.199999928474426270e-01 7.024990320205688477e-01 3.966166973114013672e-01 1.000000000000000000e+00
3.137255012989044189e-01 6.994233131408691406e-01 3.935409486293792725e-01 1.000000000000000000e+00
3.074509799480438232e-01 6.963475346565246582e-01 3.904651999473571777e-01 1.000000000000000000e+00
3.011764585971832275e-01 6.932718157768249512e-01 3.873894512653350830e-01 1.000000000000000000e+00
2.949019670486450195e-01 6.901960968971252441e-01 3.843137323856353760e-01 1.000000000000000000e+00
2.886274456977844238e-01 6.871203184127807617e-01 3.812379837036132812e-01 1.000000000000000000e+00
2.823529541492462158e-01 6.840445995330810547e-01 3.781622350215911865e-01 1.000000000000000000e+00
2.760784327983856201e-01 6.809688806533813477e-01 3.750865161418914795e-01 1.000000000000000000e+00
2.698039114475250244e-01 6.778931021690368652e-01 3.720107674598693848e-01 1.000000000000000000e+00
2.635294198989868164e-01 6.748173832893371582e-01 3.689350187778472900e-01 1.000000000000000000e+00
2.572548985481262207e-01 6.717416644096374512e-01 3.658592700958251953e-01 1.000000000000000000e+00
2.525951564311981201e-01 6.681276559829711914e-01 3.628604412078857422e-01 1.000000000000000000e+00
2.489042729139328003e-01 6.641907095909118652e-01 3.599077165126800537e-01 1.000000000000000000e+00
2.452133744955062866e-01 6.602537631988525391e-01 3.569550216197967529e-01 1.000000000000000000e+00
2.415224909782409668e-01 6.563168168067932129e-01 3.540022969245910645e-01 1.000000000000000000e+00
2.378316074609756470e-01 6.523798704147338867e-01 3.510496020317077637e-01 1.000000000000000000e+00
2.341407090425491333e-01 6.484429240226745605e-01 3.480968773365020752e-01 1.000000000000000000e+00
2.304498255252838135e-01 6.445059776306152344e-01 3.451441824436187744e-01 1.000000000000000000e+00
2.267589420080184937e-01 6.405690312385559082e-01 3.421914577484130859e-01 1.000000000000000000e+00
2.230680435895919800e-01 6.366320848464965820e-01 3.392387628555297852e-01 1.000000000000000000e+00
2.193771600723266602e-01 6.326951384544372559e-01 3.362860381603240967e-01 1.000000000000000000e+00
2.156862765550613403e-01 6.287581920623779297e-01 3.333333432674407959e-01 1.000000000000000000e+00
2.119953930377960205e-01 6.248212456703186035e-01 3.303806185722351074e-01 1.000000000000000000e+00
2.083044946193695068e-01 6.208842992782592773e-01 3.274279236793518066e-01 1.000000000000000000e+00
2.046136111021041870e-01 6.169473528861999512e-01 3.244751989841461182e-01 1.000000000000000000e+00
2.009227275848388672e-01 6.130104064941406250e-01 3.215225040912628174e-01 1.000000000000000000e+00
1.972318291664123535e-01 6.090734601020812988e-01 3.185697793960571289e-01 1.000000000000000000e+00
1.935409456491470337e-01 6.051365137100219727e-01 3.156170845031738281e-01 1.000000000000000000e+00
1.898500621318817139e-01 6.011995673179626465e-01 3.126643598079681396e-01 1.000000000000000000e+00
1.861591637134552002e-01 5.972626209259033203e-01 3.097116351127624512e-01 1.000000000000000000e+00
1.824682801961898804e-01 5.933256149291992188e-01 3.067589402198791504e-01 1.000000000000000000e+00
1.787773966789245605e-01 5.893886685371398926e-01 3.038062155246734619e-01 1.000000000000000000e+00
1.750864982604980469e-01 5.854517221450805664e-01 3.008535206317901611e-01 1.000000000000000000e+00
1.713956147432327271e-01 5.815147757530212402e-01 2.979007959365844727e-01 1.000000000000000000e+00
1.677047312259674072e-01 5.775778293609619141e-01 2.949481010437011719e-01 1.000000000000000000e+00
1.640138477087020874e-01 5.736408829689025879e-01 2.919953763484954834e-01 1.000000000000000000e+00
1.603229492902755737e-01 5.697039365768432617e-01 2.890426814556121826e-01 1.000000000000000000e+00
1.566320657730102539e-01 5.657669901847839355e-01 2.860899567604064941e-01 1.000000000000000000e+00
1.529411822557449341e-01 5.618300437927246094e-01 2.831372618675231934e-01 1.000000000000000000e+00
1.492502838373184204e-01 5.578930974006652832e-01 2.801845371723175049e-01 1.000000000000000000e+00
1.455594003200531006e-01 5.539561510086059570e-01 2.772318422794342041e-01 1.000000000000000000e+00
1.418685168027877808e-01 5.500192046165466309e-01 2.742791175842285156e-01 1.000000000000000000e+00
1.381776183843612671e-01 5.460822582244873047e-01 2.713264226913452148e-01 1.000000000000000000e+00
1.340253800153732300e-01 5.423298478126525879e-01 2.682814300060272217e-01 1.000000000000000000e+00
1.297193318605422974e-01 5.386390089988708496e-01 2.652056813240051270e-01 1.000000000000000000e+00
1.254132986068725586e-01 5.349481105804443359e-01 2.621299624443054199e-01 1.000000000000000000e+00
1.211072653532028198e-01 5.312572121620178223e-01 2.590542137622833252e-01 1.000000000000000000e+00
1.168012320995330811e-01 5.275663137435913086e-01 2.559784650802612305e-01 1.000000000000000000e+00
1.124951913952827454e-01 5.238754153251647949e-01 2.529027163982391357e-01 1.000000000000000000e+00
1.081891581416130066e-01 5.201845169067382812e-01 2.498269826173782349e-01 1.000000000000000000e+00
1.038831248879432678e-01 5.164936780929565430e-01 2.467512488365173340e-01 1.000000000000000000e+00
9.957708418369293213e-02 5.128027796745300293e-01 2.436755150556564331e-01 1.000000000000000000e+00
9.527105093002319336e-02 5.091118812561035156e-01 2.405997663736343384e-01 1.000000000000000000e+00
9.096501022577285767e-02 5.054209828376770020e-01 2.375240325927734375e-01 1.000000000000000000e+00
8.665897697210311890e-02 5.017300844192504883e-01 2.344482839107513428e-01 1.000000000000000000e+00
8.235294371843338013e-02 4.980392158031463623e-01 2.313725501298904419e-01 1.000000000000000000e+00
7.804690301418304443e-02 4.943483173847198486e-01 2.282968163490295410e-01 1.000000000000000000e+00
7.374086976051330566e-02 4.906574487686157227e-01 2.252210676670074463e-01 1.000000000000000000e+00
6.943482905626296997e-02 4.869665503501892090e-01 2.221453338861465454e-01 1.000000000000000000e+00
6.512879580259323120e-02 4.832756519317626953e-01 2.190695852041244507e-01 1.000000000000000000e+00
6.082275882363319397e-02 4.795847833156585693e-01 2.159938514232635498e-01 1.000000000000000000e+00
5.651672556996345520e-02 4.758938848972320557e-01 2.129181027412414551e-01 1.000000000000000000e+00
5.221068859100341797e-02 4.722029864788055420e-01 2.098423689603805542e-01 1.000000000000000000e+00
4.790465161204338074e-02 4.685121178627014160e-01 2.067666351795196533e-01 1.000000000000000000e+00
4.359861463308334351e-02 4.648212194442749023e-01 2.036908864974975586e-01 1.000000000000000000e+00
3.929258137941360474e-02 4.611303210258483887e-01 2.006151527166366577e-01 1.000000000000000000e+00
3.498654440045356750e-02 4.574394524097442627e-01 1.975394040346145630e-01 1.000000000000000000e+00
3.068050742149353027e-02 4.537485539913177490e-01 1.944636702537536621e-01 1.000000000000000000e+00
2.637447044253349304e-02 4.500576555728912354e-01 1.913879215717315674e-01 1.000000000000000000e+00
2.206843532621860504e-02 4.463667869567871094e-01 1.883121877908706665e-01 1.000000000000000000e+00
1.776239834725856781e-02 4.426758885383605957e-01 1.852364540100097656e-01 1.000000000000000000e+00
1.345636323094367981e-02 4.389850199222564697e-01 1.821607053279876709e-01 1.000000000000000000e+00
9.150327183306217194e-03 4.352941215038299561e-01 1.790849715471267700e-01 1.000000000000000000e+00
4.844290670007467270e-03 4.316032230854034424e-01 1.760092228651046753e-01 1.000000000000000000e+00
5.382545059546828270e-04 4.279123544692993164e-01 1.729334890842437744e-01 1.000000000000000000e+00
0.000000000000000000e+00 4.230372905731201172e-01 1.707189530134201050e-01 1.000000000000000000e+00
0.000000000000000000e+00 4.179930686950683594e-01 1.686274558305740356e-01 1.000000000000000000e+00
0.000000000000000000e+00 4.129488766193389893e-01 1.665359437465667725e-01 1.000000000000000000e+00
0.000000000000000000e+00 4.079046547412872314e-01 1.644444465637207031e-01 1.000000000000000000e+00
0.000000000000000000e+00 4.028604328632354736e-01 1.623529344797134399e-01 1.000000000000000000e+00
0.000000000000000000e+00 3.978162109851837158e-01 1.602614372968673706e-01 1.000000000000000000e+00
0.000000000000000000e+00 3.927720189094543457e-01 1.581699401140213013e-01 1.000000000000000000e+00
0.000000000000000000e+00 3.877277970314025879e-01 1.560784280300140381e-01 1.000000000000000000e+00
0.000000000000000000e+00 3.826835751533508301e-01 1.539869308471679688e-01 1.000000000000000000e+00
0.000000000000000000e+00 3.776393830776214600e-01 1.518954187631607056e-01 1.000000000000000000e+00
0.000000000000000000e+00 3.725951611995697021e-01 1.498039215803146362e-01 1.000000000000000000e+00
0.000000000000000000e+00 3.675509393215179443e-01 1.477124243974685669e-01 1.000000000000000000e+00
0.000000000000000000e+00 3.625067174434661865e-01 1.456209123134613037e-01 1.000000000000000000e+00
0.000000000000000000e+00 3.574625253677368164e-01 1.435294151306152344e-01 1.000000000000000000e+00
0.000000000000000000e+00 3.524183034896850586e-01 1.414379030466079712e-01 1.000000000000000000e+00
0.000000000000000000e+00 3.473740816116333008e-01 1.393464058637619019e-01 1.000000000000000000e+00
0.000000000000000000e+00 3.423298597335815430e-01 1.372549086809158325e-01 1.000000000000000000e+00
0.000000000000000000e+00 3.372856676578521729e-01 1.351633965969085693e-01 1.000000000000000000e+00
0.000000000000000000e+00 3.322414457798004150e-01 1.330718994140625000e-01 1.000000000000000000e+00
0.000000000000000000e+00 3.271972239017486572e-01 1.309803873300552368e-01 1.000000000000000000e+00
0.000000000000000000e+00 3.221530318260192871e-01 1.288888901472091675e-01 1.000000000000000000e+00
0.000000000000000000e+00 3.171088099479675293e-01 1.267973929643630981e-01 1.000000000000000000e+00
0.000000000000000000e+00 3.120645880699157715e-01 1.247058808803558350e-01 1.000000000000000000e+00
0.000000000000000000e+00 3.070203661918640137e-01 1.226143762469291687e-01 1.000000000000000000e+00
0.000000000000000000e+00 3.019761741161346436e-01 1.205228790640830994e-01 1.000000000000000000e+00
0.000000000000000000e+00 2.969319522380828857e-01 1.184313744306564331e-01 1.000000000000000000e+00
0.000000000000000000e+00 2.918877303600311279e-01 1.163398697972297668e-01 1.000000000000000000e+00
0.000000000000000000e+00 2.868435084819793701e-01 1.142483651638031006e-01 1.000000000000000000e+00
0.000000000000000000e+00 2.817993164062500000e-01 1.121568605303764343e-01 1.000000000000000000e+00
0.000000000000000000e+00 2.767550945281982422e-01 1.100653558969497681e-01 1.000000000000000000e+00
0.000000000000000000e+00 2.717108726501464844e-01 1.079738587141036987e-01 1.000000000000000000e+00
0.000000000000000000e+00 2.666666805744171143e-01 1.058823540806770325e-01 1.000000000000000000e+00
