1.000000000000000000e+00 1.000000000000000000e+00 1.000000000000000000e+00 1.000000000000000000e+00
9.981545805931091309e-01 9.981545805931091309e-01 9.981545805931091309e-01 1.000000000000000000e+00
9.963091015815734863e-01 9.963091015815734863e-01 9.963091015815734863e-01 1.000000000000000000e+00
9.944636821746826172e-01 9.944636821746826172e-01 9.944636821746826172e-01 1.000000000000000000e+00
9.926182031631469727e-01 9.926182031631469727e-01 9.926182031631469727e-01 1.000000000000000000e+00
9.907727837562561035e-01 9.907727837562561035e-01 9.907727837562561035e-01 1.000000000000000000e+00
9.889273643493652344e-01 9.889273643493652344e-01 9.889273643493652344e-01 1.000000000000000000e+00
9.870818853378295898e-01 9.870818853378295898e-01 9.870818853378295898e-01 1.000000000000000000e+00
9.852364659309387207e-01 9.852364659309387207e-01 9.852364659309387207e-01 1.000000000000000000e+00
9.833909869194030762e-01 9.833909869194030762e-01 9.833909869194030762e-01 1.000000000000000000e+00
9.815455675125122070e-01 9.815455675125122070e-01 9.815455675125122070e-01 1.000000000000000000e+00
9.797000885009765625e-01 9.797000885009765625e-01 9.797000885009765625e-01 1.000000000000000000e+00
9.778546690940856934e-01 9.778546690940856934e-01 9.778546690940856934e-01 1.000000000000000000e+00
9.760092496871948242e-01 9.760092496871948242e-01 9.760092496871948242e-01 1.000000000000000000e+00
9.741637706756591797e-01 9.741637706756591797e-01 9.741637706756591797e-01 1.000000000000000000e+00
9.723183512687683105e-01 9.723183512687683105e-01 9.723183512687683105e-01 1.000000000000000000e+00
9.704728722572326660e-01 9.704728722572326660e-01 9.704728722572326660e-01 1.000000000000000000e+00
9.686274528503417969e-01 9.686274528503417969e-01 9.686274528503417969e-01 1.000000000000000000e+00
9.667820334434509277e-01 9.667820334434509277e-01 9.667820334434509277e-01 1.000000000000000000e+00
9.649365544319152832e-01 9.649365544319152832e-01 9.649365544319152832e-01 1.000000000000000000e+00
9.630911350250244141e-01 9.630911350250244141e-01 9.630911350250244141e-01 1.000000000000000000e+00
9.612456560134887695e-01 9.612456560134887695e-01 9.612456560134887695e-01 1.000000000000000000e+00
9.594002366065979004e-01 9.594002366065979004e-01 9.594002366065979004e-01 1.000000000000000000e+00
9.575547575950622559e-01 9.575547575950622559e-01 9.575547575950622559e-01 1.000000000000000000e+00
9.557093381881713867e-01 9.557093381881713867e-01 9.557093381881713867e-01 1.000000000000000000e+00
9.538639187812805176e-01 9.538639187812805176e-01 9.538639187812805176e-01 1.000000000000000000e+00
9.520184397697448730e-01 9.520184397697448730e-01 9.520184397697448730e-01 1.000000000000000000e+00
9.501730203628540039e-01 9.501730203628540039e-01 9.501730203628540039e-01 1.000000000000000000e+00
9.483275413513183594e-01 9.483275413513183594e-01 9.483275413513183594e-01 1.000000000000000000e+00
9.464821219444274902e-01 9.464821219444274902e-01 9.464821219444274902e-01 1.000000000000000000e+00
9.446367025375366211e-01 9.446367025375366211e-01 9.446367025375366211e-01 1.000000000000000000e+00
9.427912235260009766e-01 9.427912235260009766e-01 9.427912235260009766e-01 1.000000000000000000e+00
9.408227801322937012e-01 9.408227801322937012e-01 9.408227801322937012e-01 1.000000000000000000e+00
9.379931092262268066e-01 9.379931092262268066e-01 9.379931092262268066e-01 1.000000000000000000e+00
9.351633787155151367e-01 9.351633787155151367e-01 9.351633787155151367e-01 1.000000000000000000e+00
9.323337078094482422e-01 9.323337078094482422e-01 9.323337078094482422e-01 1.000000000000000000e+00
9.295040369033813477e-01 9.295040369033813477e-01 9.295040369033813477e-01 1.000000000000000000e+00
9.266743659973144531e-01 9.266743659973144531e-01 9.266743659973144531e-01 1.000000000000000000e+00
9.238446950912475586e-01 9.238446950912475586e-01 9.238446950912475586e-01 1.000000000000000000e+00
9.210149645805358887e-01 9.210149645805358887e-01 9.210149645805358887e-01 1.000000000000000000e+00
9.181852936744689941e-01 9.181852936744689941e-01 9.181852936744689941e-01 1.000000000000000000e+00
9.153556227684020996e-01 9.153556227684020996e-01 9.153556227684020996e-01 1.000000000000000000e+00
9.125259518623352051e-01 9.125259518623352051e-01 9.125259518623352051e-01 1.000000000000000000e+00
9.096962809562683105e-01 9.096962809562683105e-01 9.096962809562683105e-01 1.000000000000000000e+00
9.068666100502014160e-01 9.068666100502014160e-01 9.068666100502014160e-01 1.000000000000000000e+00
9.040368795394897461e-01 9.040368795394897461e-01 9.040368795394897461e-01 1.000000000000000000e+00
9.012072086334228516e-01 9.012072086334228516e-01 9.012072086334228516e-01 1.000000000000000000e+00
8.983775377273559570e-01 8.983775377273559570e-01 8.983775377273559570e-01 1.000000000000000000e+00
8.955478668212890625e-01 8.955478668212890625e-01 8.955478668212890625e-01 1.000000000000000000e+00
8.927181959152221680e-01 8.927181959152221680e-01 8.927181959152221680e-01 1.000000000000000000e+00
8.898885250091552734e-01 8.898885250091552734e-01 8.898885250091552734e-01 1.000000000000000000e+00
8.870587944984436035e-01 8.870587944984436035e-01 8.870587944984436035e-01 1.000000000000000000e+00
8.842291235923767090e-01 8.842291235923767090e-01 8.842291235923767090e-01 1.000000000000000000e+00
8.813994526863098145e-01 8.813994526863098145e-01 8.813994526863098145e-01 1.000000000000000000e+00
8.785697817802429199e-01 8.785697817802429199e-01 8.785697817802429199e-01 1.000000000000000000e+00
8.757401108741760254e-01 8.757401108741760254e-01 8.757401108741760254e-01 1.000000000000000000e+00
8.729104399681091309e-01 8.729104399681091309e-01 8.729104399681091309e-01 1.000000000000000000e+00
8.700807094573974609e-01 8.700807094573974609e-01 8.700807094573974609e-01 1.000000000000000000e+00
8.672510385513305664e-01 8.672510385513305664e-01 8.672510385513305664e-01 1.000000000000000000e+00
8.644213676452636719e-01 8.644213676452636719e-01 8.644213676452636719e-01 1.000000000000000000e+00
8.615916967391967773e-01 8.615916967391967773e-01 8.615916967391967773e-01 1.000000000000000000e+00
8.587620258331298828e-01 8.587620258331298828e-01 8.587620258331298828e-01 1.000000000000000000e+00
8.559323549270629883e-01 8.559323549270629883e-01 8.559323549270629883e-01 1.000000000000000000e+00
8.531026244163513184e-01 8.531026244163513184e-01 8.531026244163513184e-01 1.000000000000000000e+00
8.501191735267639160e-01 8.501191735267639160e-01 8.501191735267639160e-01 1.000000000000000000e+00
8.466743826866149902e-01 8.466743826866149902e-01 8.466743826866149902e-01 1.000000000000000000e+00
8.432295322418212891e-01 8.432295322418212891e-01 8.432295322418212891e-01 1.000000000000000000e+00
8.397846817970275879e-01 8.397846817970275879e-01 8.397846817970275879e-01 1.000000000000000000e+00
8.363398909568786621e-01 8.363398909568786621e-01 8.363398909568786621e-01 1.000000000000000000e+00
8.328950405120849609e-01 8.328950405120849609e-01 8.328950405120849609e-01 1.000000000000000000e+00
8.294501900672912598e-01 8.294501900672912598e-01 8.294501900672912598e-01 1.000000000000000000e+00
8.260053992271423340e-01 8.260053992271423340e-01 8.260053992271423340e-01 1.000000000000000000e+00
8.225605487823486328e-01 8.225605487823486328e-01 8.225605487823486328e-01 1.000000000000000000e+00
8.191156983375549316e-01 8.191156983375549316e-01 8.191156983375549316e-01 1.000000000000000000e+00
8.156709074974060059e-01 8.156709074974060059e-01 8.156709074974060059e-01 1.000000000000000000e+00
8.122260570526123047e-01 8.122260570526123047e-01 8.122260570526123047e-01 1.000000000000000000e+00
8.087812662124633789e-01 8.087812662124633789e-01 8.087812662124633789e-01 1.000000000000000000e+00
8.053364157676696777e-01 8.053364157676696777e-01 8.053364157676696777e-01 1.000000000000000000e+00
8.018915653228759766e-01 8.018915653228759766e-01 8.018915653228759766e-01 1.000000000000000000e+00
7.984467744827270508e-01 7.984467744827270508e-01 7.984467744827270508e-01 1.000000000000000000e+00
7.950019240379333496e-01 7.950019240379333496e-01 7.950019240379333496e-01 1.000000000000000000e+00
7.915570735931396484e-01 7.915570735931396484e-01 7.915570735931396484e-01 1.000000000000000000e+00
7.881122827529907227e-01 7.881122827529907227e-01 7.881122827529907227e-01 1.000000000000000000e+00
7.846674323081970215e-01 7.846674323081970215e-01 7.846674323081970215e-01 1.000000000000000000e+00
7.812225818634033203e-01 7.812225818634033203e-01 7.812225818634033203e-01 1.000000000000000000e+00
7.777777910232543945e-01 7.777777910232543945e-01 7.777777910232543945e-01 1.000000000000000000e+00
7.743329405784606934e-01 7.743329405784606934e-01 7.743329405784606934e-01 1.000000000000000000e+00
7.708881497383117676e-01 7.708881497383117676e-01 7.708881497383117676e-01 1.000000000000000000e+00
7.674432992935180664e-01 7.674432992935180664e-01 7.674432992935180664e-01 1.000000000000000000e+00
7.639984488487243652e-01 7.639984488487243652e-01 7.639984488487243652e-01 1.000000000000000000e+00
7.605536580085754395e-01 7.605536580085754395e-01 7.605536580085754395e-01 1.000000000000000000e+00
7.571088075637817383e-01 7.571088075637817383e-01 7.571088075637817383e-01 1.000000000000000000e+00
7.536639571189880371e-01 7.536639571189880371e-01 7.536639571189880371e-01 1.000000000000000000e+00
7.502191662788391113e-01 7.502191662788391113e-01 7.502191662788391113e-01 1.000000000000000000e+00
7.467743158340454102e-01 7.467743158340454102e-01 7.467743158340454102e-01 1.000000000000000000e+00
7.433294653892517090e-01 7.433294653892517090e-01 7.433294653892517090e-01 1.000000000000000000e+00
7.393771409988403320e-01 7.393771409988403320e-01 7.393771409988403320e-01 1.000000000000000000e+00
7.345790266990661621e-01 7.345790266990661621e-01 7.345790266990661621e-01 1.000000000000000000e+00
7.297808527946472168e-01 7.297808527946472168e-01 7.297808527946472168e-01 1.000000000000000000e+00
7.249826788902282715e-01 7.249826788902282715e-01 7.249826788902282715e-01 1.000000000000000000e+00
7.201845645904541016e-01 7.201845645904541016e-01 7.201845645904541016e-01 1.000000000000000000e+00
7.153863906860351562e-01 7.153863906860351562e-01 7.153863906860351562e-01 1.000000000000000000e+00
7.105882167816162109e-01 7.105882167816162109e-01 7.105882167816162109e-01 1.000000000000000000e+00
7.057901024818420410e-01 7.057901024818420410e-01 7.057901024818420410e-01 1.000000000000000000e+00
7.009919285774230957e-01 7.009919285774230957e-01 7.009919285774230957e-01 1.000000000000000000e+00
6.961937546730041504e-01 6.961937546730041504e-01 6.961937546730041504e-01 1.000000000000000000e+00
6.913956403732299805e-01 6.913956403732299805e-01 6.913956403732299805e-01 1.000000000000000000e+00
6.865974664688110352e-01 6.865974664688110352e-01 6.865974664688110352e-01 1.000000000000000000e+00
6.817992925643920898e-01 6.817992925643920898e-01 6.817992925643920898e-01 1.000000000000000000e+00
6.770011782646179199e-01 6.770011782646179199e-01 6.770011782646179199e-01 1.000000000000000000e+00
6.722030043601989746e-01 6.722030043601989746e-01 6.722030043601989746e-01 1.000000000000000000e+00
6.674048304557800293e-01 6.674048304557800293e-01 6.674048304557800293e-01 1.000000000000000000e+00
6.626067161560058594e-01 6.626067161560058594e-01 6.626067161560058594e-01 1.000000000000000000e+00
6.578085422515869141e-01 6.578085422515869141e-01 6.578085422515869141e-01 1.000000000000000000e+00
6.530103683471679688e-01 6.530103683471679688e-01 6.530103683471679688e-01 1.000000000000000000e+00
6.482122540473937988e-01 6.482122540473937988e-01 6.482122540473937988e-01 1.000000000000000000e+00
6.434140801429748535e-01 6.434140801429748535e-01 6.434140801429748535e-01 1.000000000000000000e+00
6.386159062385559082e-01 6.386159062385559082e-01 6.386159062385559082e-01 1.000000000000000000e+00
6.338177919387817383e-01 6.338177919387817383e-01 6.338177919387817383e-01 1.000000000000000000e+00
6.290196180343627930e-01 6.290196180343627930e-01 6.290196180343627930e-01 1.000000000000000000e+00
6.242214441299438477e-01 6.242214441299438477e-01 6.242214441299438477e-01 1.000000000000000000e+00
6.194232702255249023e-01 6.194232702255249023e-01 6.194232702255249023e-01 1.000000000000000000e+00
6.146251559257507324e-01 6.146251559257507324e-01 6.146251559257507324e-01 1.000000000000000000e+00
6.098269820213317871e-01 6.098269820213317871e-01 6.098269820213317871e-01 1.000000000000000000e+00
6.050288081169128418e-01 6.050288081169128418e-01 6.050288081169128418e-01 1.000000000000000000e+00
6.002306938171386719e-01 6.002306938171386719e-01 6.002306938171386719e-01 1.000000000000000000e+00
5.954325199127197266e-01 5.954325199127197266e-01 5.954325199127197266e-01 1.000000000000000000e+00
5.906343460083007812e-01 5.906343460083007812e-01 5.906343460083007812e-01 1.000000000000000000e+00
5.860822796821594238e-01 5.860822796821594238e-01 5.860822796821594238e-01 1.000000000000000000e+00
5.817762613296508789e-01 5.817762613296508789e-01 5.817762613296508789e-01 1.000000000000000000e+00
5.774701833724975586e-01 5.774701833724975586e-01 5.774701833724975586e-01 1.000000000000000000e+00
5.731641650199890137e-01 5.731641650199890137e-01 5.731641650199890137e-01 1.000000000000000000e+00
5.688581466674804688e-01 5.688581466674804688e-01 5.688581466674804688e-01 1.000000000000000000e+00
5.645520687103271484e-01 5.645520687103271484e-01 5.645520687103271484e-01 1.000000000000000000e+00
5.602460503578186035e-01 5.602460503578186035e-01 5.602460503578186035e-01 1.000000000000000000e+00
5.559400320053100586e-01 5.559400320053100586e-01 5.559400320053100586e-01 1.000000000000000000e+00
5.516340136528015137e-01 5.516340136528015137e-01 5.516340136528015137e-01 1.000000000000000000e+00
5.473279356956481934e-01 5.473279356956481934e-01 5.473279356956481934e-01 1.000000000000000000e+00
5.430219173431396484e-01 5.430219173431396484e-01 5.430219173431396484e-01 1.000000000000000000e+00
5.387158989906311035e-01 5.387158989906311035e-01 5.387158989906311035e-01 1.000000000000000000e+00
5.344098210334777832e-01 5.344098210334777832e-01 5.344098210334777832e-01 1.000000000000000000e+00
5.301038026809692383e-01 5.301038026809692383e-01 5.301038026809692383e-01 1.000000000000000000e+00
5.257977843284606934e-01 5.257977843284606934e-01 5.257977843284606934e-01 1.000000000000000000e+00
5.214917063713073730e-01 5.214917063713073730e-01 5.214917063713073730e-01 1.000000000000000000e+00
5.171856880187988281e-01 5.171856880187988281e-01 5.171856880187988281e-01 1.000000000000000000e+00
5.128796696662902832e-01 5.128796696662902832e-01 5.128796696662902832e-01 1.000000000000000000e+00
5.085736513137817383e-01 5.085736513137817383e-01 5.085736513137817383e-01 1.000000000000000000e+00
5.042675733566284180e-01 5.042675733566284180e-01 5.042675733566284180e-01 1.000000000000000000e+00
4.999615550041198730e-01 4.999615550041198730e-01 4.999615550041198730e-01 1.000000000000000000e+00
4.956555068492889404e-01 4.956555068492889404e-01 4.956555068492889404e-01 1.000000000000000000e+00
4.913494884967803955e-01 4.913494884967803955e-01 4.913494884967803955e-01 1.000000000000000000e+00
4.870434403419494629e-01 4.870434403419494629e-01 4.870434403419494629e-01 1.000000000000000000e+00
4.827374219894409180e-01 4.827374219894409180e-01 4.827374219894409180e-01 1.000000000000000000e+00
4.784313738346099854e-01 4.784313738346099854e-01 4.784313738346099854e-01 1.000000000000000000e+00
4.741253256797790527e-01 4.741253256797790527e-01 4.741253256797790527e-01 1.000000000000000000e+00
4.698193073272705078e-01 4.698193073272705078e-01 4.698193073272705078e-01 1.000000000000000000e+00
4.655132591724395752e-01 4.655132591724395752e-01 4.655132591724395752e-01 1.000000000000000000e+00
4.612072408199310303e-01 4.612072408199310303e-01 4.612072408199310303e-01 1.000000000000000000e+00
4.569011926651000977e-01 4.569011926651000977e-01 4.569011926651000977e-01 1.000000000000000000e+00
4.525951445102691650e-01 4.525951445102691650e-01 4.525951445102691650e-01 1.000000000000000000e+00
4.484429061412811279e-01 4.484429061412811279e-01 4.484429061412811279e-01 1.000000000000000000e+00
4.443829357624053955e-01 4.443829357624053955e-01 4.443829357624053955e-01 1.000000000000000000e+00
4.403229653835296631e-01 4.403229653835296631e-01 4.403229653835296631e-01 1.000000000000000000e+00
4.362629652023315430e-01 4.362629652023315430e-01 4.362629652023315430e-01 1.000000000000000000e+00
4.322029948234558105e-01 4.322029948234558105e-01 4.322029948234558105e-01 1.000000000000000000e+00
4.281430244445800781e-01 4.281430244445800781e-01 4.281430244445800781e-01 1.000000000000000000e+00
4.240830540657043457e-01 4.240830540657043457e-01 4.240830540657043457e-01 1.000000000000000000e+00
4.200230538845062256e-01 4.200230538845062256e-01 4.200230538845062256e-01 1.000000000000000000e+00
4.159630835056304932e-01 4.159630835056304932e-01 4.159630835056304932e-01 1.000000000000000000e+00
4.119031131267547607e-01 4.119031131267547607e-01 4.119031131267547607e-01 1.000000000000000000e+00
4.078431427478790283e-01 4.078431427478790283e-01 4.078431427478790283e-01 1.000000000000000000e+00
4.037831723690032959e-01 4.037831723690032959e-01 4.037831723690032959e-01 1.000000000000000000e+00
3.997231721878051758e-01 3.997231721878051758e-01 3.997231721878051758e-01 1.000000000000000000e+00
3.956632018089294434e-01 3.956632018089294434e-01 3.956632018089294434e-01 1.000000000000000000e+00
3.916032314300537109e-01 3.916032314300537109e-01 3.916032314300537109e-01 1.000000000000000000e+00
3.875432610511779785e-01 3.875432610511779785e-01 3.875432610511779785e-01 1.000000000000000000e+00
3.834832608699798584e-01 3.834832608699798584e-01 3.834832608699798584e-01 1.000000000000000000e+00
3.794232904911041260e-01 3.794232904911041260e-01 3.794232904911041260e-01 1.000000000000000000e+00
3.753633201122283936e-01 3.753633201122283936e-01 3.753633201122283936e-01 1.000000000000000000e+00
3.713033497333526611e-01 3.713033497333526611e-01 3.713033497333526611e-01 1.000000000000000000e+00
3.672433793544769287e-01 3.672433793544769287e-01 3.672433793544769287e-01 1.000000000000000000e+00
3.631833791732788086e-01 3.631833791732788086e-01 3.631833791732788086e-01 1.000000000000000000e+00
3.591234087944030762e-01 3.591234087944030762e-01 3.591234087944030762e-01 1.000000000000000000e+00
3.550634384155273438e-01 3.550634384155273438e-01 3.550634384155273438e-01 1.000000000000000000e+00
3.510034680366516113e-01 3.510034680366516113e-01 3.510034680366516113e-01 1.000000000000000000e+00
3.469434976577758789e-01 3.469434976577758789e-01 3.469434976577758789e-01 1.000000000000000000e+00
3.428834974765777588e-01 3.428834974765777588e-01 3.428834974765777588e-01 1.000000000000000000e+00
3.388235270977020264e-01 3.388235270977020264e-01 3.388235270977020264e-01 1.000000000000000000e+00
3.347635567188262939e-01 3.347635567188262939e-01 3.347635567188262939e-01 1.000000000000000000e+00
3.307035863399505615e-01 3.307035863399505615e-01 3.307035863399505615e-01 1.000000000000000000e+00
3.266435861587524414e-01 3.266435861587524414e-01 3.266435861587524414e-01 1.000000000000000000e+00
3.225836157798767090e-01 3.225836157798767090e-01 3.225836157798767090e-01 1.000000000000000000e+00
3.174163699150085449e-01 3.174163699150085449e-01 3.174163699150085449e-01 1.000000000000000000e+00
3.118800520896911621e-01 3.118800520896911621e-01 3.118800520896911621e-01 1.000000000000000000e+00
3.063437044620513916e-01 3.063437044620513916e-01 3.063437044620513916e-01 1.000000000000000000e+00
3.008073866367340088e-01 3.008073866367340088e-01 3.008073866367340088e-01 1.000000000000000000e+00
2.952710390090942383e-01 2.952710390090942383e-01 2.952710390090942383e-01 1.000000000000000000e+00
2.897347211837768555e-01 2.897347211837768555e-01 2.897347211837768555e-01 1.000000000000000000e+00
2.841983735561370850e-01 2.841983735561370850e-01 2.841983735561370850e-01 1.000000000000000000e+00
2.786620557308197021e-01 2.786620557308197021e-01 2.786620557308197021e-01 1.000000000000000000e+00
2.731257081031799316e-01 2.731257081031799316e-01 2.731257081031799316e-01 1.000000000000000000e+00
2.675893902778625488e-01 2.675893902778625488e-01 2.675893902778625488e-01 1.000000000000000000e+00
2.620530426502227783e-01 2.620530426502227783e-01 2.620530426502227783e-01 1.000000000000000000e+00
2.565167248249053955e-01 2.565167248249053955e-01 2.565167248249053955e-01 1.000000000000000000e+00
2.509804069995880127e-01 2.509804069995880127e-01 2.509804069995880127e-01 1.000000000000000000e+00
2.454440593719482422e-01 2.454440593719482422e-01 2.454440593719482422e-01 1.000000000000000000e+00
2.399077266454696655e-01 2.399077266454696655e-01 2.399077266454696655e-01 1.000000000000000000e+00
2.343713939189910889e-01 2.343713939189910889e-01 2.343713939189910889e-01 1.000000000000000000e+00
2.288350611925125122e-01 2.288350611925125122e-01 2.288350611925125122e-01 1.000000000000000000e+00
2.232987284660339355e-01 2.232987284660339355e-01 2.232987284660339355e-01 1.000000000000000000e+00
2.177623957395553589e-01 2.177623957395553589e-01 2.177623957395553589e-01 1.000000000000000000e+00
2.122260630130767822e-01 2.122260630130767822e-01 2.122260630130767822e-01 1.000000000000000000e+00
2.066897302865982056e-01 2.066897302865982056e-01 2.066897302865982056e-01 1.000000000000000000e+00
2.011533975601196289e-01 2.011533975601196289e-01 2.011533975601196289e-01 1.000000000000000000e+00
1.956170648336410522e-01 1.956170648336410522e-01 1.956170648336410522e-01 1.000000000000000000e+00
1.900807321071624756e-01 1.900807321071624756e-01 1.900807321071624756e-01 1.000000000000000000e+00
1.845443993806838989e-01 1.845443993806838989e-01 1.845443993806838989e-01 1.000000000000000000e+00
1.790080666542053223e-01 1.790080666542053223e-01 1.790080666542053223e-01 1.000000000000000000e+00
1.734717488288879395e-01 1.734717488288879395e-01 1.734717488288879395e-01 1.000000000000000000e+00
1.679354161024093628e-01 1.679354161024093628e-01 1.679354161024093628e-01 1.000000000000000000e+00
1.623990833759307861e-01 1.623990833759307861e-01 1.623990833759307861e-01 1.000000000000000000e+00
1.568627506494522095e-01 1.568627506494522095e-01 1.568627506494522095e-01 1.000000000000000000e+00
1.513264179229736328e-01 1.513264179229736328e-01 1.513264179229736328e-01 1.000000000000000000e+00
1.457900851964950562e-01 1.457900851964950562e-01 1.457900851964950562e-01 1.000000000000000000e+00
1.411149501800537109e-01 1.411149501800537109e-01 1.411149501800537109e-01 1.000000000000000000e+00
1.365628540515899658e-01 1.365628540515899658e-01 1.365628540515899658e-01 1.000000000000000000e+00
1.320107579231262207e-01 1.320107579231262207e-01 1.320107579231262207e-01 1.000000000000000000e+00
1.274586766958236694e-01 1.274586766958236694e-01 1.274586766958236694e-01 1.000000000000000000e+00
1.229065731167793274e-01 1.229065731167793274e-01 1.229065731167793274e-01 1.000000000000000000e+00
1.183544769883155823e-01 1.183544769883155823e-01 1.183544769883155823e-01 1.000000000000000000e+00
1.138023808598518372e-01 1.138023808598518372e-01 1.138023808598518372e-01 1.000000000000000000e+00
1.092502847313880920e-01 1.092502847313880920e-01 1.092502847313880920e-01 1.000000000000000000e+00
1.046981960535049438e-01 1.046981960535049438e-01 1.046981960535049438e-01 1.000000000000000000e+00
1.001460999250411987e-01 1.001460999250411987e-01 1.001460999250411987e-01 1.000000000000000000e+00
9.559400379657745361e-02 9.559400379657745361e-02 9.559400379657745361e-02 1.000000000000000000e+00
9.104190766811370850e-02 9.104190766811370850e-02 9.104190766811370850e-02 1.000000000000000000e+00
8.648981153964996338e-02 8.648981153964996338e-02 8.648981153964996338e-02 1.000000000000000000e+00
8.193771541118621826e-02 8.193771541118621826e-02 8.193771541118621826e-02 1.000000000000000000e+00
7.738561928272247314e-02 7.738561928272247314e-02 7.738561928272247314e-02 1.000000000000000000e+00
7.283352315425872803e-02 7.283352315425872803e-02 7.283352315425872803e-02 1.000000000000000000e+00
6.828142702579498291e-02 6.828142702579498291e-02 6.828142702579498291e-02 1.000000000000000000e+00
6.372933834791183472e-02 6.372933834791183472e-02 6.372933834791183472e-02 1.000000000000000000e+00
5.917723849415779114e-02 5.917723849415779114e-02 5.917723849415779114e-02 1.000000000000000000e+00
5.462514236569404602e-02 5.462514236569404602e-02 5.462514236569404602e-02 1.000000000000000000e+00
5.007304996252059937e-02 5.007304996252059937e-02 5.007304996252059937e-02 1.000000000000000000e+00
4.552095383405685425e-02 4.552095383405685425e-02 4.552095383405685425e-02 1.000000000000000000e+00
4.096885770559310913e-02 4.096885770559310913e-02 4.096885770559310913e-02 1.000000000000000000e+00
3.641676157712936401e-02 3.641676157712936401e-02 3.641676157712936401e-02 1.000000000000000000e+00
3.186466917395591736e-02 3.186466917395591736e-02 3.186466917395591736e-02 1.000000000000000000e+00
2.731257118284702301e-02 2.731257118284702301e-02 2.731257118284702301e-02 1.000000000000000000e+00
2.276047691702842712e-02 2.276047691702842712e-02 2.276047691702842712e-02 1.000000000000000000e+00
1.820838078856468201e-02 1.820838078856468201e-02 1.820838078856468201e-02 1.000000000000000000e+00
1.365628559142351151e-02 1.365628559142351151e-02 1.365628559142351151e-02 1.000000000000000000e+00
9.104190394282341003e-03 9.104190394282341003e-03 9.104190394282341003e-03 1.000000000000000000e+00
4.552095197141170502e-03 4.552095197141170502e-03 4.552095197141170502e-03 1.000000000000000000e+00
0.000000000000000000e+00 0.000000000000000000e+00 0.000000000000000000e+00 1.000000000000000000e+00
