1.461999956518411636e-03 4.659999976865947247e-04 1.386599987745285034e-02 1.000000000000000000e+00
2.267000032588839531e-03 1.270000007934868336e-03 1.857000030577182770e-02 1.000000000000000000e+00
3.298999974504113197e-03 2.248999895527958870e-03 2.423899993300437927e-02 1.000000000000000000e+00
4.546999931335449219e-03 3.391999984160065651e-03 3.090899996459484100e-02 1.000000000000000000e+00
6.006000097841024399e-03 4.691999871283769608e-03 3.855799883604049683e-02 1.000000000000000000e+00
7.675999775528907776e-03 6.136000156402587891e-03 4.683599993586540222e-02 1.000000000000000000e+00
9.561000391840934753e-03 7.712999824434518814e-03 5.514299869537353516e-02 1.000000000000000000e+00
1.166300009936094284e-02 9.417000226676464081e-03 6.345999985933303833e-02 1.000000000000000000e+00
1.399500016123056412e-02 1.122500002384185791e-02 7.186199724674224854e-02 1.000000000000000000e+00
1.656099967658519745e-02 1.313600037246942520e-02 8.028200268745422363e-02 1.000000000000000000e+00
1.937299966812133789e-02 1.513299997895956039e-02 8.876699954271316528e-02 1.000000000000000000e+00
2.244699932634830475e-02 1.719900034368038177e-02 9.732700139284133911e-02 1.000000000000000000e+00
2.579299919307231903e-02 1.933100074529647827e-02 1.059300005435943604e-01 1.000000000000000000e+00
2.943200059235095978e-02 2.150299958884716034e-02 1.146209985017776489e-01 1.000000000000000000e+00
3.338500112295150757e-02 2.370199933648109436e-02 1.233970001339912415e-01 1.000000000000000000e+00
3.766800090670585632e-02 2.592100016772747040e-02 1.322319954633712769e-01 1.000000000000000000e+00
4.225299879908561707e-02 2.813900075852870941e-02 1.411409974098205566e-01 1.000000000000000000e+00
4.691499844193458557e-02 3.032400086522102356e-02 1.501639932394027710e-01 1.000000000000000000e+00
5.164400115609169006e-02 3.247400000691413879e-02 1.592539995908737183e-01 1.000000000000000000e+00
5.644899979233741760e-02 3.456899896264076233e-02 1.684139966964721680e-01 1.000000000000000000e+00
6.134000048041343689e-02 3.658999875187873840e-02 1.776420027017593384e-01 1.000000000000000000e+00
6.633099913597106934e-02 3.850400075316429138e-02 1.869619935750961304e-01 1.000000000000000000e+00
7.142899930477142334e-02 4.029399901628494263e-02 1.963540017604827881e-01 1.000000000000000000e+00
7.663699984550476074e-02 4.190500080585479736e-02 2.057989984750747681e-01 1.000000000000000000e+00
8.196199685335159302e-02 4.332799836993217468e-02 2.152889966964721680e-01 1.000000000000000000e+00
8.741100132465362549e-02 4.455599933862686157e-02 2.248129993677139282e-01 1.000000000000000000e+00
9.299000352621078491e-02 4.558299854397773743e-02 2.343579977750778198e-01 1.000000000000000000e+00
9.870199859142303467e-02 4.640199989080429077e-02 2.439039945602416992e-01 1.000000000000000000e+00
1.045510023832321167e-01 4.700800031423568726e-02 2.534300088882446289e-01 1.000000000000000000e+00
1.105360016226768494e-01 4.739899933338165283e-02 2.629120051860809326e-01 1.000000000000000000e+00
1.166559979319572449e-01 4.757399857044219971e-02 2.723209857940673828e-01 1.000000000000000000e+00
1.229080036282539368e-01 4.753600060939788818e-02 2.816239893436431885e-01 1.000000000000000000e+00
1.292849928140640259e-01 4.729299992322921753e-02 2.907879948616027832e-01 1.000000000000000000e+00
1.357779949903488159e-01 4.685600101947784424e-02 2.997759878635406494e-01 1.000000000000000000e+00
1.423780024051666260e-01 4.624199867248535156e-02 3.085530102252960205e-01 1.000000000000000000e+00
1.490730047225952148e-01 4.546799883246421814e-02 3.170849978923797607e-01 1.000000000000000000e+00
1.558499932289123535e-01 4.455899819731712341e-02 3.253380060195922852e-01 1.000000000000000000e+00
1.626890003681182861e-01 4.355400055646896362e-02 3.332769870758056641e-01 1.000000000000000000e+00
1.695750057697296143e-01 4.248899966478347778e-02 3.408739864826202393e-01 1.000000000000000000e+00
1.764930039644241333e-01 4.140200093388557434e-02 3.481110036373138428e-01 1.000000000000000000e+00
1.834290027618408203e-01 4.032900184392929077e-02 3.549709916114807129e-01 1.000000000000000000e+00
1.903669983148574829e-01 3.930899873375892639e-02 3.614470064640045166e-01 1.000000000000000000e+00
1.972970068454742432e-01 3.840000182390213013e-02 3.675349950790405273e-01 1.000000000000000000e+00
2.042089998722076416e-01 3.763199970126152039e-02 3.732379972934722900e-01 1.000000000000000000e+00
2.110950052738189697e-01 3.703000023961067200e-02 3.785629868507385254e-01 1.000000000000000000e+00
2.179490029811859131e-01 3.661499917507171631e-02 3.835220038890838623e-01 1.000000000000000000e+00
2.247630059719085693e-01 3.640500083565711975e-02 3.881289958953857422e-01 1.000000000000000000e+00
2.315379977226257324e-01 3.640500083565711975e-02 3.923999965190887451e-01 1.000000000000000000e+00
2.382729947566986084e-01 3.662100061774253845e-02 3.963530063629150391e-01 1.000000000000000000e+00
2.449669986963272095e-01 3.705500066280364990e-02 4.000070095062255859e-01 1.000000000000000000e+00
2.516199946403503418e-01 3.770500048995018005e-02 4.033780097961425781e-01 1.000000000000000000e+00
2.582339942455291748e-01 3.857100009918212891e-02 4.064849913120269775e-01 1.000000000000000000e+00
2.648099958896636963e-01 3.964700177311897278e-02 4.093450009822845459e-01 1.000000000000000000e+00
2.713469862937927246e-01 4.092200100421905518e-02 4.119760096073150635e-01 1.000000000000000000e+00
2.778500020503997803e-01 4.235300049185752869e-02 4.143919944763183594e-01 1.000000000000000000e+00
2.843210101127624512e-01 4.393300041556358337e-02 4.166080057621002197e-01 1.000000000000000000e+00
2.907629907131195068e-01 4.564400017261505127e-02 4.186370074748992920e-01 1.000000000000000000e+00
2.971780002117156982e-01 4.746999964118003845e-02 4.204910099506378174e-01 1.000000000000000000e+00
3.035680055618286133e-01 4.939600080251693726e-02 4.221819937229156494e-01 1.000000000000000000e+00
3.099350035190582275e-01 5.140699818730354309e-02 4.237209856510162354e-01 1.000000000000000000e+00
3.162820041179656982e-01 5.349000170826911926e-02 4.251160025596618652e-01 1.000000000000000000e+00
3.226099908351898193e-01 5.563399940729141235e-02 4.263769984245300293e-01 1.000000000000000000e+00
3.289209902286529541e-01 5.782699957489967346e-02 4.275110065937042236e-01 1.000000000000000000e+00
3.352169990539550781e-01 6.005999818444252014e-02 4.285239875316619873e-01 1.000000000000000000e+00
3.415000140666961670e-01 6.232500076293945312e-02 4.294250011444091797e-01 1.000000000000000000e+00
3.477709889411926270e-01 6.461600214242935181e-02 4.302169978618621826e-01 1.000000000000000000e+00
3.540320098400115967e-01 6.692499667406082153e-02 4.309059977531433105e-01 1.000000000000000000e+00
3.602840006351470947e-01 6.924699991941452026e-02 4.314970076084136963e-01 1.000000000000000000e+00
3.665289878845214844e-01 7.157900184392929077e-02 4.319939911365509033e-01 1.000000000000000000e+00
3.727680146694183350e-01 7.391499727964401245e-02 4.323999881744384766e-01 1.000000000000000000e+00
3.790009915828704834e-01 7.625299692153930664e-02 4.327189922332763672e-01 1.000000000000000000e+00
3.852280080318450928e-01 7.859099656343460083e-02 4.329549968242645264e-01 1.000000000000000000e+00
3.914529979228973389e-01 8.092699944972991943e-02 4.331089854240417480e-01 1.000000000000000000e+00
3.976739943027496338e-01 8.325699716806411743e-02 4.331830143928527832e-01 1.000000000000000000e+00
4.038940072059631348e-01 8.557999879121780396e-02 4.331789910793304443e-01 1.000000000000000000e+00
4.101130068302154541e-01 8.789599686861038208e-02 4.330979883670806885e-01 1.000000000000000000e+00
4.163309931755065918e-01 9.020300209522247314e-02 4.329429864883422852e-01 1.000000000000000000e+00
4.225490093231201172e-01 9.250099956989288330e-02 4.327139854431152344e-01 1.000000000000000000e+00
4.287680089473724365e-01 9.478999674320220947e-02 4.324119985103607178e-01 1.000000000000000000e+00
4.349870085716247559e-01 9.706900268793106079e-02 4.320389926433563232e-01 1.000000000000000000e+00
4.412069916725158691e-01 9.933800250291824341e-02 4.315940141677856445e-01 1.000000000000000000e+00
4.474279880523681641e-01 1.015970036387443542e-01 4.310800135135650635e-01 1.000000000000000000e+00
4.536510109901428223e-01 1.038480028510093689e-01 4.304980039596557617e-01 1.000000000000000000e+00
4.598749876022338867e-01 1.060890033841133118e-01 4.298459887504577637e-01 1.000000000000000000e+00
4.661000072956085205e-01 1.083220019936561584e-01 4.291250109672546387e-01 1.000000000000000000e+00
4.723280072212219238e-01 1.105469986796379089e-01 4.283339977264404297e-01 1.000000000000000000e+00
4.785580039024353027e-01 1.127640008926391602e-01 4.274750053882598877e-01 1.000000000000000000e+00
4.847890138626098633e-01 1.149739995598793030e-01 4.265480041503906250e-01 1.000000000000000000e+00
4.910219907760620117e-01 1.171789988875389099e-01 4.255520105361938477e-01 1.000000000000000000e+00
4.972569942474365234e-01 1.193789988756179810e-01 4.244880080223083496e-01 1.000000000000000000e+00
5.034930109977722168e-01 1.215749979019165039e-01 4.233559966087341309e-01 1.000000000000000000e+00
5.097299814224243164e-01 1.237690001726150513e-01 4.221560060977935791e-01 1.000000000000000000e+00
5.159670114517211914e-01 1.259600073099136353e-01 4.208869934082031250e-01 1.000000000000000000e+00
5.222060084342956543e-01 1.281500011682510376e-01 4.195489883422851562e-01 1.000000000000000000e+00
5.284439921379089355e-01 1.303409934043884277e-01 4.181419909000396729e-01 1.000000000000000000e+00
5.346829891204833984e-01 1.325339972972869873e-01 4.166670143604278564e-01 1.000000000000000000e+00
5.409200191497802734e-01 1.347289979457855225e-01 4.151229858398437500e-01 1.000000000000000000e+00
5.471569895744323730e-01 1.369290053844451904e-01 4.135110080242156982e-01 1.000000000000000000e+00
5.533919930458068848e-01 1.391340047121047974e-01 4.118289947509765625e-01 1.000000000000000000e+00
5.596240162849426270e-01 1.413459926843643188e-01 4.100779891014099121e-01 1.000000000000000000e+00
5.658540129661560059e-01 1.435669958591461182e-01 4.082579910755157471e-01 1.000000000000000000e+00
5.720810294151306152e-01 1.457969993352890015e-01 4.063690006732940674e-01 1.000000000000000000e+00
5.783039927482604980e-01 1.480389982461929321e-01 4.044109880924224854e-01 1.000000000000000000e+00
5.845209956169128418e-01 1.502940058708190918e-01 4.023849964141845703e-01 1.000000000000000000e+00
5.907340049743652344e-01 1.525630056858062744e-01 4.002900123596191406e-01 1.000000000000000000e+00
5.969399809837341309e-01 1.548479944467544556e-01 3.981249928474426270e-01 1.000000000000000000e+00
6.031389832496643066e-01 1.571509987115859985e-01 3.958910107612609863e-01 1.000000000000000000e+00
6.093299984931945801e-01 1.594740003347396851e-01 3.935889899730682373e-01 1.000000000000000000e+00
6.155130267143249512e-01 1.618169993162155151e-01 3.912189900875091553e-01 1.000000000000000000e+00
6.216850280761718750e-01 1.641840040683746338e-01 3.887810111045837402e-01 1.000000000000000000e+00
6.278470158576965332e-01 1.665749996900558472e-01 3.862760066986083984e-01 1.000000000000000000e+00
6.339979767799377441e-01 1.689919978380203247e-01 3.837040066719055176e-01 1.000000000000000000e+00
6.401349902153015137e-01 1.714379936456680298e-01 3.810650110244750977e-01 1.000000000000000000e+00
6.462600231170654297e-01 1.739140003919601440e-01 3.783589899539947510e-01 1.000000000000000000e+00
6.523690223693847656e-01 1.764210015535354614e-01 3.755860030651092529e-01 1.000000000000000000e+00
6.584630012512207031e-01 1.789620071649551392e-01 3.727479875087738037e-01 1.000000000000000000e+00
6.645399928092956543e-01 1.815389990806579590e-01 3.698459863662719727e-01 1.000000000000000000e+00
6.705989837646484375e-01 1.841530054807662964e-01 3.668789863586425781e-01 1.000000000000000000e+00
6.766380071640014648e-01 1.868070065975189209e-01 3.638490140438079834e-01 1.000000000000000000e+00
6.826559901237487793e-01 1.895010024309158325e-01 3.607569932937622070e-01 1.000000000000000000e+00
6.886529922485351562e-01 1.922390013933181763e-01 3.576030135154724121e-01 1.000000000000000000e+00
6.946269869804382324e-01 1.950210034847259521e-01 3.543879985809326172e-01 1.000000000000000000e+00
7.005760073661804199e-01 1.978510022163391113e-01 3.511129915714263916e-01 1.000000000000000000e+00
7.064999938011169434e-01 2.007279992103576660e-01 3.477770090103149414e-01 1.000000000000000000e+00
7.123960256576538086e-01 2.036560028791427612e-01 3.443830013275146484e-01 1.000000000000000000e+00
7.182639837265014648e-01 2.066359966993331909e-01 3.409309983253479004e-01 1.000000000000000000e+00
7.241029739379882812e-01 2.096700072288513184e-01 3.374240100383758545e-01 1.000000000000000000e+00
7.299090027809143066e-01 2.127590030431747437e-01 3.338609933853149414e-01 1.000000000000000000e+00
7.356830239295959473e-01 2.159059941768646240e-01 3.302449882030487061e-01 1.000000000000000000e+00
7.414230108261108398e-01 2.191119939088821411e-01 3.265759944915771484e-01 1.000000000000000000e+00
7.471269965171813965e-01 2.223780006170272827e-01 3.228560090065002441e-01 1.000000000000000000e+00
7.527940273284912109e-01 2.257059961557388306e-01 3.190850019454956055e-01 1.000000000000000000e+00
7.584220170974731445e-01 2.290969938039779663e-01 3.152660131454467773e-01 1.000000000000000000e+00
7.640100121498107910e-01 2.325540035963058472e-01 3.113990128040313721e-01 1.000000000000000000e+00
7.695559859275817871e-01 2.360769957304000854e-01 3.074850142002105713e-01 1.000000000000000000e+00
7.750589847564697266e-01 2.396669983863830566e-01 3.035260140895843506e-01 1.000000000000000000e+00
7.805169820785522461e-01 2.433270066976547241e-01 2.995229959487915039e-01 1.000000000000000000e+00
7.859290242195129395e-01 2.470560073852539062e-01 2.954770028591156006e-01 1.000000000000000000e+00
7.912930250167846680e-01 2.508560121059417725e-01 2.913900017738342285e-01 1.000000000000000000e+00
7.966070175170898438e-01 2.547279894351959229e-01 2.872639894485473633e-01 1.000000000000000000e+00
8.018710017204284668e-01 2.586739957332611084e-01 2.830989956855773926e-01 1.000000000000000000e+00
8.070819973945617676e-01 2.626920044422149658e-01 2.788980007171630859e-01 1.000000000000000000e+00
8.122389912605285645e-01 2.667860090732574463e-01 2.746610045433044434e-01 1.000000000000000000e+00
8.173410296440124512e-01 2.709540128707885742e-01 2.703900039196014404e-01 1.000000000000000000e+00
8.223860263824462891e-01 2.751969993114471436e-01 2.660849988460540771e-01 1.000000000000000000e+00
8.273720145225524902e-01 2.795169949531555176e-01 2.617500126361846924e-01 1.000000000000000000e+00
8.322989940643310547e-01 2.839129865169525146e-01 2.573829889297485352e-01 1.000000000000000000e+00
8.371649980545043945e-01 2.883850038051605225e-01 2.529880106449127197e-01 1.000000000000000000e+00
8.419690132141113281e-01 2.929329872131347656e-01 2.485640048980712891e-01 1.000000000000000000e+00
8.467090129852294922e-01 2.975589931011199951e-01 2.441129982471466064e-01 1.000000000000000000e+00
8.513839840888977051e-01 3.022600114345550537e-01 2.396360039710998535e-01 1.000000000000000000e+00
8.559920191764831543e-01 3.070380091667175293e-01 2.351330071687698364e-01 1.000000000000000000e+00
8.605329990386962891e-01 3.118920028209686279e-01 2.306060045957565308e-01 1.000000000000000000e+00
8.650060296058654785e-01 3.168219923973083496e-01 2.260549962520599365e-01 1.000000000000000000e+00
8.694090247154235840e-01 3.218269944190979004e-01 2.214819937944412231e-01 1.000000000000000000e+00
8.737409710884094238e-01 3.269059956073760986e-01 2.168859988451004028e-01 1.000000000000000000e+00
8.780009746551513672e-01 3.320600092411041260e-01 2.122679948806762695e-01 1.000000000000000000e+00
8.821880221366882324e-01 3.372870087623596191e-01 2.076279968023300171e-01 1.000000000000000000e+00
8.863019943237304688e-01 3.425860106945037842e-01 2.029680013656616211e-01 1.000000000000000000e+00
8.903409838676452637e-01 3.479569852352142334e-01 1.982859969139099121e-01 1.000000000000000000e+00
8.943049907684326172e-01 3.533990085124969482e-01 1.935839951038360596e-01 1.000000000000000000e+00
8.981919884681701660e-01 3.589110076427459717e-01 1.888599991798400879e-01 1.000000000000000000e+00
9.020029902458190918e-01 3.644919991493225098e-01 1.841160058975219727e-01 1.000000000000000000e+00
9.057350158691406250e-01 3.701399862766265869e-01 1.793500036001205444e-01 1.000000000000000000e+00
9.093899726867675781e-01 3.758560121059417725e-01 1.745630055665969849e-01 1.000000000000000000e+00
9.129660129547119141e-01 3.816359937191009521e-01 1.697549968957901001e-01 1.000000000000000000e+00
9.164620041847229004e-01 3.874810039997100830e-01 1.649239957332611084e-01 1.000000000000000000e+00
9.198790192604064941e-01 3.933889865875244141e-01 1.600700020790100098e-01 1.000000000000000000e+00
9.232149720191955566e-01 3.993589878082275391e-01 1.551930010318756104e-01 1.000000000000000000e+00
9.264699816703796387e-01 4.053890109062194824e-01 1.502919942140579224e-01 1.000000000000000000e+00
9.296439886093139648e-01 4.114789962768554688e-01 1.453669965267181396e-01 1.000000000000000000e+00
9.327369928359985352e-01 4.176270067691802979e-01 1.404169946908950806e-01 1.000000000000000000e+00
9.357470273971557617e-01 4.238309860229492188e-01 1.354400068521499634e-01 1.000000000000000000e+00
9.386749863624572754e-01 4.300909936428070068e-01 1.304379999637603760e-01 1.000000000000000000e+00
9.415209889411926270e-01 4.364050030708312988e-01 1.254090070724487305e-01 1.000000000000000000e+00
9.442849755287170410e-01 4.427720010280609131e-01 1.203539967536926270e-01 1.000000000000000000e+00
9.469649791717529297e-01 4.491910040378570557e-01 1.152720004320144653e-01 1.000000000000000000e+00
9.495620131492614746e-01 4.556599855422973633e-01 1.101640015840530396e-01 1.000000000000000000e+00
9.520750045776367188e-01 4.621779918670654297e-01 1.050309985876083374e-01 1.000000000000000000e+00
9.545059800148010254e-01 4.687440097332000732e-01 9.987399727106094360e-02 1.000000000000000000e+00
9.568520188331604004e-01 4.753560125827789307e-01 9.469500184059143066e-02 1.000000000000000000e+00
9.591140151023864746e-01 4.820140004158020020e-01 8.949899673461914062e-02 1.000000000000000000e+00
9.612929821014404297e-01 4.887160062789916992e-01 8.428899943828582764e-02 1.000000000000000000e+00
9.633870124816894531e-01 4.954620003700256348e-01 7.907299697399139404e-02 1.000000000000000000e+00
9.653970003128051758e-01 5.022490024566650391e-01 7.385899871587753296e-02 1.000000000000000000e+00
9.673219919204711914e-01 5.090780258178710938e-01 6.865900009870529175e-02 1.000000000000000000e+00
9.691630005836486816e-01 5.159459710121154785e-01 6.348799914121627808e-02 1.000000000000000000e+00
9.709190130233764648e-01 5.228530168533325195e-01 5.836699903011322021e-02 1.000000000000000000e+00
9.725900292396545410e-01 5.297979712486267090e-01 5.332399904727935791e-02 1.000000000000000000e+00
9.741759896278381348e-01 5.367799997329711914e-01 4.839200153946876526e-02 1.000000000000000000e+00
9.756770133972167969e-01 5.437980294227600098e-01 4.361800104379653931e-02 1.000000000000000000e+00
9.770920276641845703e-01 5.508499741554260254e-01 3.905000165104866028e-02 1.000000000000000000e+00
9.784219861030578613e-01 5.579370260238647461e-01 3.493100032210350037e-02 1.000000000000000000e+00
9.796659946441650391e-01 5.650569796562194824e-01 3.140899911522865295e-02 1.000000000000000000e+00
9.808239936828613281e-01 5.722090005874633789e-01 2.850800007581710815e-02 1.000000000000000000e+00
9.818950295448303223e-01 5.793920159339904785e-01 2.624999918043613434e-02 1.000000000000000000e+00
9.828810095787048340e-01 5.866060256958007812e-01 2.466100081801414490e-02 1.000000000000000000e+00
9.837790131568908691e-01 5.938490033149719238e-01 2.377000078558921814e-02 1.000000000000000000e+00
9.845910072326660156e-01 6.011220216751098633e-01 2.360600046813488007e-02 1.000000000000000000e+00
9.853150248527526855e-01 6.084219813346862793e-01 2.420200034976005554e-02 1.000000000000000000e+00
9.859520196914672852e-01 6.157500147819519043e-01 2.559199929237365723e-02 1.000000000000000000e+00
9.865019917488098145e-01 6.231049895286560059e-01 2.781400084495544434e-02 1.000000000000000000e+00
9.869639873504638672e-01 6.304849982261657715e-01 3.090799972414970398e-02 1.000000000000000000e+00
9.873369932174682617e-01 6.378899812698364258e-01 3.491599857807159424e-02 1.000000000000000000e+00
9.876220226287841797e-01 6.453199982643127441e-01 3.988600149750709534e-02 1.000000000000000000e+00
9.878190159797668457e-01 6.527730226516723633e-01 4.558100178837776184e-02 1.000000000000000000e+00
9.879260063171386719e-01 6.602500081062316895e-01 5.175000056624412537e-02 1.000000000000000000e+00
9.879450201988220215e-01 6.677479743957519531e-01 5.832900106906890869e-02 1.000000000000000000e+00
9.878739714622497559e-01 6.752669811248779297e-01 6.525699794292449951e-02 1.000000000000000000e+00
9.877139925956726074e-01 6.828070282936096191e-01 7.248900085687637329e-02 1.000000000000000000e+00
9.874640107154846191e-01 6.903660297393798828e-01 7.998999953269958496e-02 1.000000000000000000e+00
9.871240258216857910e-01 6.979439854621887207e-01 8.773099631071090698e-02 1.000000000000000000e+00
9.866939783096313477e-01 7.055400013923645020e-01 9.569399803876876831e-02 1.000000000000000000e+00
9.861750006675720215e-01 7.131530046463012695e-01 1.038630008697509766e-01 1.000000000000000000e+00
9.855660200119018555e-01 7.207819819450378418e-01 1.122289970517158508e-01 1.000000000000000000e+00
9.848650097846984863e-01 7.284269928932189941e-01 1.207849979400634766e-01 1.000000000000000000e+00
9.840750098228454590e-01 7.360870242118835449e-01 1.295270025730133057e-01 1.000000000000000000e+00
9.831960201263427734e-01 7.437580227851867676e-01 1.384530067443847656e-01 1.000000000000000000e+00
9.822279810905456543e-01 7.514420151710510254e-01 1.475650072097778320e-01 1.000000000000000000e+00
9.811729788780212402e-01 7.591350078582763672e-01 1.568630039691925049e-01 1.000000000000000000e+00
9.800320267677307129e-01 7.668370008468627930e-01 1.663530021905899048e-01 1.000000000000000000e+00
9.788060188293457031e-01 7.745450139045715332e-01 1.760369986295700073e-01 1.000000000000000000e+00
9.774969816207885742e-01 7.822579741477966309e-01 1.859229952096939087e-01 1.000000000000000000e+00
9.761080145835876465e-01 7.899739742279052734e-01 1.960179954767227173e-01 1.000000000000000000e+00
9.746379852294921875e-01 7.976920008659362793e-01 2.063319981098175049e-01 1.000000000000000000e+00
9.730880260467529297e-01 8.054090142250061035e-01 2.168769985437393188e-01 1.000000000000000000e+00
9.714679718017578125e-01 8.131219744682312012e-01 2.276580035686492920e-01 1.000000000000000000e+00
9.697830080986022949e-01 8.208249807357788086e-01 2.386859953403472900e-01 1.000000000000000000e+00
9.680410027503967285e-01 8.285149931907653809e-01 2.499720007181167603e-01 1.000000000000000000e+00
9.662430286407470703e-01 8.361909985542297363e-01 2.615340054035186768e-01 1.000000000000000000e+00
9.643939733505249023e-01 8.438479900360107422e-01 2.733910083770751953e-01 1.000000000000000000e+00
9.625170230865478516e-01 8.514760136604309082e-01 2.855460047721862793e-01 1.000000000000000000e+00
9.606260061264038086e-01 8.590689897537231445e-01 2.980099916458129883e-01 1.000000000000000000e+00
9.587200284004211426e-01 8.666239976882934570e-01 3.108200132846832275e-01 1.000000000000000000e+00
9.568340182304382324e-01 8.741289973258972168e-01 3.239740133285522461e-01 1.000000000000000000e+00
9.549970030784606934e-01 8.815690279006958008e-01 3.374750018119812012e-01 1.000000000000000000e+00
9.532150030136108398e-01 8.889420032501220703e-01 3.513689935207366943e-01 1.000000000000000000e+00
9.515460133552551270e-01 8.962259888648986816e-01 3.656269907951354980e-01 1.000000000000000000e+00
9.500179886817932129e-01 9.034090042114257812e-01 3.802709877490997314e-01 1.000000000000000000e+00
9.486830234527587891e-01 9.104729890823364258e-01 3.952890038490295410e-01 1.000000000000000000e+00
9.475939869880676270e-01 9.173989892005920410e-01 4.106650054454803467e-01 1.000000000000000000e+00
9.468089938163757324e-01 9.241679906845092773e-01 4.263730049133300781e-01 1.000000000000000000e+00
9.463919997215270996e-01 9.307609796524047852e-01 4.423669874668121338e-01 1.000000000000000000e+00
9.464030265808105469e-01 9.371590018272399902e-01 4.585919976234436035e-01 1.000000000000000000e+00
9.469029903411865234e-01 9.433479905128479004e-01 4.749700129032135010e-01 1.000000000000000000e+00
9.479370117187500000e-01 9.493179917335510254e-01 4.914259910583496094e-01 1.000000000000000000e+00
9.495450258255004883e-01 9.550629854202270508e-01 5.078600049018859863e-01 1.000000000000000000e+00
9.517400264739990234e-01 9.605870246887207031e-01 5.242030024528503418e-01 1.000000000000000000e+00
9.545289874076843262e-01 9.658960103988647461e-01 5.403609871864318848e-01 1.000000000000000000e+00
9.578959941864013672e-01 9.710029959678649902e-01 5.562750101089477539e-01 1.000000000000000000e+00
9.618120193481445312e-01 9.759240150451660156e-01 5.719249844551086426e-01 1.000000000000000000e+00
9.662489891052246094e-01 9.806780219078063965e-01 5.872060060501098633e-01 1.000000000000000000e+00
9.711620211601257324e-01 9.852820038795471191e-01 6.021540164947509766e-01 1.000000000000000000e+00
9.765110015869140625e-01 9.897530078887939453e-01 6.167600154876708984e-01 1.000000000000000000e+00
9.822570085525512695e-01 9.941089749336242676e-01 6.310170292854309082e-01 1.000000000000000000e+00
9.883620142936706543e-01 9.983639717102050781e-01 6.449239850044250488e-01 1.000000000000000000e+00
