0.000000000000000000e+00 0.000000000000000000e+00 0.000000000000000000e+00 1.000000000000000000e+00
3.660392016172409058e-02 0.000000000000000000e+00 4.182745143771171570e-02 1.000000000000000000e+00
7.320784032344818115e-02 0.000000000000000000e+00 8.365490287542343140e-02 1.000000000000000000e+00
1.098117679357528687e-01 0.000000000000000000e+00 1.254823505878448486e-01 1.000000000000000000e+00
1.464156806468963623e-01 0.000000000000000000e+00 1.673098057508468628e-01 1.000000000000000000e+00
1.830196082592010498e-01 0.000000000000000000e+00 2.091372609138488770e-01 1.000000000000000000e+00
2.196235358715057373e-01 0.000000000000000000e+00 2.509647011756896973e-01 1.000000000000000000e+00
2.562274634838104248e-01 0.000000000000000000e+00 2.927921712398529053e-01 1.000000000000000000e+00
2.928313612937927246e-01 0.000000000000000000e+00 3.346196115016937256e-01 1.000000000000000000e+00
3.294352889060974121e-01 0.000000000000000000e+00 3.764470517635345459e-01 1.000000000000000000e+00
3.660392165184020996e-01 0.000000000000000000e+00 4.182745218276977539e-01 1.000000000000000000e+00
4.026431441307067871e-01 0.000000000000000000e+00 4.601019620895385742e-01 1.000000000000000000e+00
4.392470717430114746e-01 0.000000000000000000e+00 5.019294023513793945e-01 1.000000000000000000e+00
4.680058956146240234e-01 0.000000000000000000e+00 5.346078276634216309e-01 1.000000000000000000e+00
4.732294082641601562e-01 0.000000000000000000e+00 5.398392081260681152e-01 1.000000000000000000e+00
4.784529507160186768e-01 0.000000000000000000e+00 5.450705885887145996e-01 1.000000000000000000e+00
4.836764633655548096e-01 0.000000000000000000e+00 5.503019690513610840e-01 1.000000000000000000e+00
4.889000058174133301e-01 0.000000000000000000e+00 5.555333495140075684e-01 1.000000000000000000e+00
4.941235184669494629e-01 0.000000000000000000e+00 5.607647299766540527e-01 1.000000000000000000e+00
4.993470609188079834e-01 0.000000000000000000e+00 5.659960508346557617e-01 1.000000000000000000e+00
5.045706033706665039e-01 0.000000000000000000e+00 5.712274312973022461e-01 1.000000000000000000e+00
5.097941160202026367e-01 0.000000000000000000e+00 5.764588117599487305e-01 1.000000000000000000e+00
5.150176286697387695e-01 0.000000000000000000e+00 5.816901922225952148e-01 1.000000000000000000e+00
5.202412009239196777e-01 0.000000000000000000e+00 5.869215726852416992e-01 1.000000000000000000e+00
5.254647135734558105e-01 0.000000000000000000e+00 5.921529531478881836e-01 1.000000000000000000e+00
5.306882262229919434e-01 0.000000000000000000e+00 5.973843336105346680e-01 1.000000000000000000e+00
5.123862624168395996e-01 0.000000000000000000e+00 6.026157140731811523e-01 1.000000000000000000e+00
4.705588221549987793e-01 0.000000000000000000e+00 6.078470349311828613e-01 1.000000000000000000e+00
4.287313818931579590e-01 0.000000000000000000e+00 6.130784153938293457e-01 1.000000000000000000e+00
3.869039118289947510e-01 0.000000000000000000e+00 6.183097958564758301e-01 1.000000000000000000e+00
3.450764715671539307e-01 0.000000000000000000e+00 6.235411763191223145e-01 1.000000000000000000e+00
3.032490313053131104e-01 0.000000000000000000e+00 6.287725567817687988e-01 1.000000000000000000e+00
2.614215612411499023e-01 0.000000000000000000e+00 6.340039372444152832e-01 1.000000000000000000e+00
2.195941209793090820e-01 0.000000000000000000e+00 6.392353177070617676e-01 1.000000000000000000e+00
1.777666658163070679e-01 0.000000000000000000e+00 6.444666385650634766e-01 1.000000000000000000e+00
1.359392106533050537e-01 0.000000000000000000e+00 6.496980190277099609e-01 1.000000000000000000e+00
9.411176294088363647e-02 0.000000000000000000e+00 6.549293994903564453e-01 1.000000000000000000e+00
5.228431522846221924e-02 0.000000000000000000e+00 6.601607799530029297e-01 1.000000000000000000e+00
1.045686285942792892e-02 0.000000000000000000e+00 6.653921604156494141e-01 1.000000000000000000e+00
0.000000000000000000e+00 0.000000000000000000e+00 6.784647107124328613e-01 1.000000000000000000e+00
0.000000000000000000e+00 0.000000000000000000e+00 6.941509842872619629e-01 1.000000000000000000e+00
0.000000000000000000e+00 0.000000000000000000e+00 7.098372578620910645e-01 1.000000000000000000e+00
0.000000000000000000e+00 0.000000000000000000e+00 7.255235314369201660e-01 1.000000000000000000e+00
0.000000000000000000e+00 0.000000000000000000e+00 7.412098050117492676e-01 1.000000000000000000e+00
0.000000000000000000e+00 0.000000000000000000e+00 7.568960785865783691e-01 1.000000000000000000e+00
0.000000000000000000e+00 0.000000000000000000e+00 7.725823521614074707e-01 1.000000000000000000e+00
0.000000000000000000e+00 0.000000000000000000e+00 7.882686257362365723e-01 1.000000000000000000e+00
0.000000000000000000e+00 0.000000000000000000e+00 8.039548993110656738e-01 1.000000000000000000e+00
0.000000000000000000e+00 0.000000000000000000e+00 8.196411728858947754e-01 1.000000000000000000e+00
0.000000000000000000e+00 0.000000000000000000e+00 8.353274464607238770e-01 1.000000000000000000e+00
0.000000000000000000e+00 0.000000000000000000e+00 8.510137200355529785e-01 1.000000000000000000e+00
0.000000000000000000e+00 0.000000000000000000e+00 8.666999936103820801e-01 1.000000000000000000e+00
0.000000000000000000e+00 3.660392016172409058e-02 8.666999936103820801e-01 1.000000000000000000e+00
0.000000000000000000e+00 7.320784032344818115e-02 8.666999936103820801e-01 1.000000000000000000e+00
0.000000000000000000e+00 1.098117679357528687e-01 8.666999936103820801e-01 1.000000000000000000e+00
0.000000000000000000e+00 1.464156806468963623e-01 8.666999936103820801e-01 1.000000000000000000e+00
0.000000000000000000e+00 1.830196082592010498e-01 8.666999936103820801e-01 1.000000000000000000e+00
0.000000000000000000e+00 2.196235358715057373e-01 8.666999936103820801e-01 1.000000000000000000e+00
0.000000000000000000e+00 2.562274634838104248e-01 8.666999936103820801e-01 1.000000000000000000e+00
0.000000000000000000e+00 2.928313612937927246e-01 8.666999936103820801e-01 1.000000000000000000e+00
0.000000000000000000e+00 3.294352889060974121e-01 8.666999936103820801e-01 1.000000000000000000e+00
0.000000000000000000e+00 3.660392165184020996e-01 8.666999936103820801e-01 1.000000000000000000e+00
0.000000000000000000e+00 4.026431441307067871e-01 8.666999936103820801e-01 1.000000000000000000e+00
0.000000000000000000e+00 4.392470717430114746e-01 8.666999936103820801e-01 1.000000000000000000e+00
0.000000000000000000e+00 4.693137109279632568e-01 8.666999936103820801e-01 1.000000000000000000e+00
0.000000000000000000e+00 4.797686338424682617e-01 8.666999936103820801e-01 1.000000000000000000e+00
0.000000000000000000e+00 4.902235269546508789e-01 8.666999936103820801e-01 1.000000000000000000e+00
0.000000000000000000e+00 5.006784200668334961e-01 8.666999936103820801e-01 1.000000000000000000e+00
0.000000000000000000e+00 5.111333131790161133e-01 8.666999936103820801e-01 1.000000000000000000e+00
0.000000000000000000e+00 5.215882062911987305e-01 8.666999936103820801e-01 1.000000000000000000e+00
0.000000000000000000e+00 5.320431590080261230e-01 8.666999936103820801e-01 1.000000000000000000e+00
0.000000000000000000e+00 5.424980521202087402e-01 8.666999936103820801e-01 1.000000000000000000e+00
0.000000000000000000e+00 5.529529452323913574e-01 8.666999936103820801e-01 1.000000000000000000e+00
0.000000000000000000e+00 5.634078383445739746e-01 8.666999936103820801e-01 1.000000000000000000e+00
0.000000000000000000e+00 5.738627314567565918e-01 8.666999936103820801e-01 1.000000000000000000e+00
0.000000000000000000e+00 5.843176245689392090e-01 8.666999936103820801e-01 1.000000000000000000e+00
0.000000000000000000e+00 5.947725772857666016e-01 8.666999936103820801e-01 1.000000000000000000e+00
0.000000000000000000e+00 6.026157140731811523e-01 8.588568568229675293e-01 1.000000000000000000e+00
0.000000000000000000e+00 6.078470349311828613e-01 8.431705832481384277e-01 1.000000000000000000e+00
0.000000000000000000e+00 6.130784153938293457e-01 8.274843096733093262e-01 1.000000000000000000e+00
0.000000000000000000e+00 6.183097958564758301e-01 8.117980360984802246e-01 1.000000000000000000e+00
0.000000000000000000e+00 6.235411763191223145e-01 7.961117625236511230e-01 1.000000000000000000e+00
0.000000000000000000e+00 6.287725567817687988e-01 7.804254889488220215e-01 1.000000000000000000e+00
0.000000000000000000e+00 6.340039372444152832e-01 7.647392153739929199e-01 1.000000000000000000e+00
0.000000000000000000e+00 6.392353177070617676e-01 7.490529417991638184e-01 1.000000000000000000e+00
0.000000000000000000e+00 6.444666385650634766e-01 7.333666682243347168e-01 1.000000000000000000e+00
0.000000000000000000e+00 6.496980190277099609e-01 7.176803946495056152e-01 1.000000000000000000e+00
0.000000000000000000e+00 6.549293994903564453e-01 7.019941210746765137e-01 1.000000000000000000e+00
0.000000000000000000e+00 6.601607799530029297e-01 6.863078474998474121e-01 1.000000000000000000e+00
0.000000000000000000e+00 6.653921604156494141e-01 6.706215739250183105e-01 1.000000000000000000e+00
0.000000000000000000e+00 6.667000055313110352e-01 6.588529348373413086e-01 1.000000000000000000e+00
0.000000000000000000e+00 6.667000055313110352e-01 6.483901739120483398e-01 1.000000000000000000e+00
0.000000000000000000e+00 6.667000055313110352e-01 6.379274725914001465e-01 1.000000000000000000e+00
0.000000000000000000e+00 6.667000055313110352e-01 6.274647116661071777e-01 1.000000000000000000e+00
0.000000000000000000e+00 6.667000055313110352e-01 6.170019507408142090e-01 1.000000000000000000e+00
0.000000000000000000e+00 6.667000055313110352e-01 6.065391898155212402e-01 1.000000000000000000e+00
0.000000000000000000e+00 6.667000055313110352e-01 5.960764884948730469e-01 1.000000000000000000e+00
0.000000000000000000e+00 6.667000055313110352e-01 5.856137275695800781e-01 1.000000000000000000e+00
0.000000000000000000e+00 6.667000055313110352e-01 5.751509666442871094e-01 1.000000000000000000e+00
0.000000000000000000e+00 6.667000055313110352e-01 5.646882057189941406e-01 1.000000000000000000e+00
0.000000000000000000e+00 6.667000055313110352e-01 5.542255043983459473e-01 1.000000000000000000e+00
0.000000000000000000e+00 6.667000055313110352e-01 5.437627434730529785e-01 1.000000000000000000e+00
0.000000000000000000e+00 6.667000055313110352e-01 5.332999825477600098e-01 1.000000000000000000e+00
0.000000000000000000e+00 6.614686250686645508e-01 4.914725422859191895e-01 1.000000000000000000e+00
0.000000000000000000e+00 6.562372446060180664e-01 4.496451020240783691e-01 1.000000000000000000e+00
0.000000000000000000e+00 6.510058641433715820e-01 4.078176617622375488e-01 1.000000000000000000e+00
0.000000000000000000e+00 6.457744836807250977e-01 3.659901916980743408e-01 1.000000000000000000e+00
0.000000000000000000e+00 6.405431628227233887e-01 3.241627514362335205e-01 1.000000000000000000e+00
0.000000000000000000e+00 6.353117823600769043e-01 2.823352813720703125e-01 1.000000000000000000e+00
0.000000000000000000e+00 6.300804018974304199e-01 2.405078411102294922e-01 1.000000000000000000e+00
0.000000000000000000e+00 6.248490214347839355e-01 1.986803859472274780e-01 1.000000000000000000e+00
0.000000000000000000e+00 6.196176409721374512e-01 1.568529456853866577e-01 1.000000000000000000e+00
0.000000000000000000e+00 6.143862605094909668e-01 1.150254905223846436e-01 1.000000000000000000e+00
0.000000000000000000e+00 6.091548800468444824e-01 7.319804280996322632e-02 1.000000000000000000e+00
0.000000000000000000e+00 6.039235591888427734e-01 3.137058764696121216e-02 1.000000000000000000e+00
0.000000000000000000e+00 6.026137471199035645e-01 0.000000000000000000e+00 1.000000000000000000e+00
0.000000000000000000e+00 6.130686402320861816e-01 0.000000000000000000e+00 1.000000000000000000e+00
0.000000000000000000e+00 6.235235333442687988e-01 0.000000000000000000e+00 1.000000000000000000e+00
0.000000000000000000e+00 6.339784264564514160e-01 0.000000000000000000e+00 1.000000000000000000e+00
0.000000000000000000e+00 6.444333195686340332e-01 0.000000000000000000e+00 1.000000000000000000e+00
0.000000000000000000e+00 6.548882126808166504e-01 0.000000000000000000e+00 1.000000000000000000e+00
0.000000000000000000e+00 6.653431653976440430e-01 0.000000000000000000e+00 1.000000000000000000e+00
0.000000000000000000e+00 6.757980585098266602e-01 0.000000000000000000e+00 1.000000000000000000e+00
0.000000000000000000e+00 6.862529516220092773e-01 0.000000000000000000e+00 1.000000000000000000e+00
0.000000000000000000e+00 6.967078447341918945e-01 0.000000000000000000e+00 1.000000000000000000e+00
0.000000000000000000e+00 7.071627378463745117e-01 0.000000000000000000e+00 1.000000000000000000e+00
0.000000000000000000e+00 7.176176309585571289e-01 0.000000000000000000e+00 1.000000000000000000e+00
0.000000000000000000e+00 7.280725240707397461e-01 0.000000000000000000e+00 1.000000000000000000e+00
0.000000000000000000e+00 7.385313510894775391e-01 0.000000000000000000e+00 1.000000000000000000e+00
0.000000000000000000e+00 7.489941120147705078e-01 0.000000000000000000e+00 1.000000000000000000e+00
0.000000000000000000e+00 7.594568729400634766e-01 0.000000000000000000e+00 1.000000000000000000e+00
0.000000000000000000e+00 7.699196338653564453e-01 0.000000000000000000e+00 1.000000000000000000e+00
0.000000000000000000e+00 7.803823351860046387e-01 0.000000000000000000e+00 1.000000000000000000e+00
0.000000000000000000e+00 7.908450961112976074e-01 0.000000000000000000e+00 1.000000000000000000e+00
0.000000000000000000e+00 8.013078570365905762e-01 0.000000000000000000e+00 1.000000000000000000e+00
0.000000000000000000e+00 8.117706179618835449e-01 0.000000000000000000e+00 1.000000000000000000e+00
0.000000000000000000e+00 8.222333192825317383e-01 0.000000000000000000e+00 1.000000000000000000e+00
0.000000000000000000e+00 8.326960802078247070e-01 0.000000000000000000e+00 1.000000000000000000e+00
0.000000000000000000e+00 8.431588411331176758e-01 0.000000000000000000e+00 1.000000000000000000e+00
0.000000000000000000e+00 8.536215424537658691e-01 0.000000000000000000e+00 1.000000000000000000e+00
0.000000000000000000e+00 8.640843033790588379e-01 0.000000000000000000e+00 1.000000000000000000e+00
0.000000000000000000e+00 8.745411634445190430e-01 0.000000000000000000e+00 1.000000000000000000e+00
0.000000000000000000e+00 8.849960565567016602e-01 0.000000000000000000e+00 1.000000000000000000e+00
0.000000000000000000e+00 8.954510092735290527e-01 0.000000000000000000e+00 1.000000000000000000e+00
0.000000000000000000e+00 9.059059023857116699e-01 0.000000000000000000e+00 1.000000000000000000e+00
0.000000000000000000e+00 9.163607954978942871e-01 0.000000000000000000e+00 1.000000000000000000e+00
0.000000000000000000e+00 9.268156886100769043e-01 0.000000000000000000e+00 1.000000000000000000e+00
0.000000000000000000e+00 9.372705817222595215e-01 0.000000000000000000e+00 1.000000000000000000e+00
0.000000000000000000e+00 9.477254748344421387e-01 0.000000000000000000e+00 1.000000000000000000e+00
0.000000000000000000e+00 9.581803679466247559e-01 0.000000000000000000e+00 1.000000000000000000e+00
0.000000000000000000e+00 9.686353206634521484e-01 0.000000000000000000e+00 1.000000000000000000e+00
0.000000000000000000e+00 9.790902137756347656e-01 0.000000000000000000e+00 1.000000000000000000e+00
0.000000000000000000e+00 9.895451068878173828e-01 0.000000000000000000e+00 1.000000000000000000e+00
0.000000000000000000e+00 1.000000000000000000e+00 0.000000000000000000e+00 1.000000000000000000e+00
5.751372501254081726e-02 1.000000000000000000e+00 0.000000000000000000e+00 1.000000000000000000e+00
1.150274500250816345e-01 1.000000000000000000e+00 0.000000000000000000e+00 1.000000000000000000e+00
1.725411713123321533e-01 1.000000000000000000e+00 0.000000000000000000e+00 1.000000000000000000e+00
2.300549000501632690e-01 1.000000000000000000e+00 0.000000000000000000e+00 1.000000000000000000e+00
2.875686287879943848e-01 1.000000000000000000e+00 0.000000000000000000e+00 1.000000000000000000e+00
3.450823426246643066e-01 1.000000000000000000e+00 0.000000000000000000e+00 1.000000000000000000e+00
4.025960862636566162e-01 1.000000000000000000e+00 0.000000000000000000e+00 1.000000000000000000e+00
4.601098001003265381e-01 1.000000000000000000e+00 0.000000000000000000e+00 1.000000000000000000e+00
5.176235437393188477e-01 1.000000000000000000e+00 0.000000000000000000e+00 1.000000000000000000e+00
5.751372575759887695e-01 1.000000000000000000e+00 0.000000000000000000e+00 1.000000000000000000e+00
6.326509714126586914e-01 1.000000000000000000e+00 0.000000000000000000e+00 1.000000000000000000e+00
6.901646852493286133e-01 1.000000000000000000e+00 0.000000000000000000e+00 1.000000000000000000e+00
7.372215390205383301e-01 9.986921548843383789e-01 0.000000000000000000e+00 1.000000000000000000e+00
7.529078722000122070e-01 9.934607744216918945e-01 0.000000000000000000e+00 1.000000000000000000e+00
7.685941457748413086e-01 9.882293939590454102e-01 0.000000000000000000e+00 1.000000000000000000e+00
7.842804193496704102e-01 9.829980134963989258e-01 0.000000000000000000e+00 1.000000000000000000e+00
7.999666929244995117e-01 9.777666926383972168e-01 0.000000000000000000e+00 1.000000000000000000e+00
8.156529664993286133e-01 9.725353121757507324e-01 0.000000000000000000e+00 1.000000000000000000e+00
8.313392400741577148e-01 9.673039317131042480e-01 0.000000000000000000e+00 1.000000000000000000e+00
8.470255136489868164e-01 9.620725512504577637e-01 0.000000000000000000e+00 1.000000000000000000e+00
8.627117872238159180e-01 9.568411707878112793e-01 0.000000000000000000e+00 1.000000000000000000e+00
8.783980607986450195e-01 9.516097903251647949e-01 0.000000000000000000e+00 1.000000000000000000e+00
8.940843343734741211e-01 9.463784098625183105e-01 0.000000000000000000e+00 1.000000000000000000e+00
9.097706079483032227e-01 9.411470293998718262e-01 0.000000000000000000e+00 1.000000000000000000e+00
9.254568815231323242e-01 9.359157085418701172e-01 0.000000000000000000e+00 1.000000000000000000e+00
9.359157085418701172e-01 9.280725717544555664e-01 0.000000000000000000e+00 1.000000000000000000e+00
9.411470293998718262e-01 9.176176190376281738e-01 0.000000000000000000e+00 1.000000000000000000e+00
9.463784098625183105e-01 9.071627259254455566e-01 0.000000000000000000e+00 1.000000000000000000e+00
9.516097903251647949e-01 8.967078328132629395e-01 0.000000000000000000e+00 1.000000000000000000e+00
9.568411707878112793e-01 8.862529397010803223e-01 0.000000000000000000e+00 1.000000000000000000e+00
9.620725512504577637e-01 8.757980465888977051e-01 0.000000000000000000e+00 1.000000000000000000e+00
9.673039317131042480e-01 8.653431534767150879e-01 0.000000000000000000e+00 1.000000000000000000e+00
9.725353121757507324e-01 8.548882603645324707e-01 0.000000000000000000e+00 1.000000000000000000e+00
9.777666926383972168e-01 8.444333076477050781e-01 0.000000000000000000e+00 1.000000000000000000e+00
9.829980134963989258e-01 8.339784145355224609e-01 0.000000000000000000e+00 1.000000000000000000e+00
9.882293939590454102e-01 8.235235214233398438e-01 0.000000000000000000e+00 1.000000000000000000e+00
9.934607744216918945e-01 8.130686283111572266e-01 0.000000000000000000e+00 1.000000000000000000e+00
9.986921548843383789e-01 8.026137351989746094e-01 0.000000000000000000e+00 1.000000000000000000e+00
1.000000000000000000e+00 7.882353067398071289e-01 0.000000000000000000e+00 1.000000000000000000e+00
1.000000000000000000e+00 7.725490331649780273e-01 0.000000000000000000e+00 1.000000000000000000e+00
1.000000000000000000e+00 7.568627595901489258e-01 0.000000000000000000e+00 1.000000000000000000e+00
1.000000000000000000e+00 7.411764860153198242e-01 0.000000000000000000e+00 1.000000000000000000e+00
1.000000000000000000e+00 7.254902124404907227e-01 0.000000000000000000e+00 1.000000000000000000e+00
1.000000000000000000e+00 7.098039388656616211e-01 0.000000000000000000e+00 1.000000000000000000e+00
1.000000000000000000e+00 6.941176652908325195e-01 0.000000000000000000e+00 1.000000000000000000e+00
1.000000000000000000e+00 6.784313917160034180e-01 0.000000000000000000e+00 1.000000000000000000e+00
1.000000000000000000e+00 6.627451181411743164e-01 0.000000000000000000e+00 1.000000000000000000e+00
1.000000000000000000e+00 6.470588445663452148e-01 0.000000000000000000e+00 1.000000000000000000e+00
1.000000000000000000e+00 6.313725709915161133e-01 0.000000000000000000e+00 1.000000000000000000e+00
1.000000000000000000e+00 6.156862974166870117e-01 0.000000000000000000e+00 1.000000000000000000e+00
1.000000000000000000e+00 6.000000238418579102e-01 0.000000000000000000e+00 1.000000000000000000e+00
1.000000000000000000e+00 5.529412031173706055e-01 0.000000000000000000e+00 1.000000000000000000e+00
1.000000000000000000e+00 5.058823823928833008e-01 0.000000000000000000e+00 1.000000000000000000e+00
1.000000000000000000e+00 4.588235318660736084e-01 0.000000000000000000e+00 1.000000000000000000e+00
1.000000000000000000e+00 4.117647111415863037e-01 0.000000000000000000e+00 1.000000000000000000e+00
1.000000000000000000e+00 3.647058904170989990e-01 0.000000000000000000e+00 1.000000000000000000e+00
1.000000000000000000e+00 3.176470696926116943e-01 0.000000000000000000e+00 1.000000000000000000e+00
1.000000000000000000e+00 2.705882489681243896e-01 0.000000000000000000e+00 1.000000000000000000e+00
1.000000000000000000e+00 2.235294133424758911e-01 0.000000000000000000e+00 1.000000000000000000e+00
1.000000000000000000e+00 1.764705926179885864e-01 0.000000000000000000e+00 1.000000000000000000e+00
1.000000000000000000e+00 1.294117718935012817e-01 0.000000000000000000e+00 1.000000000000000000e+00
1.000000000000000000e+00 8.235294371843338013e-02 0.000000000000000000e+00 1.000000000000000000e+00
1.000000000000000000e+00 3.529411926865577698e-02 0.000000000000000000e+00 1.000000000000000000e+00
9.973862767219543457e-01 0.000000000000000000e+00 0.000000000000000000e+00 1.000000000000000000e+00
9.869313836097717285e-01 0.000000000000000000e+00 0.000000000000000000e+00 1.000000000000000000e+00
9.764764904975891113e-01 0.000000000000000000e+00 0.000000000000000000e+00 1.000000000000000000e+00
9.660215973854064941e-01 0.000000000000000000e+00 0.000000000000000000e+00 1.000000000000000000e+00
9.555666446685791016e-01 0.000000000000000000e+00 0.000000000000000000e+00 1.000000000000000000e+00
9.451117515563964844e-01 0.000000000000000000e+00 0.000000000000000000e+00 1.000000000000000000e+00
9.346568584442138672e-01 0.000000000000000000e+00 0.000000000000000000e+00 1.000000000000000000e+00
9.242019653320312500e-01 0.000000000000000000e+00 0.000000000000000000e+00 1.000000000000000000e+00
9.137470722198486328e-01 0.000000000000000000e+00 0.000000000000000000e+00 1.000000000000000000e+00
9.032921791076660156e-01 0.000000000000000000e+00 0.000000000000000000e+00 1.000000000000000000e+00
8.928372263908386230e-01 0.000000000000000000e+00 0.000000000000000000e+00 1.000000000000000000e+00
8.823823332786560059e-01 0.000000000000000000e+00 0.000000000000000000e+00 1.000000000000000000e+00
8.719274401664733887e-01 0.000000000000000000e+00 0.000000000000000000e+00 1.000000000000000000e+00
8.640843033790588379e-01 0.000000000000000000e+00 0.000000000000000000e+00 1.000000000000000000e+00
8.588529229164123535e-01 0.000000000000000000e+00 0.000000000000000000e+00 1.000000000000000000e+00
8.536215424537658691e-01 0.000000000000000000e+00 0.000000000000000000e+00 1.000000000000000000e+00
8.483902215957641602e-01 0.000000000000000000e+00 0.000000000000000000e+00 1.000000000000000000e+00
8.431588411331176758e-01 0.000000000000000000e+00 0.000000000000000000e+00 1.000000000000000000e+00
8.379274606704711914e-01 0.000000000000000000e+00 0.000000000000000000e+00 1.000000000000000000e+00
8.326960802078247070e-01 0.000000000000000000e+00 0.000000000000000000e+00 1.000000000000000000e+00
8.274646997451782227e-01 0.000000000000000000e+00 0.000000000000000000e+00 1.000000000000000000e+00
8.222333192825317383e-01 0.000000000000000000e+00 0.000000000000000000e+00 1.000000000000000000e+00
8.170019388198852539e-01 0.000000000000000000e+00 0.000000000000000000e+00 1.000000000000000000e+00
8.117706179618835449e-01 0.000000000000000000e+00 0.000000000000000000e+00 1.000000000000000000e+00
8.065392374992370605e-01 0.000000000000000000e+00 0.000000000000000000e+00 1.000000000000000000e+00
8.013078570365905762e-01 0.000000000000000000e+00 0.000000000000000000e+00 1.000000000000000000e+00
8.000000119209289551e-01 4.705882444977760315e-02 4.705882444977760315e-02 1.000000000000000000e+00
8.000000119209289551e-01 1.098039224743843079e-01 1.098039224743843079e-01 1.000000000000000000e+00
8.000000119209289551e-01 1.725490242242813110e-01 1.725490242242813110e-01 1.000000000000000000e+00
8.000000119209289551e-01 2.352941185235977173e-01 2.352941185235977173e-01 1.000000000000000000e+00
8.000000119209289551e-01 2.980392277240753174e-01 2.980392277240753174e-01 1.000000000000000000e+00
8.000000119209289551e-01 3.607843220233917236e-01 3.607843220233917236e-01 1.000000000000000000e+00
8.000000119209289551e-01 4.235294163227081299e-01 4.235294163227081299e-01 1.000000000000000000e+00
8.000000119209289551e-01 4.862745106220245361e-01 4.862745106220245361e-01 1.000000000000000000e+00
8.000000119209289551e-01 5.490196347236633301e-01 5.490196347236633301e-01 1.000000000000000000e+00
8.000000119209289551e-01 6.117647290229797363e-01 6.117647290229797363e-01 1.000000000000000000e+00
8.000000119209289551e-01 6.745098233222961426e-01 6.745098233222961426e-01 1.000000000000000000e+00
8.000000119209289551e-01 7.372549176216125488e-01 7.372549176216125488e-01 1.000000000000000000e+00
8.000000119209289551e-01 8.000000119209289551e-01 8.000000119209289551e-01 1.000000000000000000e+00
