1.000000000000000000e+00 9.607843160629272461e-01 9.215686321258544922e-01 1.000000000000000000e+00
9.998769760131835938e-01 9.589388966560363770e-01 9.180007576942443848e-01 1.000000000000000000e+00
9.997539520263671875e-01 9.570934176445007324e-01 9.144328832626342773e-01 1.000000000000000000e+00
9.996309280395507812e-01 9.552479982376098633e-01 9.108650684356689453e-01 1.000000000000000000e+00
9.995079040527343750e-01 9.534025192260742188e-01 9.072971940040588379e-01 1.000000000000000000e+00
9.993848800659179688e-01 9.515570998191833496e-01 9.037293195724487305e-01 1.000000000000000000e+00
9.992617964744567871e-01 9.497116208076477051e-01 9.001615047454833984e-01 1.000000000000000000e+00
9.991387724876403809e-01 9.478662014007568359e-01 8.965936303138732910e-01 1.000000000000000000e+00
9.990157485008239746e-01 9.460207819938659668e-01 8.930257558822631836e-01 1.000000000000000000e+00
9.988927245140075684e-01 9.441753029823303223e-01 8.894578814506530762e-01 1.000000000000000000e+00
9.987697005271911621e-01 9.423298835754394531e-01 8.858900666236877441e-01 1.000000000000000000e+00
9.986466765403747559e-01 9.404844045639038086e-01 8.823221921920776367e-01 1.000000000000000000e+00
9.985236525535583496e-01 9.386389851570129395e-01 8.787543177604675293e-01 1.000000000000000000e+00
9.984006285667419434e-01 9.367935657501220703e-01 8.751864433288574219e-01 1.000000000000000000e+00
9.982776045799255371e-01 9.349480867385864258e-01 8.716186285018920898e-01 1.000000000000000000e+00
9.981545805931091309e-01 9.331026673316955566e-01 8.680507540702819824e-01 1.000000000000000000e+00
9.980314970016479492e-01 9.312571883201599121e-01 8.644828796386718750e-01 1.000000000000000000e+00
9.979084730148315430e-01 9.294117689132690430e-01 8.609150052070617676e-01 1.000000000000000000e+00
9.977854490280151367e-01 9.275663495063781738e-01 8.573471903800964355e-01 1.000000000000000000e+00
9.976624250411987305e-01 9.257208704948425293e-01 8.537793159484863281e-01 1.000000000000000000e+00
9.975394010543823242e-01 9.238754510879516602e-01 8.502114415168762207e-01 1.000000000000000000e+00
9.974163770675659180e-01 9.220299720764160156e-01 8.466436266899108887e-01 1.000000000000000000e+00
9.972933530807495117e-01 9.201845526695251465e-01 8.430757522583007812e-01 1.000000000000000000e+00
9.971703290939331055e-01 9.183390736579895020e-01 8.395078778266906738e-01 1.000000000000000000e+00
9.970473051071166992e-01 9.164936542510986328e-01 8.359400033950805664e-01 1.000000000000000000e+00
9.969242811203002930e-01 9.146482348442077637e-01 8.323721885681152344e-01 1.000000000000000000e+00
9.968012571334838867e-01 9.128027558326721191e-01 8.288043141365051270e-01 1.000000000000000000e+00
9.966781735420227051e-01 9.109573364257812500e-01 8.252364397048950195e-01 1.000000000000000000e+00
9.965551495552062988e-01 9.091118574142456055e-01 8.216685652732849121e-01 1.000000000000000000e+00
9.964321255683898926e-01 9.072664380073547363e-01 8.181007504463195801e-01 1.000000000000000000e+00
9.963091015815734863e-01 9.054210186004638672e-01 8.145328760147094727e-01 1.000000000000000000e+00
9.961860775947570801e-01 9.035755395889282227e-01 8.109650015830993652e-01 1.000000000000000000e+00
9.960630536079406738e-01 9.016224741935729980e-01 8.071664571762084961e-01 1.000000000000000000e+00
9.959400296211242676e-01 8.989158272743225098e-01 8.017531633377075195e-01 1.000000000000000000e+00
9.958170056343078613e-01 8.962091207504272461e-01 7.963398694992065430e-01 1.000000000000000000e+00
9.956939816474914551e-01 8.935024738311767578e-01 7.909265756607055664e-01 1.000000000000000000e+00
9.955709576606750488e-01 8.907958269119262695e-01 7.855132818222045898e-01 1.000000000000000000e+00
9.954479336738586426e-01 8.880891799926757812e-01 7.800999879837036133e-01 1.000000000000000000e+00
9.953248500823974609e-01 8.853825330734252930e-01 7.746866345405578613e-01 1.000000000000000000e+00
9.952018260955810547e-01 8.826758861541748047e-01 7.692733407020568848e-01 1.000000000000000000e+00
9.950788021087646484e-01 8.799692392349243164e-01 7.638600468635559082e-01 1.000000000000000000e+00
9.949557781219482422e-01 8.772625923156738281e-01 7.584467530250549316e-01 1.000000000000000000e+00
9.948327541351318359e-01 8.745559453964233398e-01 7.530334591865539551e-01 1.000000000000000000e+00
9.947097301483154297e-01 8.718492984771728516e-01 7.476201653480529785e-01 1.000000000000000000e+00
9.945867061614990234e-01 8.691426515579223633e-01 7.422068715095520020e-01 1.000000000000000000e+00
9.944636821746826172e-01 8.664360046386718750e-01 7.367935180664062500e-01 1.000000000000000000e+00
9.943406581878662109e-01 8.637293577194213867e-01 7.313802242279052734e-01 1.000000000000000000e+00
9.942176342010498047e-01 8.610227108001708984e-01 7.259669303894042969e-01 1.000000000000000000e+00
9.940945506095886230e-01 8.583160042762756348e-01 7.205536365509033203e-01 1.000000000000000000e+00
9.939715266227722168e-01 8.556093573570251465e-01 7.151403427124023438e-01 1.000000000000000000e+00
9.938485026359558105e-01 8.529027104377746582e-01 7.097270488739013672e-01 1.000000000000000000e+00
9.937254786491394043e-01 8.501960635185241699e-01 7.043137550354003906e-01 1.000000000000000000e+00
9.936024546623229980e-01 8.474894165992736816e-01 6.989004015922546387e-01 1.000000000000000000e+00
9.934794306755065918e-01 8.447827696800231934e-01 6.934871077537536621e-01 1.000000000000000000e+00
9.933564066886901855e-01 8.420761227607727051e-01 6.880738139152526855e-01 1.000000000000000000e+00
9.932333827018737793e-01 8.393694758415222168e-01 6.826605200767517090e-01 1.000000000000000000e+00
9.931103587150573730e-01 8.366628289222717285e-01 6.772472262382507324e-01 1.000000000000000000e+00
9.929873347282409668e-01 8.339561820030212402e-01 6.718339323997497559e-01 1.000000000000000000e+00
9.928643107414245605e-01 8.312495350837707520e-01 6.664205789566040039e-01 1.000000000000000000e+00
9.927412271499633789e-01 8.285428881645202637e-01 6.610072851181030273e-01 1.000000000000000000e+00
9.926182031631469727e-01 8.258362412452697754e-01 6.555939912796020508e-01 1.000000000000000000e+00
9.924951791763305664e-01 8.231295943260192871e-01 6.501806974411010742e-01 1.000000000000000000e+00
9.923721551895141602e-01 8.204228878021240234e-01 6.447674036026000977e-01 1.000000000000000000e+00
9.922491312026977539e-01 8.177162408828735352e-01 6.393541097640991211e-01 1.000000000000000000e+00
9.921568632125854492e-01 8.146405220031738281e-01 6.336024403572082520e-01 1.000000000000000000e+00
9.921568632125854492e-01 8.104575276374816895e-01 6.268358230590820312e-01 1.000000000000000000e+00
9.921568632125854492e-01 8.062745332717895508e-01 6.200692057609558105e-01 1.000000000000000000e+00
9.921568632125854492e-01 8.020914793014526367e-01 6.133025884628295898e-01 1.000000000000000000e+00
9.921568632125854492e-01 7.979084849357604980e-01 6.065359711647033691e-01 1.000000000000000000e+00
9.921568632125854492e-01 7.937254905700683594e-01 5.997692942619323730e-01 1.000000000000000000e+00
9.921568632125854492e-01 7.895424962043762207e-01 5.930026769638061523e-01 1.000000000000000000e+00
9.921568632125854492e-01 7.853595018386840820e-01 5.862360596656799316e-01 1.000000000000000000e+00
9.921568632125854492e-01 7.811764478683471680e-01 5.794694423675537109e-01 1.000000000000000000e+00
9.921568632125854492e-01 7.769934535026550293e-01 5.727028250694274902e-01 1.000000000000000000e+00
9.921568632125854492e-01 7.728104591369628906e-01 5.659362077713012695e-01 1.000000000000000000e+00
9.921568632125854492e-01 7.686274647712707520e-01 5.591695308685302734e-01 1.000000000000000000e+00
9.921568632125854492e-01 7.644444704055786133e-01 5.524029135704040527e-01 1.000000000000000000e+00
9.921568632125854492e-01 7.602614164352416992e-01 5.456362962722778320e-01 1.000000000000000000e+00
9.921568632125854492e-01 7.560784220695495605e-01 5.388696789741516113e-01 1.000000000000000000e+00
9.921568632125854492e-01 7.518954277038574219e-01 5.321030616760253906e-01 1.000000000000000000e+00
9.921568632125854492e-01 7.477124333381652832e-01 5.253363847732543945e-01 1.000000000000000000e+00
9.921568632125854492e-01 7.435294389724731445e-01 5.185697674751281738e-01 1.000000000000000000e+00
9.921568632125854492e-01 7.393463850021362305e-01 5.118031501770019531e-01 1.000000000000000000e+00
9.921568632125854492e-01 7.351633906364440918e-01 5.050365328788757324e-01 1.000000000000000000e+00
9.921568632125854492e-01 7.309803962707519531e-01 4.982698857784271240e-01 1.000000000000000000e+00
9.921568632125854492e-01 7.267974019050598145e-01 4.915032684803009033e-01 1.000000000000000000e+00
9.921568632125854492e-01 7.226144075393676758e-01 4.847366511821746826e-01 1.000000000000000000e+00
9.921568632125854492e-01 7.184313535690307617e-01 4.779700040817260742e-01 1.000000000000000000e+00
9.921568632125854492e-01 7.142483592033386230e-01 4.712033867835998535e-01 1.000000000000000000e+00
9.921568632125854492e-01 7.100653648376464844e-01 4.644367694854736328e-01 1.000000000000000000e+00
9.921568632125854492e-01 7.058823704719543457e-01 4.576701223850250244e-01 1.000000000000000000e+00
9.921568632125854492e-01 7.016993761062622070e-01 4.509035050868988037e-01 1.000000000000000000e+00
9.921568632125854492e-01 6.975163221359252930e-01 4.441368579864501953e-01 1.000000000000000000e+00
9.921568632125854492e-01 6.933333277702331543e-01 4.373702406883239746e-01 1.000000000000000000e+00
9.921568632125854492e-01 6.891503334045410156e-01 4.306036233901977539e-01 1.000000000000000000e+00
9.921568632125854492e-01 6.849673390388488770e-01 4.238369762897491455e-01 1.000000000000000000e+00
9.921568632125854492e-01 6.808304786682128906e-01 4.174394607543945312e-01 1.000000000000000000e+00
9.921568632125854492e-01 6.767704486846923828e-01 4.116570651531219482e-01 1.000000000000000000e+00
9.921568632125854492e-01 6.727104783058166504e-01 4.058746695518493652e-01 1.000000000000000000e+00
9.921568632125854492e-01 6.686505079269409180e-01 4.000922739505767822e-01 1.000000000000000000e+00
9.921568632125854492e-01 6.645905375480651855e-01 3.943098783493041992e-01 1.000000000000000000e+00
9.921568632125854492e-01 6.605305671691894531e-01 3.885274827480316162e-01 1.000000000000000000e+00
9.921568632125854492e-01 6.564705967903137207e-01 3.827450871467590332e-01 1.000000000000000000e+00
9.921568632125854492e-01 6.524106264114379883e-01 3.769627213478088379e-01 1.000000000000000000e+00
9.921568632125854492e-01 6.483506560325622559e-01 3.711803257465362549e-01 1.000000000000000000e+00
9.921568632125854492e-01 6.442906856536865234e-01 3.653979301452636719e-01 1.000000000000000000e+00
9.921568632125854492e-01 6.402306556701660156e-01 3.596155345439910889e-01 1.000000000000000000e+00
9.921568632125854492e-01 6.361706852912902832e-01 3.538331389427185059e-01 1.000000000000000000e+00
9.921568632125854492e-01 6.321107149124145508e-01 3.480507433414459229e-01 1.000000000000000000e+00
9.921568632125854492e-01 6.280507445335388184e-01 3.422683477401733398e-01 1.000000000000000000e+00
9.921568632125854492e-01 6.239907741546630859e-01 3.364859521389007568e-01 1.000000000000000000e+00
9.921568632125854492e-01 6.199308037757873535e-01 3.307035863399505615e-01 1.000000000000000000e+00
9.921568632125854492e-01 6.158708333969116211e-01 3.249211907386779785e-01 1.000000000000000000e+00
9.921568632125854492e-01 6.118108630180358887e-01 3.191387951374053955e-01 1.000000000000000000e+00
9.921568632125854492e-01 6.077508926391601562e-01 3.133563995361328125e-01 1.000000000000000000e+00
9.921568632125854492e-01 6.036908626556396484e-01 3.075740039348602295e-01 1.000000000000000000e+00
9.921568632125854492e-01 5.996308922767639160e-01 3.017916083335876465e-01 1.000000000000000000e+00
9.921568632125854492e-01 5.955709218978881836e-01 2.960092127323150635e-01 1.000000000000000000e+00
9.921568632125854492e-01 5.915109515190124512e-01 2.902268469333648682e-01 1.000000000000000000e+00
9.921568632125854492e-01 5.874509811401367188e-01 2.844444513320922852e-01 1.000000000000000000e+00
9.921568632125854492e-01 5.833910107612609863e-01 2.786620557308197021e-01 1.000000000000000000e+00
9.921568632125854492e-01 5.793310403823852539e-01 2.728796601295471191e-01 1.000000000000000000e+00
9.921568632125854492e-01 5.752710700035095215e-01 2.670972645282745361e-01 1.000000000000000000e+00
9.921568632125854492e-01 5.712110996246337891e-01 2.613148689270019531e-01 1.000000000000000000e+00
9.921568632125854492e-01 5.671510696411132812e-01 2.555324733257293701e-01 1.000000000000000000e+00
9.921568632125854492e-01 5.630910992622375488e-01 2.497500926256179810e-01 1.000000000000000000e+00
9.921568632125854492e-01 5.590311288833618164e-01 2.439677119255065918e-01 1.000000000000000000e+00
9.921568632125854492e-01 5.549711585044860840e-01 2.381853163242340088e-01 1.000000000000000000e+00
9.914186596870422363e-01 5.507266521453857422e-01 2.327720075845718384e-01 1.000000000000000000e+00
9.899423122406005859e-01 5.462975502014160156e-01 2.277278006076812744e-01 1.000000000000000000e+00
9.884659647941589355e-01 5.418685078620910645e-01 2.226835787296295166e-01 1.000000000000000000e+00
9.869896173477172852e-01 5.374394655227661133e-01 2.176393717527389526e-01 1.000000000000000000e+00
9.855132699012756348e-01 5.330103635787963867e-01 2.125951498746871948e-01 1.000000000000000000e+00
9.840369224548339844e-01 5.285813212394714355e-01 2.075509428977966309e-01 1.000000000000000000e+00
9.825605750083923340e-01 5.241522789001464844e-01 2.025067210197448730e-01 1.000000000000000000e+00
9.810842275619506836e-01 5.197231769561767578e-01 1.974625140428543091e-01 1.000000000000000000e+00
9.796078205108642578e-01 5.152941346168518066e-01 1.924183070659637451e-01 1.000000000000000000e+00
9.781314730644226074e-01 5.108650326728820801e-01 1.873740851879119873e-01 1.000000000000000000e+00
9.766551256179809570e-01 5.064359903335571289e-01 1.823298782110214233e-01 1.000000000000000000e+00
9.751787781715393066e-01 5.020069479942321777e-01 1.772856563329696655e-01 1.000000000000000000e+00
9.737024307250976562e-01 4.975778460502624512e-01 1.722414493560791016e-01 1.000000000000000000e+00
9.722260832786560059e-01 4.931488037109375000e-01 1.671972274780273438e-01 1.000000000000000000e+00
9.707497358322143555e-01 4.887197315692901611e-01 1.621530205011367798e-01 1.000000000000000000e+00
9.692733287811279297e-01 4.842906594276428223e-01 1.571087986230850220e-01 1.000000000000000000e+00
9.677969813346862793e-01 4.798615872859954834e-01 1.520645916461944580e-01 1.000000000000000000e+00
9.663206338882446289e-01 4.754325151443481445e-01 1.470203697681427002e-01 1.000000000000000000e+00
9.648442864418029785e-01 4.710034728050231934e-01 1.419761627912521362e-01 1.000000000000000000e+00
9.633679389953613281e-01 4.665744006633758545e-01 1.369319558143615723e-01 1.000000000000000000e+00
9.618915915489196777e-01 4.621453285217285156e-01 1.318877339363098145e-01 1.000000000000000000e+00
9.604152441024780273e-01 4.577162563800811768e-01 1.268435269594192505e-01 1.000000000000000000e+00
9.589388966560363770e-01 4.532871842384338379e-01 1.217993050813674927e-01 1.000000000000000000e+00
9.574624896049499512e-01 4.488581418991088867e-01 1.167550906538963318e-01 1.000000000000000000e+00
9.559861421585083008e-01 4.444290697574615479e-01 1.117108836770057678e-01 1.000000000000000000e+00
9.545097947120666504e-01 4.399999976158142090e-01 1.066666692495346069e-01 1.000000000000000000e+00
9.530334472656250000e-01 4.355709254741668701e-01 1.016224548220634460e-01 1.000000000000000000e+00
9.515570998191833496e-01 4.311418831348419189e-01 9.657824039459228516e-02 1.000000000000000000e+00
9.500807523727416992e-01 4.267128109931945801e-01 9.153402596712112427e-02 1.000000000000000000e+00
9.486044049263000488e-01 4.222837388515472412e-01 8.648981153964996338e-02 1.000000000000000000e+00
9.471280574798583984e-01 4.178546667098999023e-01 8.144559711217880249e-02 1.000000000000000000e+00
9.456516504287719727e-01 4.134255945682525635e-01 7.640138268470764160e-02 1.000000000000000000e+00
9.432526230812072754e-01 4.092272222042083740e-01 7.312572002410888672e-02 1.000000000000000000e+00
9.402998685836791992e-01 4.051672518253326416e-01 7.091119140386581421e-02 1.000000000000000000e+00
9.373471736907958984e-01 4.011072516441345215e-01 6.869665533304214478e-02 1.000000000000000000e+00
9.343944787979125977e-01 3.970472812652587891e-01 6.648211926221847534e-02 1.000000000000000000e+00
9.314417243003845215e-01 3.929873108863830566e-01 6.426759064197540283e-02 1.000000000000000000e+00
9.284890294075012207e-01 3.889273405075073242e-01 6.205305829644203186e-02 1.000000000000000000e+00
9.255363345146179199e-01 3.848673701286315918e-01 5.983852222561836243e-02 1.000000000000000000e+00
9.225836396217346191e-01 3.808073699474334717e-01 5.762398988008499146e-02 1.000000000000000000e+00
9.196308851242065430e-01 3.767473995685577393e-01 5.540945753455162048e-02 1.000000000000000000e+00
9.166781902313232422e-01 3.726874291896820068e-01 5.319492518901824951e-02 1.000000000000000000e+00
9.137254953384399414e-01 3.686274588108062744e-01 5.098039284348487854e-02 1.000000000000000000e+00
9.107728004455566406e-01 3.645674884319305420e-01 4.876586049795150757e-02 1.000000000000000000e+00
9.078200459480285645e-01 3.605074882507324219e-01 4.655132815241813660e-02 1.000000000000000000e+00
9.048673510551452637e-01 3.564475178718566895e-01 4.433679208159446716e-02 1.000000000000000000e+00
9.019146561622619629e-01 3.523875474929809570e-01 4.212225973606109619e-02 1.000000000000000000e+00
8.989619612693786621e-01 3.483275771141052246e-01 3.990772739052772522e-02 1.000000000000000000e+00
8.960092067718505859e-01 3.442675769329071045e-01 3.769319504499435425e-02 1.000000000000000000e+00
8.930565118789672852e-01 3.402076065540313721e-01 3.547866269946098328e-02 1.000000000000000000e+00
8.901038169860839844e-01 3.361476361751556396e-01 3.326413035392761230e-02 1.000000000000000000e+00
8.871511220932006836e-01 3.320876657962799072e-01 3.104959614574909210e-02 1.000000000000000000e+00
8.841983675956726074e-01 3.280276954174041748e-01 2.883506380021572113e-02 1.000000000000000000e+00
8.812456727027893066e-01 3.239676952362060547e-01 2.662053145468235016e-02 1.000000000000000000e+00
8.782929778099060059e-01 3.199077248573303223e-01 2.440599724650382996e-02 1.000000000000000000e+00
8.753402829170227051e-01 3.158477544784545898e-01 2.219146490097045898e-02 1.000000000000000000e+00
8.723875284194946289e-01 3.117877840995788574e-01 1.997693255543708801e-02 1.000000000000000000e+00
8.694348335266113281e-01 3.077277839183807373e-01 1.776239834725856781e-02 1.000000000000000000e+00
8.664821386337280273e-01 3.036678135395050049e-01 1.554786600172519684e-02 1.000000000000000000e+00
8.635293841361999512e-01 2.996078431606292725e-01 1.333333365619182587e-02 1.000000000000000000e+00
8.605766892433166504e-01 2.955478727817535400e-01 1.111880037933588028e-02 1.000000000000000000e+00
8.576239943504333496e-01 2.914879024028778076e-01 8.904268033802509308e-03 1.000000000000000000e+00
8.546712994575500488e-01 2.874279022216796875e-01 6.689734756946563721e-03 1.000000000000000000e+00
8.517185449600219727e-01 2.833679318428039551e-01 4.475201945751905441e-03 1.000000000000000000e+00
8.462744951248168945e-01 2.806920409202575684e-01 4.106113221496343613e-03 1.000000000000000000e+00
8.399999737739562988e-01 2.784775197505950928e-01 4.352172371000051498e-03 1.000000000000000000e+00
8.337255120277404785e-01 2.762629687786102295e-01 4.598231520503759384e-03 1.000000000000000000e+00
8.274509906768798828e-01 2.740484476089477539e-01 4.844290670007467270e-03 1.000000000000000000e+00
8.211764693260192871e-01 2.718338966369628906e-01 5.090349819511175156e-03 1.000000000000000000e+00
8.149019479751586914e-01 2.696193754673004150e-01 5.336408969014883041e-03 1.000000000000000000e+00
8.086274266242980957e-01 2.674048542976379395e-01 5.582468118518590927e-03 1.000000000000000000e+00
8.023529648780822754e-01 2.651903033256530762e-01 5.828527268022298813e-03 1.000000000000000000e+00
7.960784435272216797e-01 2.629757821559906006e-01 6.074586883187294006e-03 1.000000000000000000e+00
7.898039221763610840e-01 2.607612311840057373e-01 6.320646032691001892e-03 1.000000000000000000e+00
7.835294008255004883e-01 2.585467100143432617e-01 6.566705182194709778e-03 1.000000000000000000e+00
7.772548794746398926e-01 2.563321888446807861e-01 6.812764331698417664e-03 1.000000000000000000e+00
7.709804177284240723e-01 2.541176378726959229e-01 7.058823481202125549e-03 1.000000000000000000e+00
7.647058963775634766e-01 2.519031167030334473e-01 7.304882630705833435e-03 1.000000000000000000e+00
7.584313750267028809e-01 2.496885806322097778e-01 7.550941780209541321e-03 1.000000000000000000e+00
7.521568536758422852e-01 2.474740445613861084e-01 7.797000929713249207e-03 1.000000000000000000e+00
7.458823323249816895e-01 2.452595084905624390e-01 8.043060079216957092e-03 1.000000000000000000e+00
7.396078705787658691e-01 2.430449873208999634e-01 8.289119228720664978e-03 1.000000000000000000e+00
7.333333492279052734e-01 2.408304512500762939e-01 8.535178378224372864e-03 1.000000000000000000e+00
7.270588278770446777e-01 2.386159151792526245e-01 8.781237527728080750e-03 1.000000000000000000e+00
7.207843065261840820e-01 2.364013791084289551e-01 9.027297608554363251e-03 1.000000000000000000e+00
7.145097851753234863e-01 2.341868579387664795e-01 9.273356758058071136e-03 1.000000000000000000e+00
7.082353234291076660e-01 2.319723218679428101e-01 9.519415907561779022e-03 1.000000000000000000e+00
7.019608020782470703e-01 2.297577857971191406e-01 9.765475057065486908e-03 1.000000000000000000e+00
6.956862807273864746e-01 2.275432497262954712e-01 1.001153420656919479e-02 1.000000000000000000e+00
6.894117593765258789e-01 2.253287136554718018e-01 1.025759335607290268e-02 1.000000000000000000e+00
6.831372380256652832e-01 2.231141924858093262e-01 1.050365250557661057e-02 1.000000000000000000e+00
6.768627166748046875e-01 2.208996564149856567e-01 1.074971165508031845e-02 1.000000000000000000e+00
6.705882549285888672e-01 2.186851203441619873e-01 1.099577080458402634e-02 1.000000000000000000e+00
6.643137335777282715e-01 2.164705842733383179e-01 1.124182995408773422e-02 1.000000000000000000e+00
6.580392122268676758e-01 2.142560482025146484e-01 1.148788910359144211e-02 1.000000000000000000e+00
6.517646908760070801e-01 2.120415270328521729e-01 1.173394825309514999e-02 1.000000000000000000e+00
6.467819809913635254e-01 2.101499438285827637e-01 1.187235675752162933e-02 1.000000000000000000e+00
6.419838666915893555e-01 2.083044946193695068e-01 1.199538633227348328e-02 1.000000000000000000e+00
6.371856927871704102e-01 2.064590603113174438e-01 1.211841590702533722e-02 1.000000000000000000e+00
6.323875188827514648e-01 2.046136111021041870e-01 1.224144548177719116e-02 1.000000000000000000e+00
6.275894045829772949e-01 2.027681618928909302e-01 1.236447505652904510e-02 1.000000000000000000e+00
6.227912306785583496e-01 2.009227275848388672e-01 1.248750463128089905e-02 1.000000000000000000e+00
6.179930567741394043e-01 1.990772783756256104e-01 1.261053420603275299e-02 1.000000000000000000e+00
6.131949424743652344e-01 1.972318291664123535e-01 1.273356378078460693e-02 1.000000000000000000e+00
6.083967685699462891e-01 1.953863948583602905e-01 1.285659335553646088e-02 1.000000000000000000e+00
6.035985946655273438e-01 1.935409456491470337e-01 1.297962293028831482e-02 1.000000000000000000e+00
5.988004803657531738e-01 1.916954964399337769e-01 1.310265250504016876e-02 1.000000000000000000e+00
5.940023064613342285e-01 1.898500621318817139e-01 1.322568207979202271e-02 1.000000000000000000e+00
5.892041325569152832e-01 1.880046129226684570e-01 1.334871165454387665e-02 1.000000000000000000e+00
5.844060182571411133e-01 1.861591637134552002e-01 1.347174122929573059e-02 1.000000000000000000e+00
5.796078443527221680e-01 1.843137294054031372e-01 1.359477080404758453e-02 1.000000000000000000e+00
5.748096704483032227e-01 1.824682801961898804e-01 1.371780131012201309e-02 1.000000000000000000e+00
5.700115561485290527e-01 1.806228309869766235e-01 1.384083088487386703e-02 1.000000000000000000e+00
5.652133822441101074e-01 1.787773966789245605e-01 1.396386045962572098e-02 1.000000000000000000e+00
5.604152083396911621e-01 1.769319474697113037e-01 1.408689003437757492e-02 1.000000000000000000e+00
5.556170940399169922e-01 1.750864982604980469e-01 1.420991960912942886e-02 1.000000000000000000e+00
5.508189201354980469e-01 1.732410639524459839e-01 1.433294918388128281e-02 1.000000000000000000e+00
5.460207462310791016e-01 1.713956147432327271e-01 1.445597875863313675e-02 1.000000000000000000e+00
5.412226319313049316e-01 1.695501804351806641e-01 1.457900833338499069e-02 1.000000000000000000e+00
5.364244580268859863e-01 1.677047312259674072e-01 1.470203790813684464e-02 1.000000000000000000e+00
5.316262841224670410e-01 1.658592820167541504e-01 1.482506748288869858e-02 1.000000000000000000e+00
5.268281698226928711e-01 1.640138477087020874e-01 1.494809705764055252e-02 1.000000000000000000e+00
5.220299959182739258e-01 1.621683984994888306e-01 1.507112663239240646e-02 1.000000000000000000e+00
5.172318220138549805e-01 1.603229492902755737e-01 1.519415620714426041e-02 1.000000000000000000e+00
5.124337077140808105e-01 1.584775149822235107e-01 1.531718578189611435e-02 1.000000000000000000e+00
5.076355338096618652e-01 1.566320657730102539e-01 1.544021535664796829e-02 1.000000000000000000e+00
5.028373599052429199e-01 1.547866165637969971e-01 1.556324493139982224e-02 1.000000000000000000e+00
4.980392158031463623e-01 1.529411822557449341e-01 1.568627543747425079e-02 1.000000000000000000e+00
