6.509804129600524902e-01 8.078431487083435059e-01 8.901960849761962891e-01 1.000000000000000000e+00
1.215686276555061340e-01 4.705882370471954346e-01 7.058823704719543457e-01 1.000000000000000000e+00
6.980392336845397949e-01 8.745098114013671875e-01 5.411764979362487793e-01 1.000000000000000000e+00
2.000000029802322388e-01 6.274510025978088379e-01 1.725490242242813110e-01 1.000000000000000000e+00
9.843137264251708984e-01 6.039215922355651855e-01 6.000000238418579102e-01 1.000000000000000000e+00
8.901960849761962891e-01 1.019607856869697571e-01 1.098039224743843079e-01 1.000000000000000000e+00
9.921568632125854492e-01 7.490196228027343750e-01 4.352941215038299561e-01 1.000000000000000000e+00
1.000000000000000000e+00 4.980392158031463623e-01 0.000000000000000000e+00 1.000000000000000000e+00
7.921568751335144043e-01 6.980392336845397949e-01 8.392156958580017090e-01 1.000000000000000000e+00
4.156862795352935791e-01 2.392156869173049927e-01 6.039215922355651855e-01 1.000000000000000000e+00
1.000000000000000000e+00 1.000000000000000000e+00 6.000000238418579102e-01 1.000000000000000000e+00
6.941176652908325195e-01 3.490196168422698975e-01 1.568627506494522095e-01 1.000000000000000000e+00
