5.038300156593322754e-02 2.980300039052963257e-02 5.279750227928161621e-01 1.000000000000000000e+00
6.353600323200225830e-02 2.842600084841251373e-02 5.331240296363830566e-01 1.000000000000000000e+00
7.535299658775329590e-02 2.720599994063377380e-02 5.380070209503173828e-01 1.000000000000000000e+00
8.622200042009353638e-02 2.612500078976154327e-02 5.426579713821411133e-01 1.000000000000000000e+00
9.637899696826934814e-02 2.516500093042850494e-02 5.471029877662658691e-01 1.000000000000000000e+00
1.059800013899803162e-01 2.430900000035762787e-02 5.513679981231689453e-01 1.000000000000000000e+00
1.151240020990371704e-01 2.355599962174892426e-02 5.554680228233337402e-01 1.000000000000000000e+00
1.239029988646507263e-01 2.287800051271915436e-02 5.594230294227600098e-01 1.000000000000000000e+00
1.323810070753097534e-01 2.225800044834613800e-02 5.632500052452087402e-01 1.000000000000000000e+00
1.406030058860778809e-01 2.168699912726879120e-02 5.669590234756469727e-01 1.000000000000000000e+00
1.486070007085800171e-01 2.115399949252605438e-02 5.705620050430297852e-01 1.000000000000000000e+00
1.564210057258605957e-01 2.065099962055683136e-02 5.740650296211242676e-01 1.000000000000000000e+00
1.640699952840805054e-01 2.017099969089031219e-02 5.774779915809631348e-01 1.000000000000000000e+00
1.715739965438842773e-01 1.970599964261054993e-02 5.808060169219970703e-01 1.000000000000000000e+00
1.789499968290328979e-01 1.925200037658214569e-02 5.840539932250976562e-01 1.000000000000000000e+00
1.862130016088485718e-01 1.880300045013427734e-02 5.872280001640319824e-01 1.000000000000000000e+00
1.933739930391311646e-01 1.835400052368640900e-02 5.903300046920776367e-01 1.000000000000000000e+00
2.004449963569641113e-01 1.790199987590312958e-02 5.933640003204345703e-01 1.000000000000000000e+00
2.074349969625473022e-01 1.744199916720390320e-02 5.963330268859863281e-01 1.000000000000000000e+00
2.143500000238418579e-01 1.697300001978874207e-02 5.992389917373657227e-01 1.000000000000000000e+00
2.211969941854476929e-01 1.649699918925762177e-02 6.020830273628234863e-01 1.000000000000000000e+00
2.279829978942871094e-01 1.600700058043003082e-02 6.048669815063476562e-01 1.000000000000000000e+00
2.347149997949600220e-01 1.550200022757053375e-02 6.075919866561889648e-01 1.000000000000000000e+00
2.413959950208663940e-01 1.497900020331144333e-02 6.102589964866638184e-01 1.000000000000000000e+00
2.480320036411285400e-01 1.443899981677532196e-02 6.128680109977722168e-01 1.000000000000000000e+00
2.546269893646240234e-01 1.388199999928474426e-02 6.154189705848693848e-01 1.000000000000000000e+00
2.611829936504364014e-01 1.330799981951713562e-02 6.179109811782836914e-01 1.000000000000000000e+00
2.677029967308044434e-01 1.271599996834993362e-02 6.203460097312927246e-01 1.000000000000000000e+00
2.741909921169281006e-01 1.210900023579597473e-02 6.227220296859741211e-01 1.000000000000000000e+00
2.806479930877685547e-01 1.148799993097782135e-02 6.250380277633666992e-01 1.000000000000000000e+00
2.870759963989257812e-01 1.085499953478574753e-02 6.272950172424316406e-01 1.000000000000000000e+00
2.934780120849609375e-01 1.021299976855516434e-02 6.294900178909301758e-01 1.000000000000000000e+00
2.998549938201904297e-01 9.561000391840934753e-03 6.316239833831787109e-01 1.000000000000000000e+00
3.062100112438201904e-01 8.902000263333320618e-03 6.336939930915832520e-01 1.000000000000000000e+00
3.125430047512054443e-01 8.239000104367733002e-03 6.356999874114990234e-01 1.000000000000000000e+00
3.188560009002685547e-01 7.575999945402145386e-03 6.376399993896484375e-01 1.000000000000000000e+00
3.251500129699707031e-01 6.914999801665544510e-03 6.395120024681091309e-01 1.000000000000000000e+00
3.314259946346282959e-01 6.260999944061040878e-03 6.413159966468811035e-01 1.000000000000000000e+00
3.376829922199249268e-01 5.617999937385320663e-03 6.430490016937255859e-01 1.000000000000000000e+00
3.439249992370605469e-01 4.991000052541494370e-03 6.447100043296813965e-01 1.000000000000000000e+00
3.501499891281127930e-01 4.381999839097261429e-03 6.462979912757873535e-01 1.000000000000000000e+00
3.563590049743652344e-01 3.798000048846006393e-03 6.478099822998046875e-01 1.000000000000000000e+00
3.625530004501342773e-01 3.243000013753771782e-03 6.492450237274169922e-01 1.000000000000000000e+00
3.687329888343811035e-01 2.724000019952654839e-03 6.506010293960571289e-01 1.000000000000000000e+00
3.748970031738281250e-01 2.245000097900629044e-03 6.518759727478027344e-01 1.000000000000000000e+00
3.810470104217529297e-01 1.813999959267675877e-03 6.530680060386657715e-01 1.000000000000000000e+00
3.871830105781555176e-01 1.433999976143240929e-03 6.541770100593566895e-01 1.000000000000000000e+00
3.933039903640747070e-01 1.113999984227120876e-03 6.551989912986755371e-01 1.000000000000000000e+00
3.994109928607940674e-01 8.590000215917825699e-04 6.561329960823059082e-01 1.000000000000000000e+00
4.055030047893524170e-01 6.779999821446835995e-04 6.569769978523254395e-01 1.000000000000000000e+00
4.115799963474273682e-01 5.770000279881060123e-04 6.577299833297729492e-01 1.000000000000000000e+00
4.176419973373413086e-01 5.639999872073531151e-04 6.583899855613708496e-01 1.000000000000000000e+00
4.236890077590942383e-01 6.459999713115394115e-04 6.589559912681579590e-01 1.000000000000000000e+00
4.297190010547637939e-01 8.309999830089509487e-04 6.594250202178955078e-01 1.000000000000000000e+00
4.357340037822723389e-01 1.126999966800212860e-03 6.597970128059387207e-01 1.000000000000000000e+00
4.417319893836975098e-01 1.539999968372285366e-03 6.600689888000488281e-01 1.000000000000000000e+00
4.477140009403228760e-01 2.080000005662441254e-03 6.602399945259094238e-01 1.000000000000000000e+00
4.536769986152648926e-01 2.755000023171305656e-03 6.603099703788757324e-01 1.000000000000000000e+00
4.596230089664459229e-01 3.573999973013997078e-03 6.602770090103149414e-01 1.000000000000000000e+00
4.655500054359436035e-01 4.544999916106462479e-03 6.601390242576599121e-01 1.000000000000000000e+00
4.714570045471191406e-01 5.677999928593635559e-03 6.598970293998718262e-01 1.000000000000000000e+00
4.773440062999725342e-01 6.980000063776969910e-03 6.595489978790283203e-01 1.000000000000000000e+00
4.832099974155426025e-01 8.460000157356262207e-03 6.590949892997741699e-01 1.000000000000000000e+00
4.890550076961517334e-01 1.012699957937002182e-02 6.585339903831481934e-01 1.000000000000000000e+00
4.948770105838775635e-01 1.198999956250190735e-02 6.578649878501892090e-01 1.000000000000000000e+00
5.006780028343200684e-01 1.405499968677759171e-02 6.570879817008972168e-01 1.000000000000000000e+00
5.064539909362792969e-01 1.633300073444843292e-02 6.562020182609558105e-01 1.000000000000000000e+00
5.122060179710388184e-01 1.883300021290779114e-02 6.552090048789978027e-01 1.000000000000000000e+00
5.179330110549926758e-01 2.156299911439418793e-02 6.541090011596679688e-01 1.000000000000000000e+00
5.236330032348632812e-01 2.453199960291385651e-02 6.529009938240051270e-01 1.000000000000000000e+00
5.293059945106506348e-01 2.774699963629245758e-02 6.515859961509704590e-01 1.000000000000000000e+00
5.349519848823547363e-01 3.121699951589107513e-02 6.501650214195251465e-01 1.000000000000000000e+00
5.405700206756591797e-01 3.494999930262565613e-02 6.486399769783020020e-01 1.000000000000000000e+00
5.461570024490356445e-01 3.895400092005729675e-02 6.470100283622741699e-01 1.000000000000000000e+00
5.517150163650512695e-01 4.313600063323974609e-02 6.452770233154296875e-01 1.000000000000000000e+00
5.572429895401000977e-01 4.733100160956382751e-02 6.434429883956909180e-01 1.000000000000000000e+00
5.627380013465881348e-01 5.154500156641006470e-02 6.415089964866638184e-01 1.000000000000000000e+00
5.682010054588317871e-01 5.577800050377845764e-02 6.394770145416259766e-01 1.000000000000000000e+00
5.736320018768310547e-01 6.002800166606903076e-02 6.373490095138549805e-01 1.000000000000000000e+00
5.790290236473083496e-01 6.429599970579147339e-02 6.351259946823120117e-01 1.000000000000000000e+00
5.843909978866577148e-01 6.857900321483612061e-02 6.328120231628417969e-01 1.000000000000000000e+00
5.897189974784851074e-01 7.287800312042236328e-02 6.304079890251159668e-01 1.000000000000000000e+00
5.950109958648681641e-01 7.718999683856964111e-02 6.279169917106628418e-01 1.000000000000000000e+00
6.002659797668457031e-01 8.151599764823913574e-02 6.253420114517211914e-01 1.000000000000000000e+00
6.054850220680236816e-01 8.585400134325027466e-02 6.226860284805297852e-01 1.000000000000000000e+00
6.106669902801513672e-01 9.020400047302246094e-02 6.199510097503662109e-01 1.000000000000000000e+00
6.158120036125183105e-01 9.456399828195571899e-02 6.171399950981140137e-01 1.000000000000000000e+00
6.209189891815185547e-01 9.893400222063064575e-02 6.142569780349731445e-01 1.000000000000000000e+00
6.259869933128356934e-01 1.033120006322860718e-01 6.113049983978271484e-01 1.000000000000000000e+00
6.310170292854309082e-01 1.076989993453025818e-01 6.082869768142700195e-01 1.000000000000000000e+00
6.360080242156982422e-01 1.120920032262802124e-01 6.052049994468688965e-01 1.000000000000000000e+00
6.409590244293212891e-01 1.164920032024383545e-01 6.020650267601013184e-01 1.000000000000000000e+00
6.458719968795776367e-01 1.208980008959770203e-01 5.988669991493225098e-01 1.000000000000000000e+00
6.507459878921508789e-01 1.253090053796768188e-01 5.956169962882995605e-01 1.000000000000000000e+00
6.555799841880798340e-01 1.297249943017959595e-01 5.923169851303100586e-01 1.000000000000000000e+00
6.603739857673645020e-01 1.341439932584762573e-01 5.889710187911987305e-01 1.000000000000000000e+00
6.651290059089660645e-01 1.385660022497177124e-01 5.855820178985595703e-01 1.000000000000000000e+00
6.698449850082397461e-01 1.429920047521591187e-01 5.821539759635925293e-01 1.000000000000000000e+00
6.745219826698303223e-01 1.474190056324005127e-01 5.786880254745483398e-01 1.000000000000000000e+00
6.791599988937377930e-01 1.518480032682418823e-01 5.751889944076538086e-01 1.000000000000000000e+00
6.837580204010009766e-01 1.562779992818832397e-01 5.716599822044372559e-01 1.000000000000000000e+00
6.883180141448974609e-01 1.607089936733245850e-01 5.681030154228210449e-01 1.000000000000000000e+00
6.928399801254272461e-01 1.651410013437271118e-01 5.645220279693603516e-01 1.000000000000000000e+00
6.973239779472351074e-01 1.695729941129684448e-01 5.609189867973327637e-01 1.000000000000000000e+00
7.017689943313598633e-01 1.740050017833709717e-01 5.572959780693054199e-01 1.000000000000000000e+00
7.061780095100402832e-01 1.784369945526123047e-01 5.536569952964782715e-01 1.000000000000000000e+00
7.105489969253540039e-01 1.828680038452148438e-01 5.500040054321289062e-01 1.000000000000000000e+00
7.148830294609069824e-01 1.872989982366561890e-01 5.463380217552185059e-01 1.000000000000000000e+00
7.191810011863708496e-01 1.917289942502975464e-01 5.426629781723022461e-01 1.000000000000000000e+00
7.234439849853515625e-01 1.961580067873001099e-01 5.389810204505920410e-01 1.000000000000000000e+00
7.276700139045715332e-01 2.005860060453414917e-01 5.352929830551147461e-01 1.000000000000000000e+00
7.318620085716247559e-01 2.050130069255828857e-01 5.316010117530822754e-01 1.000000000000000000e+00
7.360190153121948242e-01 2.094389945268630981e-01 5.279080271720886230e-01 1.000000000000000000e+00
7.401430010795593262e-01 2.138639986515045166e-01 5.242159962654113770e-01 1.000000000000000000e+00
7.442319989204406738e-01 2.182880043983459473e-01 5.205240249633789062e-01 1.000000000000000000e+00
7.482889890670776367e-01 2.227109968662261963e-01 5.168340206146240234e-01 1.000000000000000000e+00
7.523120045661926270e-01 2.271330058574676514e-01 5.131490230560302734e-01 1.000000000000000000e+00
7.563040256500244141e-01 2.315549999475479126e-01 5.094680190086364746e-01 1.000000000000000000e+00
7.602639794349670410e-01 2.359759956598281860e-01 5.057939887046813965e-01 1.000000000000000000e+00
7.641929984092712402e-01 2.403959929943084717e-01 5.021259784698486328e-01 1.000000000000000000e+00
7.680900096893310547e-01 2.448170036077499390e-01 4.984650015830993652e-01 1.000000000000000000e+00
7.719579935073852539e-01 2.492370009422302246e-01 4.948129951953887939e-01 1.000000000000000000e+00
7.757959961891174316e-01 2.536579966545104980e-01 4.911710023880004883e-01 1.000000000000000000e+00
7.796040177345275879e-01 2.580780088901519775e-01 4.875389933586120605e-01 1.000000000000000000e+00
7.833830118179321289e-01 2.624999880790710449e-01 4.839180111885070801e-01 1.000000000000000000e+00
7.871329784393310547e-01 2.669219970703125000e-01 4.803070127964019775e-01 1.000000000000000000e+00
7.908549904823303223e-01 2.713449895381927490e-01 4.767059981822967529e-01 1.000000000000000000e+00
7.945489883422851562e-01 2.757700085639953613e-01 4.731169939041137695e-01 1.000000000000000000e+00
7.982159852981567383e-01 2.801969945430755615e-01 4.695380032062530518e-01 1.000000000000000000e+00
8.018550276756286621e-01 2.846260070800781250e-01 4.659709930419921875e-01 1.000000000000000000e+00
8.054670095443725586e-01 2.890569865703582764e-01 4.624150097370147705e-01 1.000000000000000000e+00
8.090519905090332031e-01 2.934910058975219727e-01 4.588699936866760254e-01 1.000000000000000000e+00
8.126119971275329590e-01 2.979280054569244385e-01 4.553380012512207031e-01 1.000000000000000000e+00
8.161439895629882812e-01 3.023679852485656738e-01 4.518159925937652588e-01 1.000000000000000000e+00
8.196510076522827148e-01 3.068119883537292480e-01 4.483059942722320557e-01 1.000000000000000000e+00
8.231319785118103027e-01 3.112609982490539551e-01 4.448060095310211182e-01 1.000000000000000000e+00
8.265879750251770020e-01 3.157140016555786133e-01 4.413160085678100586e-01 1.000000000000000000e+00
8.300179839134216309e-01 3.201720118522644043e-01 4.378359913825988770e-01 1.000000000000000000e+00
8.334220051765441895e-01 3.246349990367889404e-01 4.343659877777099609e-01 1.000000000000000000e+00
8.368009924888610840e-01 3.291049897670745850e-01 4.309050142765045166e-01 1.000000000000000000e+00
8.401550054550170898e-01 3.335799872875213623e-01 4.274550080299377441e-01 1.000000000000000000e+00
8.434839844703674316e-01 3.380619883537292480e-01 4.240129888057708740e-01 1.000000000000000000e+00
8.467879891395568848e-01 3.425509929656982422e-01 4.205789864063262939e-01 1.000000000000000000e+00
8.500660061836242676e-01 3.470480144023895264e-01 4.171530008316040039e-01 1.000000000000000000e+00
8.533189892768859863e-01 3.515529930591583252e-01 4.137339890003204346e-01 1.000000000000000000e+00
8.565469980239868164e-01 3.560659885406494141e-01 4.103220105171203613e-01 1.000000000000000000e+00
8.597499728202819824e-01 3.605880141258239746e-01 4.069170057773590088e-01 1.000000000000000000e+00
8.629270195960998535e-01 3.651190102100372314e-01 4.035190045833587646e-01 1.000000000000000000e+00
8.660780191421508789e-01 3.696599900722503662e-01 4.001260101795196533e-01 1.000000000000000000e+00
8.692029714584350586e-01 3.742119967937469482e-01 3.967379927635192871e-01 1.000000000000000000e+00
8.723030090332031250e-01 3.787739872932434082e-01 3.933550119400024414e-01 1.000000000000000000e+00
8.753759860992431641e-01 3.833470046520233154e-01 3.899759948253631592e-01 1.000000000000000000e+00
8.784229755401611328e-01 3.879320025444030762e-01 3.865999877452850342e-01 1.000000000000000000e+00
8.814430236816406250e-01 3.925290107727050781e-01 3.832289874553680420e-01 1.000000000000000000e+00
8.844360113143920898e-01 3.971390128135681152e-01 3.798600137233734131e-01 1.000000000000000000e+00
8.874019980430603027e-01 4.017620086669921875e-01 3.764939904212951660e-01 1.000000000000000000e+00
8.903399705886840820e-01 4.063979983329772949e-01 3.731299936771392822e-01 1.000000000000000000e+00
8.932499885559082031e-01 4.110479950904846191e-01 3.697679936885833740e-01 1.000000000000000000e+00
8.961309790611267090e-01 4.157119989395141602e-01 3.664070069789886475e-01 1.000000000000000000e+00
8.989840149879455566e-01 4.203920066356658936e-01 3.630470037460327148e-01 1.000000000000000000e+00
9.018070101737976074e-01 4.250870048999786377e-01 3.596880137920379639e-01 1.000000000000000000e+00
9.046009778976440430e-01 4.297969937324523926e-01 3.563289940357208252e-01 1.000000000000000000e+00
9.073650240898132324e-01 4.345239996910095215e-01 3.529700040817260742e-01 1.000000000000000000e+00
9.100980162620544434e-01 4.392679929733276367e-01 3.496100008487701416e-01 1.000000000000000000e+00
9.128000140190124512e-01 4.440290033817291260e-01 3.462510108947753906e-01 1.000000000000000000e+00
9.154710173606872559e-01 4.488070011138916016e-01 3.428899943828582764e-01 1.000000000000000000e+00
9.181089997291564941e-01 4.536029994487762451e-01 3.395290076732635498e-01 1.000000000000000000e+00
9.207140207290649414e-01 4.584169983863830566e-01 3.361659944057464600e-01 1.000000000000000000e+00
9.232869744300842285e-01 4.632509946823120117e-01 3.328010141849517822e-01 1.000000000000000000e+00
9.258249998092651367e-01 4.681029915809631348e-01 3.294349908828735352e-01 1.000000000000000000e+00
9.283289909362792969e-01 4.729749858379364014e-01 3.260670006275177002e-01 1.000000000000000000e+00
9.307979941368103027e-01 4.778670072555541992e-01 3.226970136165618896e-01 1.000000000000000000e+00
9.332320094108581543e-01 4.827800095081329346e-01 3.193250000476837158e-01 1.000000000000000000e+00
9.356300234794616699e-01 4.877119958400726318e-01 3.159520030021667480e-01 1.000000000000000000e+00
9.379900097846984863e-01 4.926669895648956299e-01 3.125750124454498291e-01 1.000000000000000000e+00
9.403129816055297852e-01 4.976420104503631592e-01 3.091970086097717285e-01 1.000000000000000000e+00
9.425979852676391602e-01 5.026389956474304199e-01 3.058159947395324707e-01 1.000000000000000000e+00
9.448440074920654297e-01 5.076580047607421875e-01 3.024330139160156250e-01 1.000000000000000000e+00
9.470509886741638184e-01 5.126990079879760742e-01 2.990489900112152100e-01 1.000000000000000000e+00
9.492170214653015137e-01 5.177630186080932617e-01 2.956619858741760254e-01 1.000000000000000000e+00
9.513440132141113281e-01 5.228499770164489746e-01 2.922750115394592285e-01 1.000000000000000000e+00
9.534279704093933105e-01 5.279600024223327637e-01 2.888830006122589111e-01 1.000000000000000000e+00
9.554700255393981934e-01 5.330929756164550781e-01 2.854900062084197998e-01 1.000000000000000000e+00
9.574689865112304688e-01 5.382500290870666504e-01 2.820959985256195068e-01 1.000000000000000000e+00
9.594240188598632812e-01 5.434309840202331543e-01 2.787010073661804199e-01 1.000000000000000000e+00
9.613360166549682617e-01 5.486360192298889160e-01 2.753050029277801514e-01 1.000000000000000000e+00
9.632030129432678223e-01 5.538650155067443848e-01 2.719089984893798828e-01 1.000000000000000000e+00
9.650239944458007812e-01 5.591179728507995605e-01 2.685129940509796143e-01 1.000000000000000000e+00
9.667980074882507324e-01 5.643960237503051758e-01 2.651180028915405273e-01 1.000000000000000000e+00
9.685260057449340820e-01 5.697000026702880859e-01 2.617209851741790771e-01 1.000000000000000000e+00
9.702050089836120605e-01 5.750280022621154785e-01 2.583250105381011963e-01 1.000000000000000000e+00
9.718350172042846680e-01 5.803819894790649414e-01 2.549310028553009033e-01 1.000000000000000000e+00
9.734159708023071289e-01 5.857610106468200684e-01 2.515400052070617676e-01 1.000000000000000000e+00
9.749469757080078125e-01 5.911650061607360840e-01 2.481510043144226074e-01 1.000000000000000000e+00
9.764279723167419434e-01 5.965949892997741699e-01 2.447669953107833862e-01 1.000000000000000000e+00
9.778559803962707520e-01 6.020510196685791016e-01 2.413869947195053101e-01 1.000000000000000000e+00
9.792330265045166016e-01 6.075320243835449219e-01 2.380129992961883545e-01 1.000000000000000000e+00
9.805560111999511719e-01 6.130390167236328125e-01 2.346460074186325073e-01 1.000000000000000000e+00
9.818260073661804199e-01 6.185719966888427734e-01 2.312870025634765625e-01 1.000000000000000000e+00
9.830409884452819824e-01 6.241310238838195801e-01 2.279369980096817017e-01 1.000000000000000000e+00
9.841989874839782715e-01 6.297180056571960449e-01 2.245949953794479370e-01 1.000000000000000000e+00
9.853010177612304688e-01 6.353300213813781738e-01 2.212650030851364136e-01 1.000000000000000000e+00
9.863449931144714355e-01 6.409689784049987793e-01 2.179480046033859253e-01 1.000000000000000000e+00
9.873319864273071289e-01 6.466330289840698242e-01 2.146479934453964233e-01 1.000000000000000000e+00
9.882599711418151855e-01 6.523249745368957520e-01 2.113640010356903076e-01 1.000000000000000000e+00
9.891279935836791992e-01 6.580430269241333008e-01 2.081000059843063354e-01 1.000000000000000000e+00
9.899349808692932129e-01 6.637870073318481445e-01 2.048590034246444702e-01 1.000000000000000000e+00
9.906809926033020020e-01 6.695579886436462402e-01 2.016420066356658936e-01 1.000000000000000000e+00
9.913650155067443848e-01 6.753550171852111816e-01 1.984529942274093628e-01 1.000000000000000000e+00
9.919850230216979980e-01 6.811789870262145996e-01 1.952950060367584229e-01 1.000000000000000000e+00
9.925410151481628418e-01 6.870300173759460449e-01 1.921699941158294678e-01 1.000000000000000000e+00
9.930319786071777344e-01 6.929069757461547852e-01 1.890839934349060059e-01 1.000000000000000000e+00
9.934560060501098633e-01 6.988099813461303711e-01 1.860409975051879883e-01 1.000000000000000000e+00
9.938139915466308594e-01 7.047410011291503906e-01 1.830430030822753906e-01 1.000000000000000000e+00
9.941030144691467285e-01 7.106980085372924805e-01 1.800969988107681274e-01 1.000000000000000000e+00
9.943240284919738770e-01 7.166810035705566406e-01 1.772080063819885254e-01 1.000000000000000000e+00
9.944739937782287598e-01 7.226909995079040527e-01 1.743810027837753296e-01 1.000000000000000000e+00
9.945530295372009277e-01 7.287279963493347168e-01 1.716219931840896606e-01 1.000000000000000000e+00
9.945610165596008301e-01 7.347909808158874512e-01 1.689379960298538208e-01 1.000000000000000000e+00
9.944949746131896973e-01 7.408800125122070312e-01 1.663350015878677368e-01 1.000000000000000000e+00
9.943550229072570801e-01 7.469949722290039062e-01 1.638209968805313110e-01 1.000000000000000000e+00
9.941409826278686523e-01 7.531369924545288086e-01 1.614039987325668335e-01 1.000000000000000000e+00
9.938510060310363770e-01 7.593039870262145996e-01 1.590919941663742065e-01 1.000000000000000000e+00
9.934819936752319336e-01 7.654989957809448242e-01 1.568910032510757446e-01 1.000000000000000000e+00
9.930329918861389160e-01 7.717199921607971191e-01 1.548079997301101685e-01 1.000000000000000000e+00
9.925050139427185059e-01 7.779669761657714844e-01 1.528549939393997192e-01 1.000000000000000000e+00
9.918969869613647461e-01 7.842389941215515137e-01 1.510419994592666626e-01 1.000000000000000000e+00
9.912089705467224121e-01 7.905369997024536133e-01 1.493770033121109009e-01 1.000000000000000000e+00
9.904389977455139160e-01 7.968590259552001953e-01 1.478700041770935059e-01 1.000000000000000000e+00
9.895870089530944824e-01 8.032050132751464844e-01 1.465290039777755737e-01 1.000000000000000000e+00
9.886479973793029785e-01 8.095790147781372070e-01 1.453569978475570679e-01 1.000000000000000000e+00
9.876210093498229980e-01 8.159779906272888184e-01 1.443630009889602661e-01 1.000000000000000000e+00
9.865090250968933105e-01 8.224009871482849121e-01 1.435569971799850464e-01 1.000000000000000000e+00
9.853140115737915039e-01 8.288459777832031250e-01 1.429450064897537231e-01 1.000000000000000000e+00
9.840310215950012207e-01 8.353149890899658203e-01 1.425279974937438965e-01 1.000000000000000000e+00
9.826530218124389648e-01 8.418120145797729492e-01 1.423030048608779907e-01 1.000000000000000000e+00
9.811900258064270020e-01 8.483290076255798340e-01 1.422789990901947021e-01 1.000000000000000000e+00
9.796440005302429199e-01 8.548660278320312500e-01 1.424529999494552612e-01 1.000000000000000000e+00
9.779949784278869629e-01 8.614320158958435059e-01 1.428080052137374878e-01 1.000000000000000000e+00
9.762650132179260254e-01 8.680160045623779297e-01 1.433510035276412964e-01 1.000000000000000000e+00
9.744430184364318848e-01 8.746219873428344727e-01 1.440609991550445557e-01 1.000000000000000000e+00
9.725300073623657227e-01 8.812500238418579102e-01 1.449230015277862549e-01 1.000000000000000000e+00
9.705330133438110352e-01 8.878960013389587402e-01 1.459189951419830322e-01 1.000000000000000000e+00
9.684429764747619629e-01 8.945639729499816895e-01 1.470140069723129272e-01 1.000000000000000000e+00
9.662709832191467285e-01 9.012489914894104004e-01 1.481799930334091187e-01 1.000000000000000000e+00
9.640210270881652832e-01 9.079499840736389160e-01 1.493699997663497925e-01 1.000000000000000000e+00
9.616810083389282227e-01 9.146720170974731445e-01 1.505199968814849854e-01 1.000000000000000000e+00
9.592760205268859863e-01 9.214069843292236328e-01 1.515659987926483154e-01 1.000000000000000000e+00
9.568079710006713867e-01 9.281520247459411621e-01 1.524090021848678589e-01 1.000000000000000000e+00
9.542869925498962402e-01 9.349079728126525879e-01 1.529210060834884644e-01 1.000000000000000000e+00
9.517260193824768066e-01 9.416710138320922852e-01 1.529249995946884155e-01 1.000000000000000000e+00
9.491509795188903809e-01 9.484350085258483887e-01 1.521780043840408325e-01 1.000000000000000000e+00
9.466019868850708008e-01 9.551900029182434082e-01 1.503279954195022583e-01 1.000000000000000000e+00
9.441519975662231445e-01 9.619160294532775879e-01 1.468610018491744995e-01 1.000000000000000000e+00
9.418960213661193848e-01 9.685900211334228516e-01 1.409559994935989380e-01 1.000000000000000000e+00
9.400150179862976074e-01 9.751579761505126953e-01 1.313260048627853394e-01 1.000000000000000000e+00
