2.509804069995880127e-01 0.000000000000000000e+00 2.941176593303680420e-01 1.000000000000000000e+00
2.592848837375640869e-01 6.459054071456193924e-03 3.027297258377075195e-01 1.000000000000000000e+00
2.675893902778625488e-01 1.291810814291238785e-02 3.113417923450469971e-01 1.000000000000000000e+00
2.758938968181610107e-01 1.937716268002986908e-02 3.199538588523864746e-01 1.000000000000000000e+00
2.841983735561370850e-01 2.583621628582477570e-02 3.285659253597259521e-01 1.000000000000000000e+00
2.925028800964355469e-01 3.229527175426483154e-02 3.371780216693878174e-01 1.000000000000000000e+00
3.008073866367340088e-01 3.875432536005973816e-02 3.457900881767272949e-01 1.000000000000000000e+00
3.091118931770324707e-01 4.521337896585464478e-02 3.544021546840667725e-01 1.000000000000000000e+00
3.174163699150085449e-01 5.167243257164955139e-02 3.630142211914062500e-01 1.000000000000000000e+00
3.257208764553070068e-01 5.813148617744445801e-02 3.716262876987457275e-01 1.000000000000000000e+00
3.340253829956054688e-01 6.459054350852966309e-02 3.802383840084075928e-01 1.000000000000000000e+00
3.423298597335815430e-01 7.104959338903427124e-02 3.888504505157470703e-01 1.000000000000000000e+00
3.506343662738800049e-01 7.750865072011947632e-02 3.974625170230865479e-01 1.000000000000000000e+00
3.589388728141784668e-01 8.396770805120468140e-02 4.060745835304260254e-01 1.000000000000000000e+00
3.672433793544769287e-01 9.042675793170928955e-02 4.146866500377655029e-01 1.000000000000000000e+00
3.755478560924530029e-01 9.688581526279449463e-02 4.232987165451049805e-01 1.000000000000000000e+00
3.838523626327514648e-01 1.033448651432991028e-01 4.319108128547668457e-01 1.000000000000000000e+00
3.921568691730499268e-01 1.098039224743843079e-01 4.405228793621063232e-01 1.000000000000000000e+00
4.004613757133483887e-01 1.162629723548889160e-01 4.491349458694458008e-01 1.000000000000000000e+00
4.087658524513244629e-01 1.227220296859741211e-01 4.577470123767852783e-01 1.000000000000000000e+00
4.170703589916229248e-01 1.291810870170593262e-01 4.663590788841247559e-01 1.000000000000000000e+00
4.253748655319213867e-01 1.356401443481445312e-01 4.749711751937866211e-01 1.000000000000000000e+00
4.336793422698974609e-01 1.420991867780685425e-01 4.835832417011260986e-01 1.000000000000000000e+00
4.419838488101959229e-01 1.485582441091537476e-01 4.921953082084655762e-01 1.000000000000000000e+00
4.502883553504943848e-01 1.550173014402389526e-01 5.008074045181274414e-01 1.000000000000000000e+00
4.585928618907928467e-01 1.614763587713241577e-01 5.094194412231445312e-01 1.000000000000000000e+00
4.654363691806793213e-01 1.700884252786636353e-01 5.168012380599975586e-01 1.000000000000000000e+00
4.708189070224761963e-01 1.808535158634185791e-01 5.229527354240417480e-01 1.000000000000000000e+00
4.762014746665954590e-01 1.916186064481735229e-01 5.291041731834411621e-01 1.000000000000000000e+00
4.815840125083923340e-01 2.023836970329284668e-01 5.352556705474853516e-01 1.000000000000000000e+00
4.869665503501892090e-01 2.131487876176834106e-01 5.414071679115295410e-01 1.000000000000000000e+00
4.923490881919860840e-01 2.239138782024383545e-01 5.475586056709289551e-01 1.000000000000000000e+00
4.977316558361053467e-01 2.346789687871932983e-01 5.537101030349731445e-01 1.000000000000000000e+00
5.031141638755798340e-01 2.454440593719482422e-01 5.598616003990173340e-01 1.000000000000000000e+00
5.084967613220214844e-01 2.562091648578643799e-01 5.660130977630615234e-01 1.000000000000000000e+00
5.138792991638183594e-01 2.669742405414581299e-01 5.721645355224609375e-01 1.000000000000000000e+00
5.192618370056152344e-01 2.777393162250518799e-01 5.783160328865051270e-01 1.000000000000000000e+00
5.246443748474121094e-01 2.885044217109680176e-01 5.844675302505493164e-01 1.000000000000000000e+00
5.300269126892089844e-01 2.992694973945617676e-01 5.906189680099487305e-01 1.000000000000000000e+00
5.354094505310058594e-01 3.100346028804779053e-01 5.967704653739929199e-01 1.000000000000000000e+00
5.407919883728027344e-01 3.207996785640716553e-01 6.029219627380371094e-01 1.000000000000000000e+00
5.461745262145996094e-01 3.315647840499877930e-01 6.090734601020812988e-01 1.000000000000000000e+00
5.515570640563964844e-01 3.423298597335815430e-01 6.152248978614807129e-01 1.000000000000000000e+00
5.569396615028381348e-01 3.530949652194976807e-01 6.213763952255249023e-01 1.000000000000000000e+00
5.623221993446350098e-01 3.638600409030914307e-01 6.275278925895690918e-01 1.000000000000000000e+00
5.677047371864318848e-01 3.746251463890075684e-01 6.336793303489685059e-01 1.000000000000000000e+00
5.730872750282287598e-01 3.853902220726013184e-01 6.398308277130126953e-01 1.000000000000000000e+00
5.784698128700256348e-01 3.961553275585174561e-01 6.459823250770568848e-01 1.000000000000000000e+00
5.838523507118225098e-01 4.069204032421112061e-01 6.521338224411010742e-01 1.000000000000000000e+00
5.892348885536193848e-01 4.176855087280273438e-01 6.582852602005004883e-01 1.000000000000000000e+00
5.946174263954162598e-01 4.284505844116210938e-01 6.644367575645446777e-01 1.000000000000000000e+00
6.000000238418579102e-01 4.392156898975372314e-01 6.705882549285888672e-01 1.000000000000000000e+00
6.063052415847778320e-01 4.473663866519927979e-01 6.761245727539062500e-01 1.000000000000000000e+00
6.126105189323425293e-01 4.555171132087707520e-01 6.816608905792236328e-01 1.000000000000000000e+00
6.189157962799072266e-01 4.636678099632263184e-01 6.871972084045410156e-01 1.000000000000000000e+00
6.252210736274719238e-01 4.718185365200042725e-01 6.927335858345031738e-01 1.000000000000000000e+00
6.315263509750366211e-01 4.799692332744598389e-01 6.982699036598205566e-01 1.000000000000000000e+00
6.378316283226013184e-01 4.881199598312377930e-01 7.038062214851379395e-01 1.000000000000000000e+00
6.441368460655212402e-01 4.962706565856933594e-01 7.093425393104553223e-01 1.000000000000000000e+00
6.504421234130859375e-01 5.044213533401489258e-01 7.148789167404174805e-01 1.000000000000000000e+00
6.567474007606506348e-01 5.125721096992492676e-01 7.204152345657348633e-01 1.000000000000000000e+00
6.630526781082153320e-01 5.207228064537048340e-01 7.259515523910522461e-01 1.000000000000000000e+00
6.693579554557800293e-01 5.288735032081604004e-01 7.314878702163696289e-01 1.000000000000000000e+00
6.756632328033447266e-01 5.370241999626159668e-01 7.370242476463317871e-01 1.000000000000000000e+00
6.819684505462646484e-01 5.451749563217163086e-01 7.425605654716491699e-01 1.000000000000000000e+00
6.882737278938293457e-01 5.533256530761718750e-01 7.480968832969665527e-01 1.000000000000000000e+00
6.945790052413940430e-01 5.614763498306274414e-01 7.536332011222839355e-01 1.000000000000000000e+00
7.008842825889587402e-01 5.696270465850830078e-01 7.591695785522460938e-01 1.000000000000000000e+00
7.071895599365234375e-01 5.777778029441833496e-01 7.647058963775634766e-01 1.000000000000000000e+00
7.134948372840881348e-01 5.859284996986389160e-01 7.702422142028808594e-01 1.000000000000000000e+00
7.198000550270080566e-01 5.940791964530944824e-01 7.757785320281982422e-01 1.000000000000000000e+00
7.261053323745727539e-01 6.022298932075500488e-01 7.813148498535156250e-01 1.000000000000000000e+00
7.324106097221374512e-01 6.103806495666503906e-01 7.868512272834777832e-01 1.000000000000000000e+00
7.387158870697021484e-01 6.185313463211059570e-01 7.923875451087951660e-01 1.000000000000000000e+00
7.450211644172668457e-01 6.266820430755615234e-01 7.979238629341125488e-01 1.000000000000000000e+00
7.513264417648315430e-01 6.348327398300170898e-01 8.034601807594299316e-01 1.000000000000000000e+00
7.576316595077514648e-01 6.429834961891174316e-01 8.089965581893920898e-01 1.000000000000000000e+00
7.636293768882751465e-01 6.506727933883666992e-01 8.136870265007019043e-01 1.000000000000000000e+00
7.693194746971130371e-01 6.579008102416992188e-01 8.175317049026489258e-01 1.000000000000000000e+00
7.750096321105957031e-01 6.651287674903869629e-01 8.213763833045959473e-01 1.000000000000000000e+00
7.806997299194335938e-01 6.723567843437194824e-01 8.252210617065429688e-01 1.000000000000000000e+00
7.863898277282714844e-01 6.795848011970520020e-01 8.290657401084899902e-01 1.000000000000000000e+00
7.920799851417541504e-01 6.868127584457397461e-01 8.329104185104370117e-01 1.000000000000000000e+00
7.977700829505920410e-01 6.940407752990722656e-01 8.367550969123840332e-01 1.000000000000000000e+00
8.034601807594299316e-01 7.012687325477600098e-01 8.405997753143310547e-01 1.000000000000000000e+00
8.091503381729125977e-01 7.084967494010925293e-01 8.444444537162780762e-01 1.000000000000000000e+00
8.148404359817504883e-01 7.157247066497802734e-01 8.482891321182250977e-01 1.000000000000000000e+00
8.205305933952331543e-01 7.229527235031127930e-01 8.521338105201721191e-01 1.000000000000000000e+00
8.262206912040710449e-01 7.301806807518005371e-01 8.559784889221191406e-01 1.000000000000000000e+00
8.319107890129089355e-01 7.374086976051330566e-01 8.598231673240661621e-01 1.000000000000000000e+00
8.376009464263916016e-01 7.446366548538208008e-01 8.636678457260131836e-01 1.000000000000000000e+00
8.432910442352294922e-01 7.518646717071533203e-01 8.675125241279602051e-01 1.000000000000000000e+00
8.489811420440673828e-01 7.590926289558410645e-01 8.713571429252624512e-01 1.000000000000000000e+00
8.546712994575500488e-01 7.663206458091735840e-01 8.752018213272094727e-01 1.000000000000000000e+00
8.603613972663879395e-01 7.735486626625061035e-01 8.790464997291564941e-01 1.000000000000000000e+00
8.660514950752258301e-01 7.807766199111938477e-01 8.828911781311035156e-01 1.000000000000000000e+00
8.717416524887084961e-01 7.880046367645263672e-01 8.867358565330505371e-01 1.000000000000000000e+00
8.774317502975463867e-01 7.952325940132141113e-01 8.905805349349975586e-01 1.000000000000000000e+00
8.831218481063842773e-01 8.024606108665466309e-01 8.944252133369445801e-01 1.000000000000000000e+00
8.888120055198669434e-01 8.096885681152343750e-01 8.982698917388916016e-01 1.000000000000000000e+00
8.945021033287048340e-01 8.169165849685668945e-01 9.021145701408386230e-01 1.000000000000000000e+00
9.001922607421875000e-01 8.241445422172546387e-01 9.059592485427856445e-01 1.000000000000000000e+00
9.058823585510253906e-01 8.313725590705871582e-01 9.098039269447326660e-01 1.000000000000000000e+00
9.083429574966430664e-01 8.367550969123840332e-01 9.121107459068298340e-01 1.000000000000000000e+00
9.108035564422607422e-01 8.421376347541809082e-01 9.144175052642822266e-01 1.000000000000000000e+00
9.132641553878784180e-01 8.475201725959777832e-01 9.167243242263793945e-01 1.000000000000000000e+00
9.157246947288513184e-01 8.529027104377746582e-01 9.190311431884765625e-01 1.000000000000000000e+00
9.181852936744689941e-01 8.582852482795715332e-01 9.213379621505737305e-01 1.000000000000000000e+00
9.206458926200866699e-01 8.636678457260131836e-01 9.236447811126708984e-01 1.000000000000000000e+00
9.231064915657043457e-01 8.690503835678100586e-01 9.259515404701232910e-01 1.000000000000000000e+00
9.255670905113220215e-01 8.744329214096069336e-01 9.282583594322204590e-01 1.000000000000000000e+00
9.280276894569396973e-01 8.798154592514038086e-01 9.305651783943176270e-01 1.000000000000000000e+00
9.304882884025573730e-01 8.851979970932006836e-01 9.328719973564147949e-01 1.000000000000000000e+00
9.329488873481750488e-01 8.905805349349975586e-01 9.351787567138671875e-01 1.000000000000000000e+00
9.354094862937927246e-01 8.959630727767944336e-01 9.374855756759643555e-01 1.000000000000000000e+00
9.378700256347656250e-01 9.013456106185913086e-01 9.397923946380615234e-01 1.000000000000000000e+00
9.403306245803833008e-01 9.067282080650329590e-01 9.420992136001586914e-01 1.000000000000000000e+00
9.427912235260009766e-01 9.121107459068298340e-01 9.444059729576110840e-01 1.000000000000000000e+00
9.452518224716186523e-01 9.174932837486267090e-01 9.467127919197082520e-01 1.000000000000000000e+00
9.477124214172363281e-01 9.228758215904235840e-01 9.490196108818054199e-01 1.000000000000000000e+00
9.501730203628540039e-01 9.282583594322204590e-01 9.513264298439025879e-01 1.000000000000000000e+00
9.526336193084716797e-01 9.336408972740173340e-01 9.536331892013549805e-01 1.000000000000000000e+00
9.550942182540893555e-01 9.390234351158142090e-01 9.559400081634521484e-01 1.000000000000000000e+00
9.575547575950622559e-01 9.444059729576110840e-01 9.582468271255493164e-01 1.000000000000000000e+00
9.600153565406799316e-01 9.497885704040527344e-01 9.605536460876464844e-01 1.000000000000000000e+00
9.624759554862976074e-01 9.551711082458496094e-01 9.628604650497436523e-01 1.000000000000000000e+00
9.649365544319152832e-01 9.605536460876464844e-01 9.651672244071960449e-01 1.000000000000000000e+00
9.673971533775329590e-01 9.659361839294433594e-01 9.674740433692932129e-01 1.000000000000000000e+00
9.663206338882446289e-01 9.680892229080200195e-01 9.658592939376831055e-01 1.000000000000000000e+00
9.617070555686950684e-01 9.670127034187316895e-01 9.603229761123657227e-01 1.000000000000000000e+00
9.570934176445007324e-01 9.659361839294433594e-01 9.547865986824035645e-01 1.000000000000000000e+00
9.524798393249511719e-01 9.648596644401550293e-01 9.492502808570861816e-01 1.000000000000000000e+00
9.478662014007568359e-01 9.637831449508666992e-01 9.437139630317687988e-01 1.000000000000000000e+00
9.432526230812072754e-01 9.627066254615783691e-01 9.381776452064514160e-01 1.000000000000000000e+00
9.386389851570129395e-01 9.616301655769348145e-01 9.326412677764892578e-01 1.000000000000000000e+00
9.340253472328186035e-01 9.605536460876464844e-01 9.271049499511718750e-01 1.000000000000000000e+00
9.294117689132690430e-01 9.594771265983581543e-01 9.215686321258544922e-01 1.000000000000000000e+00
9.247981309890747070e-01 9.584006071090698242e-01 9.160323143005371094e-01 1.000000000000000000e+00
9.201845526695251465e-01 9.573240876197814941e-01 9.104959368705749512e-01 1.000000000000000000e+00
9.155709147453308105e-01 9.562475681304931641e-01 9.049596190452575684e-01 1.000000000000000000e+00
9.109573364257812500e-01 9.551711082458496094e-01 8.994233012199401855e-01 1.000000000000000000e+00
9.063436985015869141e-01 9.540945887565612793e-01 8.938869833946228027e-01 1.000000000000000000e+00
9.017301201820373535e-01 9.530180692672729492e-01 8.883506059646606445e-01 1.000000000000000000e+00
8.971164822578430176e-01 9.519415497779846191e-01 8.828142881393432617e-01 1.000000000000000000e+00
8.925029039382934570e-01 9.508650302886962891e-01 8.772779703140258789e-01 1.000000000000000000e+00
8.878892660140991211e-01 9.497885704040527344e-01 8.717416524887084961e-01 1.000000000000000000e+00
8.832756876945495605e-01 9.487120509147644043e-01 8.662053346633911133e-01 1.000000000000000000e+00
8.786620497703552246e-01 9.476355314254760742e-01 8.606689572334289551e-01 1.000000000000000000e+00
8.740484714508056641e-01 9.465590119361877441e-01 8.551326394081115723e-01 1.000000000000000000e+00
8.694348335266113281e-01 9.454824924468994141e-01 8.495963215827941895e-01 1.000000000000000000e+00
8.648211956024169922e-01 9.444059729576110840e-01 8.440600037574768066e-01 1.000000000000000000e+00
8.602076172828674316e-01 9.433295130729675293e-01 8.385236263275146484e-01 1.000000000000000000e+00
8.555939793586730957e-01 9.422529935836791992e-01 8.329873085021972656e-01 1.000000000000000000e+00
8.509804010391235352e-01 9.411764740943908691e-01 8.274509906768798828e-01 1.000000000000000000e+00
8.431372642517089844e-01 9.379469156265258789e-01 8.196078538894653320e-01 1.000000000000000000e+00
8.352941274642944336e-01 9.347174167633056641e-01 8.117647171020507812e-01 1.000000000000000000e+00
8.274509906768798828e-01 9.314879179000854492e-01 8.039215803146362305e-01 1.000000000000000000e+00
8.196078538894653320e-01 9.282583594322204590e-01 7.960784435272216797e-01 1.000000000000000000e+00
8.117647171020507812e-01 9.250288605690002441e-01 7.882353067398071289e-01 1.000000000000000000e+00
8.039215803146362305e-01 9.217993021011352539e-01 7.803921699523925781e-01 1.000000000000000000e+00
7.960784435272216797e-01 9.185698032379150391e-01 7.725490331649780273e-01 1.000000000000000000e+00
7.882353067398071289e-01 9.153402447700500488e-01 7.647058963775634766e-01 1.000000000000000000e+00
7.803921699523925781e-01 9.121107459068298340e-01 7.568627595901489258e-01 1.000000000000000000e+00
7.725490331649780273e-01 9.088811874389648438e-01 7.490196228027343750e-01 1.000000000000000000e+00
7.647058963775634766e-01 9.056516885757446289e-01 7.411764860153198242e-01 1.000000000000000000e+00
7.568627595901489258e-01 9.024221301078796387e-01 7.333333492279052734e-01 1.000000000000000000e+00
7.490196228027343750e-01 8.991926312446594238e-01 7.254902124404907227e-01 1.000000000000000000e+00
7.411764860153198242e-01 8.959630727767944336e-01 7.176470756530761719e-01 1.000000000000000000e+00
7.333333492279052734e-01 8.927335739135742188e-01 7.098039388656616211e-01 1.000000000000000000e+00
7.254902124404907227e-01 8.895040154457092285e-01 7.019608020782470703e-01 1.000000000000000000e+00
7.176470756530761719e-01 8.862745165824890137e-01 6.941176652908325195e-01 1.000000000000000000e+00
7.098039388656616211e-01 8.830449581146240234e-01 6.862745285034179688e-01 1.000000000000000000e+00
7.019608020782470703e-01 8.798154592514038086e-01 6.784313917160034180e-01 1.000000000000000000e+00
6.941176652908325195e-01 8.765859007835388184e-01 6.705882549285888672e-01 1.000000000000000000e+00
6.862745285034179688e-01 8.733564019203186035e-01 6.627451181411743164e-01 1.000000000000000000e+00
6.784313917160034180e-01 8.701269030570983887e-01 6.549019813537597656e-01 1.000000000000000000e+00
6.705882549285888672e-01 8.668973445892333984e-01 6.470588445663452148e-01 1.000000000000000000e+00
6.627451181411743164e-01 8.636678457260131836e-01 6.392157077789306641e-01 1.000000000000000000e+00
6.549019813537597656e-01 8.604382872581481934e-01 6.313725709915161133e-01 1.000000000000000000e+00
6.451364755630493164e-01 8.553633093833923340e-01 6.226066946983337402e-01 1.000000000000000000e+00
6.334486603736877441e-01 8.484429121017456055e-01 6.129180788993835449e-01 1.000000000000000000e+00
6.217608451843261719e-01 8.415225148200988770e-01 6.032295227050781250e-01 1.000000000000000000e+00
6.100730299949645996e-01 8.346020579338073730e-01 5.935409665107727051e-01 1.000000000000000000e+00
5.983852148056030273e-01 8.276816606521606445e-01 5.838523507118225098e-01 1.000000000000000000e+00
5.866973996162414551e-01 8.207612633705139160e-01 5.741637945175170898e-01 1.000000000000000000e+00
5.750095844268798828e-01 8.138408064842224121e-01 5.644751787185668945e-01 1.000000000000000000e+00
5.633218288421630859e-01 8.069204092025756836e-01 5.547866225242614746e-01 1.000000000000000000e+00
5.516340136528015137e-01 8.000000119209289551e-01 5.450980663299560547e-01 1.000000000000000000e+00
5.399461984634399414e-01 7.930795550346374512e-01 5.354094505310058594e-01 1.000000000000000000e+00
5.282583832740783691e-01 7.861591577529907227e-01 5.257208943367004395e-01 1.000000000000000000e+00
5.165705680847167969e-01 7.792387604713439941e-01 5.160322785377502441e-01 1.000000000000000000e+00
5.048827528953552246e-01 7.723183631896972656e-01 5.063437223434448242e-01 1.000000000000000000e+00
4.931949377059936523e-01 7.653979063034057617e-01 4.966551363468170166e-01 1.000000000000000000e+00
4.815071225166320801e-01 7.584775090217590332e-01 4.869665503501892090e-01 1.000000000000000000e+00
4.698193073272705078e-01 7.515571117401123047e-01 4.772779643535614014e-01 1.000000000000000000e+00
4.581314921379089355e-01 7.446366548538208008e-01 4.675893783569335938e-01 1.000000000000000000e+00
4.464436769485473633e-01 7.377162575721740723e-01 4.579008221626281738e-01 1.000000000000000000e+00
4.347558617591857910e-01 7.307958602905273438e-01 4.482122361660003662e-01 1.000000000000000000e+00
4.230680465698242188e-01 7.238754034042358398e-01 4.385236501693725586e-01 1.000000000000000000e+00
4.113802313804626465e-01 7.169550061225891113e-01 4.288350641727447510e-01 1.000000000000000000e+00
3.996924161911010742e-01 7.100346088409423828e-01 4.191464781761169434e-01 1.000000000000000000e+00
3.880046010017395020e-01 7.031142115592956543e-01 4.094578921794891357e-01 1.000000000000000000e+00
3.763168156147003174e-01 6.961937546730041504e-01 3.997693061828613281e-01 1.000000000000000000e+00
3.646290004253387451e-01 6.892733573913574219e-01 3.900807499885559082e-01 1.000000000000000000e+00
3.529411852359771729e-01 6.823529601097106934e-01 3.803921639919281006e-01 1.000000000000000000e+00
3.432525992393493652e-01 6.740484237670898438e-01 3.739331066608428955e-01 1.000000000000000000e+00
3.335640132427215576e-01 6.657439470291137695e-01 3.674740493297576904e-01 1.000000000000000000e+00
3.238754272460937500e-01 6.574394702911376953e-01 3.610149919986724854e-01 1.000000000000000000e+00
3.141868412494659424e-01 6.491349339485168457e-01 3.545559346675872803e-01 1.000000000000000000e+00
3.044982552528381348e-01 6.408304572105407715e-01 3.480968773365020752e-01 1.000000000000000000e+00
2.948096990585327148e-01 6.325259804725646973e-01 3.416378200054168701e-01 1.000000000000000000e+00
2.851211130619049072e-01 6.242214441299438477e-01 3.351787626743316650e-01 1.000000000000000000e+00
2.754325270652770996e-01 6.159169673919677734e-01 3.287197351455688477e-01 1.000000000000000000e+00
2.657439410686492920e-01 6.076124310493469238e-01 3.222606778144836426e-01 1.000000000000000000e+00
2.560553550720214844e-01 5.993079543113708496e-01 3.158016204833984375e-01 1.000000000000000000e+00
2.463667839765548706e-01 5.910034775733947754e-01 3.093425631523132324e-01 1.000000000000000000e+00
2.366781979799270630e-01 5.826989412307739258e-01 3.028835058212280273e-01 1.000000000000000000e+00
2.269896119832992554e-01 5.743944644927978516e-01 2.964244484901428223e-01 1.000000000000000000e+00
2.173010408878326416e-01 5.660899877548217773e-01 2.899653911590576172e-01 1.000000000000000000e+00
2.076124548912048340e-01 5.577854514122009277e-01 2.835063338279724121e-01 1.000000000000000000e+00
1.979238688945770264e-01 5.494809746742248535e-01 2.770472764968872070e-01 1.000000000000000000e+00
1.882352977991104126e-01 5.411764979362487793e-01 2.705882489681243896e-01 1.000000000000000000e+00
1.785467118024826050e-01 5.328719615936279297e-01 2.641291916370391846e-01 1.000000000000000000e+00
1.688581258058547974e-01 5.245674848556518555e-01 2.576701343059539795e-01 1.000000000000000000e+00
1.591695547103881836e-01 5.162629485130310059e-01 2.512110769748687744e-01 1.000000000000000000e+00
1.494809687137603760e-01 5.079584717750549316e-01 2.447520196437835693e-01 1.000000000000000000e+00
1.397923827171325684e-01 4.996539652347564697e-01 2.382929623126983643e-01 1.000000000000000000e+00
1.301038116216659546e-01 4.913494884967803955e-01 2.318339049816131592e-01 1.000000000000000000e+00
1.204152256250381470e-01 4.830449819564819336e-01 2.253748625516891479e-01 1.000000000000000000e+00
1.107266470789909363e-01 4.747404754161834717e-01 2.189158052206039429e-01 1.000000000000000000e+00
1.038062274456024170e-01 4.665897786617279053e-01 2.135332524776458740e-01 1.000000000000000000e+00
9.965398162603378296e-02 4.585928618907928467e-01 2.092272192239761353e-01 1.000000000000000000e+00
9.550172835588455200e-02 4.505959153175354004e-01 2.049211859703063965e-01 1.000000000000000000e+00
9.134948253631591797e-02 4.425989985466003418e-01 2.006151527166366577e-01 1.000000000000000000e+00
8.719722926616668701e-02 4.346020817756652832e-01 1.963091045618057251e-01 1.000000000000000000e+00
8.304498344659805298e-02 4.266051650047302246e-01 1.920030713081359863e-01 1.000000000000000000e+00
7.889273017644882202e-02 4.186082184314727783e-01 1.876970380544662476e-01 1.000000000000000000e+00
7.474048435688018799e-02 4.106113016605377197e-01 1.833910048007965088e-01 1.000000000000000000e+00
7.058823853731155396e-02 4.026143848896026611e-01 1.790849715471267700e-01 1.000000000000000000e+00
6.643598526716232300e-02 3.946174681186676025e-01 1.747789382934570312e-01 1.000000000000000000e+00
6.228373572230339050e-02 3.866205215454101562e-01 1.704728901386260986e-01 1.000000000000000000e+00
5.813148617744445801e-02 3.786236047744750977e-01 1.661668568849563599e-01 1.000000000000000000e+00
5.397924035787582397e-02 3.706266880035400391e-01 1.618608236312866211e-01 1.000000000000000000e+00
4.982699081301689148e-02 3.626297712326049805e-01 1.575547903776168823e-01 1.000000000000000000e+00
4.567474126815795898e-02 3.546328246593475342e-01 1.532487571239471436e-01 1.000000000000000000e+00
4.152249172329902649e-02 3.466359078884124756e-01 1.489427089691162109e-01 1.000000000000000000e+00
3.737024217844009399e-02 3.386389911174774170e-01 1.446366757154464722e-01 1.000000000000000000e+00
3.321799263358116150e-02 3.306420743465423584e-01 1.403306424617767334e-01 1.000000000000000000e+00
2.906574308872222900e-02 3.226451277732849121e-01 1.360246092081069946e-01 1.000000000000000000e+00
2.491349540650844574e-02 3.146482110023498535e-01 1.317185759544372559e-01 1.000000000000000000e+00
2.076124586164951324e-02 3.066512942314147949e-01 1.274125277996063232e-01 1.000000000000000000e+00
1.660899631679058075e-02 2.986543774604797363e-01 1.231064945459365845e-01 1.000000000000000000e+00
1.245674770325422287e-02 2.906574308872222900e-01 1.188004612922668457e-01 1.000000000000000000e+00
8.304498158395290375e-03 2.826605141162872314e-01 1.144944280385971069e-01 1.000000000000000000e+00
4.152249079197645187e-03 2.746635973453521729e-01 1.101883873343467712e-01 1.000000000000000000e+00
0.000000000000000000e+00 2.666666805744171143e-01 1.058823540806770325e-01 1.000000000000000000e+00
