1.000000000000000000e+00 0.000000000000000000e+00 0.000000000000000000e+00 1.000000000000000000e+00
1.000000000000000000e+00 0.000000000000000000e+00 0.000000000000000000e+00 1.000000000000000000e+00
1.000000000000000000e+00 1.296454221010208130e-01 0.000000000000000000e+00 1.000000000000000000e+00
1.000000000000000000e+00 3.202982842922210693e-01 0.000000000000000000e+00 1.000000000000000000e+00
1.000000000000000000e+00 5.115908384323120117e-01 0.000000000000000000e+00 1.000000000000000000e+00
1.000000000000000000e+00 6.909103393554687500e-01 0.000000000000000000e+00 1.000000000000000000e+00
1.000000000000000000e+00 8.464334607124328613e-01 0.000000000000000000e+00 1.000000000000000000e+00
1.000000000000000000e+00 9.679059386253356934e-01 0.000000000000000000e+00 1.000000000000000000e+00
8.889842033386230469e-01 1.000000000000000000e+00 0.000000000000000000e+00 1.000000000000000000e+00
6.990986466407775879e-01 1.000000000000000000e+00 0.000000000000000000e+00 1.000000000000000000e+00
5.072944164276123047e-01 1.000000000000000000e+00 0.000000000000000000e+00 1.000000000000000000e+00
3.262181282043457031e-01 9.965688586235046387e-01 0.000000000000000000e+00 1.000000000000000000e+00
1.678088009357452393e-01 8.870493769645690918e-01 0.000000000000000000e+00 1.000000000000000000e+00
4.251110181212425232e-02 7.408012747764587402e-01 2.247245609760284424e-01 1.000000000000000000e+00
0.000000000000000000e+00 5.674672722816467285e-01 4.915249347686767578e-01 1.000000000000000000e+00
0.000000000000000000e+00 3.784760832786560059e-01 7.259169816970825195e-01 1.000000000000000000e+00
0.000000000000000000e+00 1.862886250019073486e-01 9.124462604522705078e-01 1.000000000000000000e+00
0.000000000000000000e+00 3.576675429940223694e-03 1.000000000000000000e+00 1.000000000000000000e+00
1.001458391547203064e-01 0.000000000000000000e+00 1.000000000000000000e+00 1.000000000000000000e+00
2.431036680936813354e-01 0.000000000000000000e+00 1.000000000000000000e+00 1.000000000000000000e+00
4.142085909843444824e-01 0.000000000000000000e+00 9.964607357978820801e-01 1.000000000000000000e+00
6.021789312362670898e-01 0.000000000000000000e+00 8.449673056602478027e-01 1.000000000000000000e+00
7.946209907531738281e-01 0.000000000000000000e+00 6.377614736557006836e-01 1.000000000000000000e+00
9.788463115692138672e-01 0.000000000000000000e+00 3.885053694248199463e-01 1.000000000000000000e+00
1.000000000000000000e+00 0.000000000000000000e+00 1.136334463953971863e-01 1.000000000000000000e+00
1.000000000000000000e+00 0.000000000000000000e+00 0.000000000000000000e+00 1.000000000000000000e+00
1.000000000000000000e+00 5.605566874146461487e-02 0.000000000000000000e+00 1.000000000000000000e+00
1.000000000000000000e+00 2.428793311119079590e-01 0.000000000000000000e+00 1.000000000000000000e+00
1.000000000000000000e+00 4.354472160339355469e-01 0.000000000000000000e+00 1.000000000000000000e+00
1.000000000000000000e+00 6.210625171661376953e-01 0.000000000000000000e+00 1.000000000000000000e+00
1.000000000000000000e+00 7.874868512153625488e-01 0.000000000000000000e+00 1.000000000000000000e+00
1.000000000000000000e+00 9.237471222877502441e-01 0.000000000000000000e+00 1.000000000000000000e+00
9.619138836860656738e-01 1.000000000000000000e+00 0.000000000000000000e+00 1.000000000000000000e+00
7.763619422912597656e-01 1.000000000000000000e+00 0.000000000000000000e+00 1.000000000000000000e+00
5.837971568107604980e-01 1.000000000000000000e+00 0.000000000000000000e+00 1.000000000000000000e+00
3.969160318374633789e-01 1.000000000000000000e+00 0.000000000000000000e+00 1.000000000000000000e+00
2.280405163764953613e-01 9.359470605850219727e-01 0.000000000000000000e+00 1.000000000000000000e+00
8.830527961254119873e-02 8.034250140190124512e-01 1.122854202985763550e-01 1.000000000000000000e+00
0.000000000000000000e+00 6.396880745887756348e-01 3.872372210025787354e-01 1.000000000000000000e+00
0.000000000000000000e+00 4.555320739746093750e-01 6.366568207740783691e-01 1.000000000000000000e+00
0.000000000000000000e+00 2.630991935729980469e-01 8.440989255905151367e-01 1.000000000000000000e+00
0.000000000000000000e+00 7.507738471031188965e-02 9.958860278129577637e-01 1.000000000000000000e+00
5.282267183065414429e-02 0.000000000000000000e+00 1.000000000000000000e+00 1.000000000000000000e+00
1.816855221986770630e-01 0.000000000000000000e+00 1.000000000000000000e+00 1.000000000000000000e+00
3.427450358867645264e-01 0.000000000000000000e+00 1.000000000000000000e+00 1.000000000000000000e+00
5.253818631172180176e-01 0.000000000000000000e+00 9.132024049758911133e-01 1.000000000000000000e+00
7.175539731979370117e-01 0.000000000000000000e+00 7.269346117973327637e-01 1.000000000000000000e+00
9.065906405448913574e-01 0.000000000000000000e+00 4.927369356155395508e-01 1.000000000000000000e+00
1.000000000000000000e+00 0.000000000000000000e+00 2.260510027408599854e-01 1.000000000000000000e+00
1.000000000000000000e+00 0.000000000000000000e+00 0.000000000000000000e+00 1.000000000000000000e+00
1.000000000000000000e+00 0.000000000000000000e+00 0.000000000000000000e+00 1.000000000000000000e+00
1.000000000000000000e+00 1.663925647735595703e-01 0.000000000000000000e+00 1.000000000000000000e+00
1.000000000000000000e+00 3.581753075122833252e-01 0.000000000000000000e+00 1.000000000000000000e+00
1.000000000000000000e+00 5.481002926826477051e-01 0.000000000000000000e+00 1.000000000000000000e+00
1.000000000000000000e+00 7.236450314521789551e-01 0.000000000000000000e+00 1.000000000000000000e+00
1.000000000000000000e+00 8.732351064682006836e-01 0.000000000000000000e+00 1.000000000000000000e+00
1.000000000000000000e+00 9.870073199272155762e-01 0.000000000000000000e+00 1.000000000000000000e+00
8.524872064590454102e-01 1.000000000000000000e+00 0.000000000000000000e+00 1.000000000000000000e+00
6.612222194671630859e-01 1.000000000000000000e+00 0.000000000000000000e+00 1.000000000000000000e+00
4.705359935760498047e-01 1.000000000000000000e+00 0.000000000000000000e+00 1.000000000000000000e+00
2.930012643337249756e-01 9.783609509468078613e-01 0.000000000000000000e+00 1.000000000000000000e+00
1.403236836194992065e-01 8.609830737113952637e-01 0.000000000000000000e+00 1.000000000000000000e+00
2.256991341710090637e-02 7.085951566696166992e-01 2.788060307502746582e-01 1.000000000000000000e+00
0.000000000000000000e+00 5.312448740005493164e-01 5.405843853950500488e-01 1.000000000000000000e+00
0.000000000000000000e+00 3.406256139278411865e-01 7.667196989059448242e-01 1.000000000000000000e+00
0.000000000000000000e+00 1.493058055639266968e-01 9.423018693923950195e-01 1.000000000000000000e+00
1.210340391844511032e-02 0.000000000000000000e+00 1.000000000000000000e+00 1.000000000000000000e+00
1.254924237728118896e-01 0.000000000000000000e+00 1.000000000000000000e+00 1.000000000000000000e+00
2.747831642627716064e-01 0.000000000000000000e+00 1.000000000000000000e+00 1.000000000000000000e+00
4.501322209835052490e-01 0.000000000000000000e+00 9.716661572456359863e-01 1.000000000000000000e+00
6.399781107902526855e-01 0.000000000000000000e+00 8.083294630050659180e-01 1.000000000000000000e+00
8.318034410476684570e-01 0.000000000000000000e+00 5.916961431503295898e-01 1.000000000000000000e+00
1.000000000000000000e+00 0.000000000000000000e+00 3.360497653484344482e-01 1.000000000000000000e+00
1.000000000000000000e+00 0.000000000000000000e+00 5.824621021747589111e-02 1.000000000000000000e+00
1.000000000000000000e+00 0.000000000000000000e+00 0.000000000000000000e+00 1.000000000000000000e+00
1.000000000000000000e+00 9.165643900632858276e-02 0.000000000000000000e+00 1.000000000000000000e+00
1.000000000000000000e+00 2.806018888950347900e-01 0.000000000000000000e+00 1.000000000000000000e+00
1.000000000000000000e+00 4.728043973445892334e-01 0.000000000000000000e+00 1.000000000000000000e+00
1.000000000000000000e+00 6.555911898612976074e-01 0.000000000000000000e+00 1.000000000000000000e+00
1.000000000000000000e+00 8.169103860855102539e-01 0.000000000000000000e+00 1.000000000000000000e+00
1.000000000000000000e+00 9.461254477500915527e-01 0.000000000000000000e+00 1.000000000000000000e+00
9.266598224639892578e-01 1.000000000000000000e+00 0.000000000000000000e+00 1.000000000000000000e+00
7.387412190437316895e-01 1.000000000000000000e+00 0.000000000000000000e+00 1.000000000000000000e+00
5.462902188301086426e-01 1.000000000000000000e+00 0.000000000000000000e+00 1.000000000000000000e+00
3.619959652423858643e-01 1.000000000000000000e+00 0.000000000000000000e+00 1.000000000000000000e+00
1.980096995830535889e-01 9.128594994544982910e-01 0.000000000000000000e+00 1.000000000000000000e+00
6.514377892017364502e-02 7.734512090682983398e-01 1.673915386199951172e-01 1.000000000000000000e+00
0.000000000000000000e+00 6.048042774200439453e-01 4.387275278568267822e-01 1.000000000000000000e+00
0.000000000000000000e+00 4.180383384227752686e-01 6.811363697052001953e-01 1.000000000000000000e+00
0.000000000000000000e+00 2.254676818847656250e-01 8.786349892616271973e-01 1.000000000000000000e+00
0.000000000000000000e+00 3.978926688432693481e-02 1.000000000000000000e+00 1.000000000000000000e+00
7.512564957141876221e-02 0.000000000000000000e+00 1.000000000000000000e+00 1.000000000000000000e+00
2.110501527786254883e-01 0.000000000000000000e+00 1.000000000000000000e+00 1.000000000000000000e+00
3.772352039813995361e-01 0.000000000000000000e+00 1.000000000000000000e+00 1.000000000000000000e+00
5.627234578132629395e-01 0.000000000000000000e+00 8.810750246047973633e-01 1.000000000000000000e+00
7.552849054336547852e-01 0.000000000000000000e+00 6.843240857124328613e-01 1.000000000000000000e+00
9.422231912612915039e-01 0.000000000000000000e+00 4.424527585506439209e-01 1.000000000000000000e+00
1.000000000000000000e+00 0.000000000000000000e+00 1.714086234569549561e-01 1.000000000000000000e+00
1.000000000000000000e+00 0.000000000000000000e+00 0.000000000000000000e+00 1.000000000000000000e+00
1.000000000000000000e+00 1.947061717510223389e-02 0.000000000000000000e+00 1.000000000000000000e+00
1.000000000000000000e+00 2.035570740699768066e-01 0.000000000000000000e+00 1.000000000000000000e+00
1.000000000000000000e+00 3.959804475307464600e-01 0.000000000000000000e+00 1.000000000000000000e+00
1.000000000000000000e+00 5.840534567832946777e-01 0.000000000000000000e+00 1.000000000000000000e+00
1.000000000000000000e+00 7.553756237030029297e-01 0.000000000000000000e+00 1.000000000000000000e+00
1.000000000000000000e+00 8.986509442329406738e-01 0.000000000000000000e+00 1.000000000000000000e+00
9.980860948562622070e-01 1.000000000000000000e+00 0.000000000000000000e+00 1.000000000000000000e+00
8.155246973037719727e-01 1.000000000000000000e+00 0.000000000000000000e+00 1.000000000000000000e+00
6.233682036399841309e-01 1.000000000000000000e+00 0.000000000000000000e+00 1.000000000000000000e+00
4.342863559722900391e-01 1.000000000000000000e+00 0.000000000000000000e+00 1.000000000000000000e+00
2.607460916042327881e-01 9.584991931915283203e-01 0.000000000000000000e+00 1.000000000000000000e+00
1.141897067427635193e-01 8.335622549057006836e-01 5.418593436479568481e-02 1.000000000000000000e+00
4.280258435755968094e-03 6.754232645034790039e-01 3.321762681007385254e-01 1.000000000000000000e+00
0.000000000000000000e+00 4.945090413093566895e-01 5.882648229598999023e-01 1.000000000000000000e+00
0.000000000000000000e+00 3.027480542659759521e-01 8.055665493011474609e-01 1.000000000000000000e+00
0.000000000000000000e+00 1.127839162945747375e-01 9.697538018226623535e-01 1.000000000000000000e+00
3.112411871552467346e-02 0.000000000000000000e+00 1.000000000000000000e+00 1.000000000000000000e+00
1.522279977798461914e-01 0.000000000000000000e+00 1.000000000000000000e+00 1.000000000000000000e+00
3.074707984924316406e-01 0.000000000000000000e+00 1.000000000000000000e+00 1.000000000000000000e+00
4.866167008876800537e-01 0.000000000000000000e+00 9.443929791450500488e-01 1.000000000000000000e+00
6.778538227081298828e-01 0.000000000000000000e+00 7.696296572685241699e-01 1.000000000000000000e+00
8.685731291770935059e-01 0.000000000000000000e+00 5.441214442253112793e-01 1.000000000000000000e+00
1.000000000000000000e+00 0.000000000000000000e+00 2.827369272708892822e-01 1.000000000000000000e+00
1.000000000000000000e+00 0.000000000000000000e+00 2.710390836000442505e-03 1.000000000000000000e+00
1.000000000000000000e+00 0.000000000000000000e+00 0.000000000000000000e+00 1.000000000000000000e+00
1.000000000000000000e+00 1.278651952743530273e-01 0.000000000000000000e+00 1.000000000000000000e+00
1.000000000000000000e+00 3.184504806995391846e-01 0.000000000000000000e+00 1.000000000000000000e+00
1.000000000000000000e+00 5.097972750663757324e-01 0.000000000000000000e+00 1.000000000000000000e+00
1.000000000000000000e+00 6.892892718315124512e-01 0.000000000000000000e+00 1.000000000000000000e+00
1.000000000000000000e+00 8.450918197631835938e-01 0.000000000000000000e+00 1.000000000000000000e+00
1.000000000000000000e+00 9.669321179389953613e-01 0.000000000000000000e+00 1.000000000000000000e+00
8.907510042190551758e-01 1.000000000000000000e+00 0.000000000000000000e+00 1.000000000000000000e+00
7.009451389312744141e-01 1.000000000000000000e+00 0.000000000000000000e+00 1.000000000000000000e+00
5.090988874435424805e-01 1.000000000000000000e+00 0.000000000000000000e+00 1.000000000000000000e+00
3.278615772724151611e-01 9.974138736724853516e-01 0.000000000000000000e+00 1.000000000000000000e+00
1.691828966140747070e-01 8.882851004600524902e-01 0.000000000000000000e+00 1.000000000000000000e+00
4.352521896362304688e-02 7.423461675643920898e-01 2.220706492662429810e-01 1.000000000000000000e+00
0.000000000000000000e+00 5.692194700241088867e-01 4.890986979007720947e-01 1.000000000000000000e+00
0.000000000000000000e+00 3.803200423717498779e-01 7.238783836364746094e-01 1.000000000000000000e+00
0.000000000000000000e+00 1.881028115749359131e-01 9.109296798706054688e-01 1.000000000000000000e+00
0.000000000000000000e+00 5.241449922323226929e-03 1.000000000000000000e+00 1.000000000000000000e+00
9.894609451293945312e-02 0.000000000000000000e+00 1.000000000000000000e+00 1.000000000000000000e+00
2.415855377912521362e-01 0.000000000000000000e+00 1.000000000000000000e+00 1.000000000000000000e+00
4.124721586704254150e-01 0.000000000000000000e+00 9.976057410240173340e-01 1.000000000000000000e+00
6.003386974334716797e-01 0.000000000000000000e+00 8.467000722885131836e-01 1.000000000000000000e+00
7.927983403205871582e-01 0.000000000000000000e+00 6.399679183959960938e-01 1.000000000000000000e+00
9.771612882614135742e-01 0.000000000000000000e+00 3.910399079322814941e-01 1.000000000000000000e+00
1.000000000000000000e+00 0.000000000000000000e+00 1.163289919495582581e-01 1.000000000000000000e+00
1.000000000000000000e+00 0.000000000000000000e+00 0.000000000000000000e+00 1.000000000000000000e+00
1.000000000000000000e+00 5.433619394898414612e-02 0.000000000000000000e+00 1.000000000000000000e+00
1.000000000000000000e+00 2.410441040992736816e-01 0.000000000000000000e+00 1.000000000000000000e+00
1.000000000000000000e+00 4.336172640323638916e-01 0.000000000000000000e+00 1.000000000000000000e+00
1.000000000000000000e+00 6.193584799766540527e-01 0.000000000000000000e+00 1.000000000000000000e+00
1.000000000000000000e+00 7.860211133956909180e-01 0.000000000000000000e+00 1.000000000000000000e+00
1.000000000000000000e+00 9.226162433624267578e-01 0.000000000000000000e+00 1.000000000000000000e+00
9.636152982711791992e-01 1.000000000000000000e+00 0.000000000000000000e+00 1.000000000000000000e+00
7.781909704208374023e-01 1.000000000000000000e+00 0.000000000000000000e+00 1.000000000000000000e+00
5.856331586837768555e-01 1.000000000000000000e+00 0.000000000000000000e+00 1.000000000000000000e+00
3.986380100250244141e-01 1.000000000000000000e+00 0.000000000000000000e+00 1.000000000000000000e+00
2.295349091291427612e-01 9.370341897010803223e-01 0.000000000000000000e+00 1.000000000000000000e+00
8.947356045246124268e-02 8.048568964004516602e-01 1.095888465642929077e-01 1.000000000000000000e+00
0.000000000000000000e+00 6.413702368736267090e-01 3.846991658210754395e-01 1.000000000000000000e+00
0.000000000000000000e+00 4.573536217212677002e-01 6.344446539878845215e-01 1.000000000000000000e+00
0.000000000000000000e+00 2.649400234222412109e-01 8.423584699630737305e-01 1.000000000000000000e+00
0.000000000000000000e+00 7.681612670421600342e-02 9.947319626808166504e-01 1.000000000000000000e+00
5.177454650402069092e-02 0.000000000000000000e+00 1.000000000000000000e+00 1.000000000000000000e+00
1.802843660116195679e-01 0.000000000000000000e+00 1.000000000000000000e+00 1.000000000000000000e+00
3.410832285881042480e-01 0.000000000000000000e+00 1.000000000000000000e+00 1.000000000000000000e+00
5.235689878463745117e-01 0.000000000000000000e+00 9.147107005119323730e-01 1.000000000000000000e+00
7.157095670700073242e-01 0.000000000000000000e+00 7.289666533470153809e-01 1.000000000000000000e+00
9.048362970352172852e-01 0.000000000000000000e+00 4.951587021350860596e-01 1.000000000000000000e+00
1.000000000000000000e+00 0.000000000000000000e+00 2.287028580904006958e-01 1.000000000000000000e+00
1.000000000000000000e+00 0.000000000000000000e+00 0.000000000000000000e+00 1.000000000000000000e+00
1.000000000000000000e+00 0.000000000000000000e+00 0.000000000000000000e+00 1.000000000000000000e+00
1.000000000000000000e+00 1.645895838737487793e-01 0.000000000000000000e+00 1.000000000000000000e+00
1.000000000000000000e+00 3.563285171985626221e-01 0.000000000000000000e+00 1.000000000000000000e+00
1.000000000000000000e+00 5.463315248489379883e-01 0.000000000000000000e+00 1.000000000000000000e+00
1.000000000000000000e+00 7.220708727836608887e-01 0.000000000000000000e+00 1.000000000000000000e+00
1.000000000000000000e+00 8.719593286514282227e-01 0.000000000000000000e+00 1.000000000000000000e+00
1.000000000000000000e+00 9.861140251159667969e-01 0.000000000000000000e+00 1.000000000000000000e+00
8.542791008949279785e-01 1.000000000000000000e+00 0.000000000000000000e+00 1.000000000000000000e+00
6.630701422691345215e-01 1.000000000000000000e+00 0.000000000000000000e+00 1.000000000000000000e+00
4.723180234432220459e-01 1.000000000000000000e+00 0.000000000000000000e+00 1.000000000000000000e+00
2.945999801158905029e-01 9.792879223823547363e-01 0.000000000000000000e+00 1.000000000000000000e+00
1.416336297988891602e-01 8.622865676879882812e-01 0.000000000000000000e+00 1.000000000000000000e+00
2.350473403930664062e-02 7.101892828941345215e-01 2.761832773685455322e-01 1.000000000000000000e+00
0.000000000000000000e+00 5.330244898796081543e-01 5.382221937179565430e-01 1.000000000000000000e+00
0.000000000000000000e+00 3.424733877182006836e-01 7.647738456726074219e-01 1.000000000000000000e+00
0.000000000000000000e+00 1.510999053716659546e-01 9.409006834030151367e-01 1.000000000000000000e+00
1.121811661869287491e-02 0.000000000000000000e+00 1.000000000000000000e+00 1.000000000000000000e+00
1.242232397198677063e-01 0.000000000000000000e+00 1.000000000000000000e+00 1.000000000000000000e+00
2.732137441635131836e-01 0.000000000000000000e+00 1.000000000000000000e+00 1.000000000000000000e+00
4.483660757541656494e-01 0.000000000000000000e+00 9.729337096214294434e-01 1.000000000000000000e+00
6.381316781044006348e-01 0.000000000000000000e+00 8.101652860641479492e-01 1.000000000000000000e+00
8.299984931945800781e-01 0.000000000000000000e+00 5.939792394638061523e-01 1.000000000000000000e+00
1.000000000000000000e+00 0.000000000000000000e+00 3.386295735836029053e-01 1.000000000000000000e+00
1.000000000000000000e+00 0.000000000000000000e+00 6.095262244343757629e-02 1.000000000000000000e+00
1.000000000000000000e+00 0.000000000000000000e+00 0.000000000000000000e+00 1.000000000000000000e+00
1.000000000000000000e+00 8.990496397018432617e-02 0.000000000000000000e+00 1.000000000000000000e+00
1.000000000000000000e+00 2.787580788135528564e-01 0.000000000000000000e+00 1.000000000000000000e+00
1.000000000000000000e+00 4.709897637367248535e-01 0.000000000000000000e+00 1.000000000000000000e+00
1.000000000000000000e+00 6.539254188537597656e-01 0.000000000000000000e+00 1.000000000000000000e+00
1.000000000000000000e+00 8.155032992362976074e-01 0.000000000000000000e+00 1.000000000000000000e+00
1.000000000000000000e+00 9.450698494911193848e-01 0.000000000000000000e+00 1.000000000000000000e+00
9.283954501152038574e-01 1.000000000000000000e+00 0.000000000000000000e+00 1.000000000000000000e+00
7.405812144279479980e-01 1.000000000000000000e+00 0.000000000000000000e+00 1.000000000000000000e+00
5.481132864952087402e-01 1.000000000000000000e+00 0.000000000000000000e+00 1.000000000000000000e+00
3.636818826198577881e-01 1.000000000000000000e+00 0.000000000000000000e+00 1.000000000000000000e+00
1.994473040103912354e-01 9.140206575393676758e-01 0.000000000000000000e+00 1.000000000000000000e+00
6.623827666044235229e-02 7.749401926994323730e-01 1.647122055292129517e-01 1.000000000000000000e+00
0.000000000000000000e+00 6.065229177474975586e-01 4.362407326698303223e-01 1.000000000000000000e+00
0.000000000000000000e+00 4.198732972145080566e-01 6.790060400962829590e-01 1.000000000000000000e+00
0.000000000000000000e+00 2.272979468107223511e-01 8.770015835762023926e-01 1.000000000000000000e+00
0.000000000000000000e+00 4.149418324232101440e-02 1.000000000000000000e+00 1.000000000000000000e+00
7.400201261043548584e-02 0.000000000000000000e+00 1.000000000000000000e+00 1.000000000000000000e+00
2.095899581909179688e-01 0.000000000000000000e+00 1.000000000000000000e+00 1.000000000000000000e+00
3.755346834659576416e-01 0.000000000000000000e+00 1.000000000000000000e+00 1.000000000000000000e+00
5.608947873115539551e-01 0.000000000000000000e+00 8.826950788497924805e-01 1.000000000000000000e+00
7.534486651420593262e-01 0.000000000000000000e+00 6.864440441131591797e-01 1.000000000000000000e+00
9.405003786087036133e-01 0.000000000000000000e+00 4.449328780174255371e-01 1.000000000000000000e+00
1.000000000000000000e+00 0.000000000000000000e+00 1.740853786468505859e-01 1.000000000000000000e+00
1.000000000000000000e+00 0.000000000000000000e+00 0.000000000000000000e+00 1.000000000000000000e+00
1.000000000000000000e+00 1.778940670192241669e-02 0.000000000000000000e+00 1.000000000000000000e+00
1.000000000000000000e+00 2.017359137535095215e-01 0.000000000000000000e+00 1.000000000000000000e+00
1.000000000000000000e+00 3.941394090652465820e-01 0.000000000000000000e+00 1.000000000000000000e+00
1.000000000000000000e+00 5.823139548301696777e-01 0.000000000000000000e+00 1.000000000000000000e+00
1.000000000000000000e+00 7.538523077964782715e-01 0.000000000000000000e+00 1.000000000000000000e+00
1.000000000000000000e+00 8.974443078041076660e-01 0.000000000000000000e+00 1.000000000000000000e+00
9.997469186782836914e-01 1.000000000000000000e+00 0.000000000000000000e+00 1.000000000000000000e+00
8.173370957374572754e-01 1.000000000000000000e+00 0.000000000000000000e+00 1.000000000000000000e+00
6.252127885818481445e-01 1.000000000000000000e+00 0.000000000000000000e+00 1.000000000000000000e+00
4.360414147377014160e-01 1.000000000000000000e+00 0.000000000000000000e+00 1.000000000000000000e+00
2.622959613800048828e-01 9.595056772232055664e-01 0.000000000000000000e+00 1.000000000000000000e+00
1.154321730136871338e-01 8.349302411079406738e-01 5.147866904735565186e-02 1.000000000000000000e+00
5.133399274200201035e-03 6.770625114440917969e-01 3.295913934707641602e-01 1.000000000000000000e+00
0.000000000000000000e+00 4.963115453720092773e-01 5.859727859497070312e-01 1.000000000000000000e+00
0.000000000000000000e+00 3.045949339866638184e-01 8.037184476852416992e-01 1.000000000000000000e+00
0.000000000000000000e+00 1.145533621311187744e-01 9.684715270996093750e-01 1.000000000000000000e+00
3.015805967152118683e-02 0.000000000000000000e+00 1.000000000000000000e+00 1.000000000000000000e+00
1.508926153182983398e-01 0.000000000000000000e+00 1.000000000000000000e+00 1.000000000000000000e+00
3.058541417121887207e-01 0.000000000000000000e+00 1.000000000000000000e+00 1.000000000000000000e+00
4.848253428936004639e-01 0.000000000000000000e+00 9.457798600196838379e-01 1.000000000000000000e+00
6.760058999061584473e-01 0.000000000000000000e+00 7.715638279914855957e-01 1.000000000000000000e+00
8.667904734611511230e-01 0.000000000000000000e+00 5.464753508567810059e-01 1.000000000000000000e+00
1.000000000000000000e+00 0.000000000000000000e+00 2.853554189205169678e-01 1.000000000000000000e+00
1.000000000000000000e+00 0.000000000000000000e+00 5.420765373855829239e-03 1.000000000000000000e+00
1.000000000000000000e+00 0.000000000000000000e+00 0.000000000000000000e+00 1.000000000000000000e+00
1.000000000000000000e+00 1.260861903429031372e-01 0.000000000000000000e+00 1.000000000000000000e+00
1.000000000000000000e+00 3.166027367115020752e-01 0.000000000000000000e+00 1.000000000000000000e+00
1.000000000000000000e+00 5.080026388168334961e-01 0.000000000000000000e+00 1.000000000000000000e+00
1.000000000000000000e+00 6.876660585403442383e-01 0.000000000000000000e+00 1.000000000000000000e+00
1.000000000000000000e+00 8.437470197677612305e-01 0.000000000000000000e+00 1.000000000000000000e+00
1.000000000000000000e+00 9.659544229507446289e-01 0.000000000000000000e+00 1.000000000000000000e+00
8.925164937973022461e-01 1.000000000000000000e+00 0.000000000000000000e+00 1.000000000000000000e+00
7.027914524078369141e-01 1.000000000000000000e+00 0.000000000000000000e+00 1.000000000000000000e+00
5.109043717384338379e-01 1.000000000000000000e+00 0.000000000000000000e+00 1.000000000000000000e+00
3.295071125030517578e-01 9.982548952102661133e-01 0.000000000000000000e+00 1.000000000000000000e+00
