1.000000000000000000e+00 9.686274528503417969e-01 9.843137264251708984e-01 1.000000000000000000e+00
9.976624250411987305e-01 9.660438299179077148e-01 9.829604029655456543e-01 1.000000000000000000e+00
9.953248500823974609e-01 9.634602069854736328e-01 9.816070795059204102e-01 1.000000000000000000e+00
9.929873347282409668e-01 9.608765840530395508e-01 9.802537560462951660e-01 1.000000000000000000e+00
9.906497597694396973e-01 9.582929611206054688e-01 9.789004325866699219e-01 1.000000000000000000e+00
9.883121848106384277e-01 9.557093381881713867e-01 9.775471091270446777e-01 1.000000000000000000e+00
9.859746098518371582e-01 9.531257152557373047e-01 9.761937856674194336e-01 1.000000000000000000e+00
9.836370348930358887e-01 9.505420923233032227e-01 9.748404622077941895e-01 1.000000000000000000e+00
9.812995195388793945e-01 9.479584693908691406e-01 9.734871387481689453e-01 1.000000000000000000e+00
9.789619445800781250e-01 9.453748464584350586e-01 9.721338152885437012e-01 1.000000000000000000e+00
9.766243696212768555e-01 9.427912235260009766e-01 9.707804918289184570e-01 1.000000000000000000e+00
9.742867946624755859e-01 9.402076005935668945e-01 9.694271683692932129e-01 1.000000000000000000e+00
9.719492793083190918e-01 9.376239776611328125e-01 9.680738449096679688e-01 1.000000000000000000e+00
9.696117043495178223e-01 9.350403547286987305e-01 9.667205214500427246e-01 1.000000000000000000e+00
9.672741293907165527e-01 9.324567317962646484e-01 9.653671383857727051e-01 1.000000000000000000e+00
9.649365544319152832e-01 9.298731088638305664e-01 9.640138149261474609e-01 1.000000000000000000e+00
9.625989794731140137e-01 9.272894859313964844e-01 9.626604914665222168e-01 1.000000000000000000e+00
9.602614641189575195e-01 9.247058629989624023e-01 9.613071680068969727e-01 1.000000000000000000e+00
9.579238891601562500e-01 9.221222400665283203e-01 9.599538445472717285e-01 1.000000000000000000e+00
9.555863142013549805e-01 9.195386171340942383e-01 9.586005210876464844e-01 1.000000000000000000e+00
9.532487392425537109e-01 9.169549942016601562e-01 9.572471976280212402e-01 1.000000000000000000e+00
9.509111642837524414e-01 9.143713712692260742e-01 9.558938741683959961e-01 1.000000000000000000e+00
9.485736489295959473e-01 9.117877483367919922e-01 9.545405507087707520e-01 1.000000000000000000e+00
9.462360739707946777e-01 9.092041254043579102e-01 9.531872272491455078e-01 1.000000000000000000e+00
9.438984990119934082e-01 9.066205024719238281e-01 9.518339037895202637e-01 1.000000000000000000e+00
9.415609240531921387e-01 9.040368795394897461e-01 9.504805803298950195e-01 1.000000000000000000e+00
9.392233490943908691e-01 9.014533162117004395e-01 9.491272568702697754e-01 1.000000000000000000e+00
9.368858337402343750e-01 8.988696932792663574e-01 9.477739334106445312e-01 1.000000000000000000e+00
9.345482587814331055e-01 8.962860703468322754e-01 9.464206099510192871e-01 1.000000000000000000e+00
9.322106838226318359e-01 8.937024474143981934e-01 9.450672864913940430e-01 1.000000000000000000e+00
9.298731088638305664e-01 8.911188244819641113e-01 9.437139630317687988e-01 1.000000000000000000e+00
9.275355339050292969e-01 8.885352015495300293e-01 9.423606395721435547e-01 1.000000000000000000e+00
9.250596165657043457e-01 8.860130906105041504e-01 9.410226941108703613e-01 1.000000000000000000e+00
9.216147661209106445e-01 8.839215636253356934e-01 9.397923946380615234e-01 1.000000000000000000e+00
9.181699156761169434e-01 8.818300366401672363e-01 9.385620951652526855e-01 1.000000000000000000e+00
9.147251248359680176e-01 8.797385692596435547e-01 9.373317956924438477e-01 1.000000000000000000e+00
9.112802743911743164e-01 8.776470422744750977e-01 9.361014962196350098e-01 1.000000000000000000e+00
9.078354239463806152e-01 8.755555748939514160e-01 9.348711967468261719e-01 1.000000000000000000e+00
9.043906331062316895e-01 8.734640479087829590e-01 9.336408972740173340e-01 1.000000000000000000e+00
9.009457826614379883e-01 8.713725209236145020e-01 9.324105978012084961e-01 1.000000000000000000e+00
8.975009322166442871e-01 8.692810535430908203e-01 9.311802983283996582e-01 1.000000000000000000e+00
8.940561413764953613e-01 8.671895265579223633e-01 9.299499988555908203e-01 1.000000000000000000e+00
8.906112909317016602e-01 8.650980591773986816e-01 9.287196993827819824e-01 1.000000000000000000e+00
8.871665000915527344e-01 8.630065321922302246e-01 9.274893999099731445e-01 1.000000000000000000e+00
8.837216496467590332e-01 8.609150052070617676e-01 9.262591600418090820e-01 1.000000000000000000e+00
8.802767992019653320e-01 8.588235378265380859e-01 9.250288605690002441e-01 1.000000000000000000e+00
8.768320083618164062e-01 8.567320108413696289e-01 9.237985610961914062e-01 1.000000000000000000e+00
8.733871579170227051e-01 8.546405434608459473e-01 9.225682616233825684e-01 1.000000000000000000e+00
8.699423074722290039e-01 8.525490164756774902e-01 9.213379621505737305e-01 1.000000000000000000e+00
8.664975166320800781e-01 8.504574894905090332e-01 9.201076626777648926e-01 1.000000000000000000e+00
8.630526661872863770e-01 8.483660221099853516e-01 9.188773632049560547e-01 1.000000000000000000e+00
8.596078157424926758e-01 8.462744951248168945e-01 9.176470637321472168e-01 1.000000000000000000e+00
8.561630249023437500e-01 8.441830277442932129e-01 9.164167642593383789e-01 1.000000000000000000e+00
8.527181744575500488e-01 8.420915007591247559e-01 9.151864647865295410e-01 1.000000000000000000e+00
8.492733836174011230e-01 8.399999737739562988e-01 9.139561653137207031e-01 1.000000000000000000e+00
8.458285331726074219e-01 8.379085063934326172e-01 9.127258658409118652e-01 1.000000000000000000e+00
8.423836827278137207e-01 8.358169794082641602e-01 9.114955663681030273e-01 1.000000000000000000e+00
8.389388918876647949e-01 8.337255120277404785e-01 9.102652668952941895e-01 1.000000000000000000e+00
8.354940414428710938e-01 8.316339850425720215e-01 9.090349674224853516e-01 1.000000000000000000e+00
8.320491909980773926e-01 8.295424580574035645e-01 9.078046679496765137e-01 1.000000000000000000e+00
8.286044001579284668e-01 8.274509906768798828e-01 9.065743684768676758e-01 1.000000000000000000e+00
8.251595497131347656e-01 8.253594636917114258e-01 9.053440690040588379e-01 1.000000000000000000e+00
8.217146992683410645e-01 8.232679963111877441e-01 9.041138291358947754e-01 1.000000000000000000e+00
8.182699084281921387e-01 8.211764693260192871e-01 9.028835296630859375e-01 1.000000000000000000e+00
8.143944740295410156e-01 8.189926743507385254e-01 9.016224741935729980e-01 1.000000000000000000e+00
8.092272281646728516e-01 8.165320754051208496e-01 9.002691507339477539e-01 1.000000000000000000e+00
8.040599822998046875e-01 8.140715360641479492e-01 8.989158272743225098e-01 1.000000000000000000e+00
7.988927364349365234e-01 8.116109371185302734e-01 8.975625038146972656e-01 1.000000000000000000e+00
7.937254905700683594e-01 8.091503381729125977e-01 8.962091207504272461e-01 1.000000000000000000e+00
7.885582447052001953e-01 8.066897392272949219e-01 8.948557972908020020e-01 1.000000000000000000e+00
7.833909988403320312e-01 8.042291402816772461e-01 8.935024738311767578e-01 1.000000000000000000e+00
7.782237529754638672e-01 8.017685413360595703e-01 8.921491503715515137e-01 1.000000000000000000e+00
7.730565071105957031e-01 7.993079423904418945e-01 8.907958269119262695e-01 1.000000000000000000e+00
7.678892612457275391e-01 7.968473434448242188e-01 8.894425034523010254e-01 1.000000000000000000e+00
7.627220153808593750e-01 7.943868041038513184e-01 8.880891799926757812e-01 1.000000000000000000e+00
7.575547695159912109e-01 7.919262051582336426e-01 8.867358565330505371e-01 1.000000000000000000e+00
7.523875236511230469e-01 7.894656062126159668e-01 8.853825330734252930e-01 1.000000000000000000e+00
7.472202777862548828e-01 7.870050072669982910e-01 8.840292096138000488e-01 1.000000000000000000e+00
7.420530319213867188e-01 7.845444083213806152e-01 8.826758861541748047e-01 1.000000000000000000e+00
7.368857860565185547e-01 7.820838093757629395e-01 8.813225626945495605e-01 1.000000000000000000e+00
7.317185401916503906e-01 7.796232104301452637e-01 8.799692392349243164e-01 1.000000000000000000e+00
7.265513539314270020e-01 7.771626114845275879e-01 8.786159157752990723e-01 1.000000000000000000e+00
7.213841080665588379e-01 7.747020125389099121e-01 8.772625923156738281e-01 1.000000000000000000e+00
7.162168622016906738e-01 7.722414731979370117e-01 8.759092688560485840e-01 1.000000000000000000e+00
7.110496163368225098e-01 7.697808742523193359e-01 8.745559453964233398e-01 1.000000000000000000e+00
7.058823704719543457e-01 7.673202753067016602e-01 8.732026219367980957e-01 1.000000000000000000e+00
7.007151246070861816e-01 7.648596763610839844e-01 8.718492984771728516e-01 1.000000000000000000e+00
6.955478787422180176e-01 7.623990774154663086e-01 8.704959750175476074e-01 1.000000000000000000e+00
6.903806328773498535e-01 7.599384784698486328e-01 8.691426515579223633e-01 1.000000000000000000e+00
6.852133870124816895e-01 7.574778795242309570e-01 8.677893280982971191e-01 1.000000000000000000e+00
6.800461411476135254e-01 7.550172805786132812e-01 8.664360046386718750e-01 1.000000000000000000e+00
6.748788952827453613e-01 7.525566816329956055e-01 8.650826811790466309e-01 1.000000000000000000e+00
6.697116494178771973e-01 7.500961422920227051e-01 8.637293577194213867e-01 1.000000000000000000e+00
6.645444035530090332e-01 7.476355433464050293e-01 8.623760342597961426e-01 1.000000000000000000e+00
6.593771576881408691e-01 7.451749444007873535e-01 8.610227108001708984e-01 1.000000000000000000e+00
6.542099118232727051e-01 7.427143454551696777e-01 8.596693873405456543e-01 1.000000000000000000e+00
6.480737924575805664e-01 7.402537465095520020e-01 8.582698702812194824e-01 1.000000000000000000e+00
6.403229236602783203e-01 7.377931475639343262e-01 8.567935228347778320e-01 1.000000000000000000e+00
6.325721144676208496e-01 7.353325486183166504e-01 8.553171753883361816e-01 1.000000000000000000e+00
6.248212456703186035e-01 7.328719496726989746e-01 8.538408279418945312e-01 1.000000000000000000e+00
6.170703768730163574e-01 7.304113507270812988e-01 8.523644804954528809e-01 1.000000000000000000e+00
6.093195080757141113e-01 7.279508113861083984e-01 8.508881330490112305e-01 1.000000000000000000e+00
6.015686392784118652e-01 7.254902124404907227e-01 8.494117856025695801e-01 1.000000000000000000e+00
5.938177704811096191e-01 7.230296134948730469e-01 8.479354381561279297e-01 1.000000000000000000e+00
5.860669016838073730e-01 7.205690145492553711e-01 8.464590311050415039e-01 1.000000000000000000e+00
5.783160328865051270e-01 7.181084156036376953e-01 8.449826836585998535e-01 1.000000000000000000e+00
5.705651640892028809e-01 7.156478166580200195e-01 8.435063362121582031e-01 1.000000000000000000e+00
5.628142952919006348e-01 7.131872177124023438e-01 8.420299887657165527e-01 1.000000000000000000e+00
5.550634264945983887e-01 7.107266187667846680e-01 8.405536413192749023e-01 1.000000000000000000e+00
5.473125576972961426e-01 7.082660794258117676e-01 8.390772938728332520e-01 1.000000000000000000e+00
5.395616888999938965e-01 7.058054804801940918e-01 8.376009464263916016e-01 1.000000000000000000e+00
5.318108201026916504e-01 7.033448815345764160e-01 8.361245393753051758e-01 1.000000000000000000e+00
5.240599513053894043e-01 7.008842825889587402e-01 8.346481919288635254e-01 1.000000000000000000e+00
5.163090825080871582e-01 6.984236836433410645e-01 8.331718444824218750e-01 1.000000000000000000e+00
5.085582733154296875e-01 6.959630846977233887e-01 8.316954970359802246e-01 1.000000000000000000e+00
5.008074045181274414e-01 6.935024857521057129e-01 8.302191495895385742e-01 1.000000000000000000e+00
4.930565059185028076e-01 6.910418868064880371e-01 8.287428021430969238e-01 1.000000000000000000e+00
4.853056371212005615e-01 6.885812878608703613e-01 8.272664546966552734e-01 1.000000000000000000e+00
4.775547981262207031e-01 6.861207485198974609e-01 8.257901072502136230e-01 1.000000000000000000e+00
4.698039293289184570e-01 6.836601495742797852e-01 8.243137001991271973e-01 1.000000000000000000e+00
4.620530605316162109e-01 6.811995506286621094e-01 8.228373527526855469e-01 1.000000000000000000e+00
4.543021917343139648e-01 6.787389516830444336e-01 8.213610053062438965e-01 1.000000000000000000e+00
4.465513229370117188e-01 6.762783527374267578e-01 8.198846578598022461e-01 1.000000000000000000e+00
4.388004541397094727e-01 6.738177537918090820e-01 8.184083104133605957e-01 1.000000000000000000e+00
4.310495853424072266e-01 6.713571548461914062e-01 8.169319629669189453e-01 1.000000000000000000e+00
4.232987165451049805e-01 6.688965559005737305e-01 8.154556155204772949e-01 1.000000000000000000e+00
4.155478775501251221e-01 6.664359569549560547e-01 8.139792680740356445e-01 1.000000000000000000e+00
4.077970087528228760e-01 6.639754176139831543e-01 8.125028610229492188e-01 1.000000000000000000e+00
4.009073376655578613e-01 6.612071990966796875e-01 8.108419775962829590e-01 1.000000000000000000e+00
3.948788940906524658e-01 6.581314802169799805e-01 8.089965581893920898e-01 1.000000000000000000e+00
3.888504505157470703e-01 6.550557613372802734e-01 8.071510791778564453e-01 1.000000000000000000e+00
3.828219771385192871e-01 6.519799828529357910e-01 8.053056597709655762e-01 1.000000000000000000e+00
3.767935335636138916e-01 6.489042639732360840e-01 8.034601807594299316e-01 1.000000000000000000e+00
3.707650899887084961e-01 6.458285450935363770e-01 8.016147613525390625e-01 1.000000000000000000e+00
3.647366464138031006e-01 6.427527666091918945e-01 7.997693419456481934e-01 1.000000000000000000e+00
3.587082028388977051e-01 6.396770477294921875e-01 7.979238629341125488e-01 1.000000000000000000e+00
3.526797294616699219e-01 6.366013288497924805e-01 7.960784435272216797e-01 1.000000000000000000e+00
3.466512858867645264e-01 6.335255503654479980e-01 7.942329645156860352e-01 1.000000000000000000e+00
3.406228423118591309e-01 6.304498314857482910e-01 7.923875451087951660e-01 1.000000000000000000e+00
3.345943987369537354e-01 6.273741126060485840e-01 7.905421257019042969e-01 1.000000000000000000e+00
3.285659253597259521e-01 6.242983341217041016e-01 7.886966466903686523e-01 1.000000000000000000e+00
3.225374817848205566e-01 6.212226152420043945e-01 7.868512272834777832e-01 1.000000000000000000e+00
3.165090382099151611e-01 6.181468963623046875e-01 7.850057482719421387e-01 1.000000000000000000e+00
3.104805946350097656e-01 6.150711178779602051e-01 7.831603288650512695e-01 1.000000000000000000e+00
3.044521212577819824e-01 6.119953989982604980e-01 7.813148498535156250e-01 1.000000000000000000e+00
2.984236776828765869e-01 6.089196205139160156e-01 7.794694304466247559e-01 1.000000000000000000e+00
2.923952341079711914e-01 6.058439016342163086e-01 7.776240110397338867e-01 1.000000000000000000e+00
2.863667905330657959e-01 6.027681827545166016e-01 7.757785320281982422e-01 1.000000000000000000e+00
2.803383171558380127e-01 5.996924042701721191e-01 7.739331126213073730e-01 1.000000000000000000e+00
2.743098735809326172e-01 5.966166853904724121e-01 7.720876336097717285e-01 1.000000000000000000e+00
2.682814300060272217e-01 5.935409665107727051e-01 7.702422142028808594e-01 1.000000000000000000e+00
2.622529864311218262e-01 5.904651880264282227e-01 7.683967947959899902e-01 1.000000000000000000e+00
2.562245428562164307e-01 5.873894691467285156e-01 7.665513157844543457e-01 1.000000000000000000e+00
2.501960694789886475e-01 5.843137502670288086e-01 7.647058963775634766e-01 1.000000000000000000e+00
2.441676259040832520e-01 5.812379717826843262e-01 7.628604173660278320e-01 1.000000000000000000e+00
2.381391823291778564e-01 5.781622529029846191e-01 7.610149979591369629e-01 1.000000000000000000e+00
2.321107238531112671e-01 5.750865340232849121e-01 7.591695785522460938e-01 1.000000000000000000e+00
2.260822802782058716e-01 5.720107555389404297e-01 7.573240995407104492e-01 1.000000000000000000e+00
2.200538218021392822e-01 5.689350366592407227e-01 7.554786801338195801e-01 1.000000000000000000e+00
2.140253782272338867e-01 5.658592581748962402e-01 7.536332011222839355e-01 1.000000000000000000e+00
2.077662497758865356e-01 5.635524988174438477e-01 7.487889528274536133e-01 1.000000000000000000e+00
2.013687044382095337e-01 5.617070198059082031e-01 7.421452999114990234e-01 1.000000000000000000e+00
1.949711591005325317e-01 5.598616003990173340e-01 7.355017066001892090e-01 1.000000000000000000e+00
1.885736286640167236e-01 5.580161213874816895e-01 7.288581132888793945e-01 1.000000000000000000e+00
1.821760833263397217e-01 5.561707019805908203e-01 7.222145199775695801e-01 1.000000000000000000e+00
1.757785528898239136e-01 5.543252825736999512e-01 7.155709266662597656e-01 1.000000000000000000e+00
1.693810075521469116e-01 5.524798035621643066e-01 7.089273333549499512e-01 1.000000000000000000e+00
1.629834622144699097e-01 5.506343841552734375e-01 7.022837400436401367e-01 1.000000000000000000e+00
1.565859317779541016e-01 5.487889051437377930e-01 6.956401467323303223e-01 1.000000000000000000e+00
1.501883864402770996e-01 5.469434857368469238e-01 6.889965534210205078e-01 1.000000000000000000e+00
1.437908560037612915e-01 5.450980663299560547e-01 6.823529601097106934e-01 1.000000000000000000e+00
1.373933106660842896e-01 5.432525873184204102e-01 6.757093667984008789e-01 1.000000000000000000e+00
1.309957653284072876e-01 5.414071679115295410e-01 6.690657734870910645e-01 1.000000000000000000e+00
1.245982348918914795e-01 5.395616888999938965e-01 6.624221205711364746e-01 1.000000000000000000e+00
1.182006895542144775e-01 5.377162694931030273e-01 6.557785272598266602e-01 1.000000000000000000e+00
1.118031516671180725e-01 5.358707904815673828e-01 6.491349339485168457e-01 1.000000000000000000e+00
1.054056137800216675e-01 5.340253710746765137e-01 6.424913406372070312e-01 1.000000000000000000e+00
9.900807589292526245e-02 5.321799516677856445e-01 6.358477473258972168e-01 1.000000000000000000e+00
9.261053800582885742e-02 5.303344726562500000e-01 6.292041540145874023e-01 1.000000000000000000e+00
8.621299266815185547e-02 5.284890532493591309e-01 6.225605607032775879e-01 1.000000000000000000e+00
7.981545478105545044e-02 5.266435742378234863e-01 6.159169673919677734e-01 1.000000000000000000e+00
7.341791689395904541e-02 5.247981548309326172e-01 6.092733740806579590e-01 1.000000000000000000e+00
6.702037900686264038e-02 5.229527354240417480e-01 6.026297807693481445e-01 1.000000000000000000e+00
6.062283739447593689e-02 5.211072564125061035e-01 5.959861874580383301e-01 1.000000000000000000e+00
5.422529950737953186e-02 5.192618370056152344e-01 5.893425345420837402e-01 1.000000000000000000e+00
4.782775789499282837e-02 5.174163579940795898e-01 5.826989412307739258e-01 1.000000000000000000e+00
4.143022000789642334e-02 5.155709385871887207e-01 5.760553479194641113e-01 1.000000000000000000e+00
3.503267839550971985e-02 5.137255191802978516e-01 5.694117546081542969e-01 1.000000000000000000e+00
2.863514050841331482e-02 5.118800401687622070e-01 5.627681612968444824e-01 1.000000000000000000e+00
2.223760075867176056e-02 5.100346207618713379e-01 5.561245679855346680e-01 1.000000000000000000e+00
1.584006100893020630e-02 5.081891417503356934e-01 5.494809746742248535e-01 1.000000000000000000e+00
9.442522190511226654e-03 5.063437223434448242e-01 5.428373813629150391e-01 1.000000000000000000e+00
7.750865072011947632e-03 5.039446353912353516e-01 5.366551280021667480e-01 1.000000000000000000e+00
7.627835497260093689e-03 5.013610124588012695e-01 5.306266546249389648e-01 1.000000000000000000e+00
7.504805922508239746e-03 4.987773895263671875e-01 5.245982408523559570e-01 1.000000000000000000e+00
7.381776347756385803e-03 4.961937665939331055e-01 5.185697674751281738e-01 1.000000000000000000e+00
7.258746773004531860e-03 4.936101436614990234e-01 5.125413537025451660e-01 1.000000000000000000e+00
7.135717198252677917e-03 4.910265207290649414e-01 5.065128803253173828e-01 1.000000000000000000e+00
7.012687623500823975e-03 4.884428977966308594e-01 5.004844069480895996e-01 1.000000000000000000e+00
6.889658048748970032e-03 4.858592748641967773e-01 4.944559931755065918e-01 1.000000000000000000e+00
6.766628008335828781e-03 4.832756519317626953e-01 4.884275197982788086e-01 1.000000000000000000e+00
6.643598433583974838e-03 4.806920289993286133e-01 4.823990762233734131e-01 1.000000000000000000e+00
6.520568858832120895e-03 4.781084060668945312e-01 4.763706326484680176e-01 1.000000000000000000e+00
6.397539284080266953e-03 4.755248129367828369e-01 4.703421890735626221e-01 1.000000000000000000e+00
6.274509709328413010e-03 4.729411900043487549e-01 4.643137156963348389e-01 1.000000000000000000e+00
6.151480134576559067e-03 4.703575670719146729e-01 4.582852721214294434e-01 1.000000000000000000e+00
6.028450559824705124e-03 4.677739441394805908e-01 4.522568285465240479e-01 1.000000000000000000e+00
5.905420985072851181e-03 4.651903212070465088e-01 4.462283849716186523e-01 1.000000000000000000e+00
5.782391410320997238e-03 4.626066982746124268e-01 4.401999115943908691e-01 1.000000000000000000e+00
5.659361835569143295e-03 4.600230753421783447e-01 4.341714680194854736e-01 1.000000000000000000e+00
5.536332260817289352e-03 4.574394524097442627e-01 4.281430244445800781e-01 1.000000000000000000e+00
5.413302686065435410e-03 4.548558294773101807e-01 4.221145808696746826e-01 1.000000000000000000e+00
5.290273111313581467e-03 4.522722065448760986e-01 4.160861074924468994e-01 1.000000000000000000e+00
5.167243536561727524e-03 4.496885836124420166e-01 4.100576639175415039e-01 1.000000000000000000e+00
5.044213961809873581e-03 4.471049606800079346e-01 4.040292203426361084e-01 1.000000000000000000e+00
4.921184387058019638e-03 4.445213377475738525e-01 3.980007767677307129e-01 1.000000000000000000e+00
4.798154346644878387e-03 4.419377148151397705e-01 3.919723331928253174e-01 1.000000000000000000e+00
4.675124771893024445e-03 4.393540918827056885e-01 3.859438598155975342e-01 1.000000000000000000e+00
4.552095197141170502e-03 4.367704689502716064e-01 3.799154162406921387e-01 1.000000000000000000e+00
4.429065622389316559e-03 4.341868460178375244e-01 3.738869726657867432e-01 1.000000000000000000e+00
4.306036047637462616e-03 4.316032230854034424e-01 3.678585290908813477e-01 1.000000000000000000e+00
4.183006472885608673e-03 4.290196001529693604e-01 3.618300557136535645e-01 1.000000000000000000e+00
4.059976898133754730e-03 4.264359772205352783e-01 3.558016121387481689e-01 1.000000000000000000e+00
3.936947323381900787e-03 4.238523542881011963e-01 3.497731685638427734e-01 1.000000000000000000e+00
3.921568859368562698e-03 4.194386899471282959e-01 3.452518284320831299e-01 1.000000000000000000e+00
3.921568859368562698e-03 4.147635400295257568e-01 3.409457802772521973e-01 1.000000000000000000e+00
3.921568859368562698e-03 4.100884199142456055e-01 3.366397619247436523e-01 1.000000000000000000e+00
3.921568859368562698e-03 4.054132997989654541e-01 3.323337137699127197e-01 1.000000000000000000e+00
3.921568859368562698e-03 4.007381796836853027e-01 3.280276954174041748e-01 1.000000000000000000e+00
3.921568859368562698e-03 3.960630595684051514e-01 3.237216472625732422e-01 1.000000000000000000e+00
3.921568859368562698e-03 3.913879394531250000e-01 3.194155991077423096e-01 1.000000000000000000e+00
3.921568859368562698e-03 3.867127895355224609e-01 3.151095807552337646e-01 1.000000000000000000e+00
3.921568859368562698e-03 3.820376694202423096e-01 3.108035326004028320e-01 1.000000000000000000e+00
3.921568859368562698e-03 3.773625493049621582e-01 3.064975142478942871e-01 1.000000000000000000e+00
3.921568859368562698e-03 3.726874291896820068e-01 3.021914660930633545e-01 1.000000000000000000e+00
3.921568859368562698e-03 3.680123090744018555e-01 2.978854179382324219e-01 1.000000000000000000e+00
3.921568859368562698e-03 3.633371889591217041e-01 2.935793995857238770e-01 1.000000000000000000e+00
3.921568859368562698e-03 3.586620390415191650e-01 2.892733514308929443e-01 1.000000000000000000e+00
3.921568859368562698e-03 3.539869189262390137e-01 2.849673330783843994e-01 1.000000000000000000e+00
3.921568859368562698e-03 3.493117988109588623e-01 2.806612849235534668e-01 1.000000000000000000e+00
3.921568859368562698e-03 3.446366786956787109e-01 2.763552367687225342e-01 1.000000000000000000e+00
3.921568859368562698e-03 3.399615585803985596e-01 2.720492184162139893e-01 1.000000000000000000e+00
3.921568859368562698e-03 3.352864384651184082e-01 2.677431702613830566e-01 1.000000000000000000e+00
3.921568859368562698e-03 3.306112885475158691e-01 2.634371519088745117e-01 1.000000000000000000e+00
3.921568859368562698e-03 3.259361684322357178e-01 2.591311037540435791e-01 1.000000000000000000e+00
3.921568859368562698e-03 3.212610483169555664e-01 2.548250555992126465e-01 1.000000000000000000e+00
3.921568859368562698e-03 3.165859282016754150e-01 2.505190372467041016e-01 1.000000000000000000e+00
3.921568859368562698e-03 3.119108080863952637e-01 2.462129890918731689e-01 1.000000000000000000e+00
3.921568859368562698e-03 3.072356879711151123e-01 2.419069558382034302e-01 1.000000000000000000e+00
3.921568859368562698e-03 3.025605678558349609e-01 2.376009225845336914e-01 1.000000000000000000e+00
3.921568859368562698e-03 2.978854179382324219e-01 2.332948893308639526e-01 1.000000000000000000e+00
3.921568859368562698e-03 2.932102978229522705e-01 2.289888560771942139e-01 1.000000000000000000e+00
3.921568859368562698e-03 2.885351777076721191e-01 2.246828079223632812e-01 1.000000000000000000e+00
3.921568859368562698e-03 2.838600575923919678e-01 2.203767746686935425e-01 1.000000000000000000e+00
3.921568859368562698e-03 2.791849374771118164e-01 2.160707414150238037e-01 1.000000000000000000e+00
3.921568859368562698e-03 2.745098173618316650e-01 2.117647081613540649e-01 1.000000000000000000e+00
