4.980392158031463623e-01 2.313725501298904419e-01 3.137255087494850159e-02 1.000000000000000000e+00
5.060361623764038086e-01 2.358323782682418823e-01 3.106497414410114288e-02 1.000000000000000000e+00
5.140330791473388672e-01 2.402921915054321289e-01 3.075740113854408264e-02 1.000000000000000000e+00
5.220299959182739258e-01 2.447520196437835693e-01 3.044982627034187317e-02 1.000000000000000000e+00
5.300269126892089844e-01 2.492118477821350098e-01 3.014225326478481293e-02 1.000000000000000000e+00
5.380238294601440430e-01 2.536716759204864502e-01 2.983467839658260345e-02 1.000000000000000000e+00
5.460207462310791016e-01 2.581314742565155029e-01 2.952710539102554321e-02 1.000000000000000000e+00
5.540176630020141602e-01 2.625913023948669434e-01 2.921953052282333374e-02 1.000000000000000000e+00
5.620146393775939941e-01 2.670511305332183838e-01 2.891195751726627350e-02 1.000000000000000000e+00
5.700115561485290527e-01 2.715109586715698242e-01 2.860438264906406403e-02 1.000000000000000000e+00
5.780084729194641113e-01 2.759707868099212646e-01 2.829680964350700378e-02 1.000000000000000000e+00
5.860053896903991699e-01 2.804306149482727051e-01 2.798923477530479431e-02 1.000000000000000000e+00
5.940023064613342285e-01 2.848904132843017578e-01 2.768166176974773407e-02 1.000000000000000000e+00
6.019992232322692871e-01 2.893502414226531982e-01 2.737408690154552460e-02 1.000000000000000000e+00
6.099961400032043457e-01 2.938100695610046387e-01 2.706651203334331512e-02 1.000000000000000000e+00
6.179930567741394043e-01 2.982698976993560791e-01 2.675893902778625488e-02 1.000000000000000000e+00
6.259900331497192383e-01 3.027297258377075195e-01 2.645136415958404541e-02 1.000000000000000000e+00
6.339869499206542969e-01 3.071895539760589600e-01 2.614379115402698517e-02 1.000000000000000000e+00
6.419838666915893555e-01 3.116493523120880127e-01 2.583621628582477570e-02 1.000000000000000000e+00
6.499807834625244141e-01 3.161091804504394531e-01 2.552864328026771545e-02 1.000000000000000000e+00
6.579777002334594727e-01 3.205690085887908936e-01 2.522106841206550598e-02 1.000000000000000000e+00
6.659746170043945312e-01 3.250288367271423340e-01 2.491349540650844574e-02 1.000000000000000000e+00
6.739715337753295898e-01 3.294886648654937744e-01 2.460592053830623627e-02 1.000000000000000000e+00
6.819684505462646484e-01 3.339484930038452148e-01 2.429834753274917603e-02 1.000000000000000000e+00
6.899654269218444824e-01 3.384082913398742676e-01 2.399077266454696655e-02 1.000000000000000000e+00
6.979623436927795410e-01 3.428681194782257080e-01 2.368319965898990631e-02 1.000000000000000000e+00
7.054209709167480469e-01 3.483275771141052246e-01 2.460592053830623627e-02 1.000000000000000000e+00
7.123414278030395508e-01 3.547866344451904297e-01 2.675893902778625488e-02 1.000000000000000000e+00
7.192618250846862793e-01 3.612456619739532471e-01 2.891195751726627350e-02 1.000000000000000000e+00
7.261822223663330078e-01 3.677047193050384521e-01 3.106497414410114288e-02 1.000000000000000000e+00
7.331026792526245117e-01 3.741637766361236572e-01 3.321799263358116150e-02 1.000000000000000000e+00
7.400230765342712402e-01 3.806228339672088623e-01 3.537101298570632935e-02 1.000000000000000000e+00
7.469434738159179688e-01 3.870818912982940674e-01 3.752402961254119873e-02 1.000000000000000000e+00
7.538638710975646973e-01 3.935409486293792725e-01 3.967704623937606812e-02 1.000000000000000000e+00
7.607843279838562012e-01 4.000000059604644775e-01 4.183006659150123596e-02 1.000000000000000000e+00
7.677047252655029297e-01 4.064590632915496826e-01 4.398308321833610535e-02 1.000000000000000000e+00
7.746251225471496582e-01 4.129181206226348877e-01 4.613609984517097473e-02 1.000000000000000000e+00
7.815455794334411621e-01 4.193771481513977051e-01 4.828912019729614258e-02 1.000000000000000000e+00
7.884659767150878906e-01 4.258362054824829102e-01 5.044213682413101196e-02 1.000000000000000000e+00
7.953863739967346191e-01 4.322952628135681152e-01 5.259515717625617981e-02 1.000000000000000000e+00
8.023068308830261230e-01 4.387543201446533203e-01 5.474817380309104919e-02 1.000000000000000000e+00
8.092272281646728516e-01 4.452133774757385254e-01 5.690119042992591858e-02 1.000000000000000000e+00
8.161476254463195801e-01 4.516724348068237305e-01 5.905421078205108643e-02 1.000000000000000000e+00
8.230680227279663086e-01 4.581314921379089355e-01 6.120722740888595581e-02 1.000000000000000000e+00
8.299884796142578125e-01 4.645905494689941406e-01 6.336024403572082520e-02 1.000000000000000000e+00
8.369088768959045410e-01 4.710496068000793457e-01 6.551326066255569458e-02 1.000000000000000000e+00
8.438292741775512695e-01 4.775086641311645508e-01 6.766628473997116089e-02 1.000000000000000000e+00
8.507497310638427734e-01 4.839676916599273682e-01 6.981930136680603027e-02 1.000000000000000000e+00
8.576701283454895020e-01 4.904267489910125732e-01 7.197231799364089966e-02 1.000000000000000000e+00
8.645905256271362305e-01 4.968858063220977783e-01 7.412533462047576904e-02 1.000000000000000000e+00
8.715109825134277344e-01 5.033448934555053711e-01 7.627835124731063843e-02 1.000000000000000000e+00
8.784313797950744629e-01 5.098039507865905762e-01 7.843137532472610474e-02 1.000000000000000000e+00
8.828911781311035156e-01 5.181084275245666504e-01 9.058054536581039429e-02 1.000000000000000000e+00
8.873510360717773438e-01 5.264129042625427246e-01 1.027297228574752808e-01 1.000000000000000000e+00
8.918108344078063965e-01 5.347174406051635742e-01 1.148788928985595703e-01 1.000000000000000000e+00
8.962706923484802246e-01 5.430219173431396484e-01 1.270280629396438599e-01 1.000000000000000000e+00
9.007304906845092773e-01 5.513263940811157227e-01 1.391772329807281494e-01 1.000000000000000000e+00
9.051902890205383301e-01 5.596309304237365723e-01 1.513264179229736328e-01 1.000000000000000000e+00
9.096501469612121582e-01 5.679354071617126465e-01 1.634755879640579224e-01 1.000000000000000000e+00
9.141099452972412109e-01 5.762398838996887207e-01 1.756247580051422119e-01 1.000000000000000000e+00
9.185698032379150391e-01 5.845444202423095703e-01 1.877739280462265015e-01 1.000000000000000000e+00
9.230296015739440918e-01 5.928488969802856445e-01 1.999231129884719849e-01 1.000000000000000000e+00
9.274893999099731445e-01 6.011533737182617188e-01 2.120722830295562744e-01 1.000000000000000000e+00
9.319492578506469727e-01 6.094579100608825684e-01 2.242214530706405640e-01 1.000000000000000000e+00
9.364090561866760254e-01 6.177623867988586426e-01 2.363706231117248535e-01 1.000000000000000000e+00
9.408689141273498535e-01 6.260669231414794922e-01 2.485197931528091431e-01 1.000000000000000000e+00
9.453287124633789062e-01 6.343713998794555664e-01 2.606689631938934326e-01 1.000000000000000000e+00
9.497885704040527344e-01 6.426758766174316406e-01 2.728181481361389160e-01 1.000000000000000000e+00
9.542483687400817871e-01 6.509804129600524902e-01 2.849673330783843994e-01 1.000000000000000000e+00
9.587081670761108398e-01 6.592848896980285645e-01 2.971164882183074951e-01 1.000000000000000000e+00
9.631680250167846680e-01 6.675893664360046387e-01 3.092656731605529785e-01 1.000000000000000000e+00
9.676278233528137207e-01 6.758939027786254883e-01 3.214148283004760742e-01 1.000000000000000000e+00
9.720876812934875488e-01 6.841983795166015625e-01 3.335640132427215576e-01 1.000000000000000000e+00
9.765474796295166016e-01 6.925028562545776367e-01 3.457131981849670410e-01 1.000000000000000000e+00
9.810072779655456543e-01 7.008073925971984863e-01 3.578623533248901367e-01 1.000000000000000000e+00
9.854671359062194824e-01 7.091118693351745605e-01 3.700115382671356201e-01 1.000000000000000000e+00
9.899269342422485352e-01 7.174164056777954102e-01 3.821606934070587158e-01 1.000000000000000000e+00
9.922337532043457031e-01 7.246443629264831543e-01 3.946174681186676025e-01 1.000000000000000000e+00
9.923875331878662109e-01 7.307958602905273438e-01 4.073817729949951172e-01 1.000000000000000000e+00
9.925413131713867188e-01 7.369473576545715332e-01 4.201461076736450195e-01 1.000000000000000000e+00
9.926950931549072266e-01 7.430987954139709473e-01 4.329104125499725342e-01 1.000000000000000000e+00
9.928489327430725098e-01 7.492502927780151367e-01 4.456747472286224365e-01 1.000000000000000000e+00
9.930027127265930176e-01 7.554017901420593262e-01 4.584390521049499512e-01 1.000000000000000000e+00
9.931564927101135254e-01 7.615532279014587402e-01 4.712033867835998535e-01 1.000000000000000000e+00
9.933102726936340332e-01 7.677047252655029297e-01 4.839676916599273682e-01 1.000000000000000000e+00
9.934640526771545410e-01 7.738562226295471191e-01 4.967320263385772705e-01 1.000000000000000000e+00
9.936178326606750488e-01 7.800076603889465332e-01 5.094963312149047852e-01 1.000000000000000000e+00
9.937716126441955566e-01 7.861591577529907227e-01 5.222606658935546875e-01 1.000000000000000000e+00
9.939253926277160645e-01 7.923106551170349121e-01 5.350250005722045898e-01 1.000000000000000000e+00
9.940791726112365723e-01 7.984621524810791016e-01 5.477893352508544922e-01 1.000000000000000000e+00
9.942330121994018555e-01 8.046135902404785156e-01 5.605536103248596191e-01 1.000000000000000000e+00
9.943867921829223633e-01 8.107650876045227051e-01 5.733179450035095215e-01 1.000000000000000000e+00
9.945405721664428711e-01 8.169165849685668945e-01 5.860822796821594238e-01 1.000000000000000000e+00
9.946943521499633789e-01 8.230680227279663086e-01 5.988466143608093262e-01 1.000000000000000000e+00
9.948481321334838867e-01 8.292195200920104980e-01 6.116108894348144531e-01 1.000000000000000000e+00
9.950019121170043945e-01 8.353710174560546875e-01 6.243752241134643555e-01 1.000000000000000000e+00
9.951556921005249023e-01 8.415225148200988770e-01 6.371395587921142578e-01 1.000000000000000000e+00
9.953094720840454102e-01 8.476739525794982910e-01 6.499038934707641602e-01 1.000000000000000000e+00
9.954633116722106934e-01 8.538254499435424805e-01 6.626682281494140625e-01 1.000000000000000000e+00
9.956170916557312012e-01 8.599769473075866699e-01 6.754325032234191895e-01 1.000000000000000000e+00
9.957708716392517090e-01 8.661283850669860840e-01 6.881968379020690918e-01 1.000000000000000000e+00
9.959246516227722168e-01 8.722798824310302734e-01 7.009611725807189941e-01 1.000000000000000000e+00
9.960784316062927246e-01 8.784313797950744629e-01 7.137255072593688965e-01 1.000000000000000000e+00
9.950019121170043945e-01 8.819684982299804688e-01 7.237216234207153320e-01 1.000000000000000000e+00
9.939253926277160645e-01 8.855055570602416992e-01 7.337177991867065430e-01 1.000000000000000000e+00
9.928489327430725098e-01 8.890426754951477051e-01 7.437139749526977539e-01 1.000000000000000000e+00
9.917724132537841797e-01 8.925797939300537109e-01 7.537100911140441895e-01 1.000000000000000000e+00
9.906958937644958496e-01 8.961168527603149414e-01 7.637062668800354004e-01 1.000000000000000000e+00
9.896193742752075195e-01 8.996539711952209473e-01 7.737024426460266113e-01 1.000000000000000000e+00
9.885428547859191895e-01 9.031910896301269531e-01 7.836985588073730469e-01 1.000000000000000000e+00
9.874663352966308594e-01 9.067282080650329590e-01 7.936947345733642578e-01 1.000000000000000000e+00
9.863898754119873047e-01 9.102652668952941895e-01 8.036909103393554688e-01 1.000000000000000000e+00
9.853133559226989746e-01 9.138023853302001953e-01 8.136870265007019043e-01 1.000000000000000000e+00
9.842368364334106445e-01 9.173395037651062012e-01 8.236832022666931152e-01 1.000000000000000000e+00
9.831603169441223145e-01 9.208765625953674316e-01 8.336793780326843262e-01 1.000000000000000000e+00
9.820837974548339844e-01 9.244136810302734375e-01 8.436754941940307617e-01 1.000000000000000000e+00
9.810072779655456543e-01 9.279507994651794434e-01 8.536716699600219727e-01 1.000000000000000000e+00
9.799308180809020996e-01 9.314879179000854492e-01 8.636678457260131836e-01 1.000000000000000000e+00
9.788542985916137695e-01 9.350249767303466797e-01 8.736639618873596191e-01 1.000000000000000000e+00
9.777777791023254395e-01 9.385620951652526855e-01 8.836601376533508301e-01 1.000000000000000000e+00
9.767012596130371094e-01 9.420992136001586914e-01 8.936563134193420410e-01 1.000000000000000000e+00
9.756247401237487793e-01 9.456362724304199219e-01 9.036524295806884766e-01 1.000000000000000000e+00
9.745482802391052246e-01 9.491733908653259277e-01 9.136486053466796875e-01 1.000000000000000000e+00
9.734717607498168945e-01 9.527105093002319336e-01 9.236447811126708984e-01 1.000000000000000000e+00
9.723952412605285645e-01 9.562475681304931641e-01 9.336408972740173340e-01 1.000000000000000000e+00
9.713187217712402344e-01 9.597846865653991699e-01 9.436370730400085449e-01 1.000000000000000000e+00
9.702422022819519043e-01 9.633218050003051758e-01 9.536331892013549805e-01 1.000000000000000000e+00
9.691656827926635742e-01 9.668589234352111816e-01 9.636293649673461914e-01 1.000000000000000000e+00
9.662437438964843750e-01 9.663975238800048828e-01 9.677047133445739746e-01 1.000000000000000000e+00
9.614763259887695312e-01 9.619377255439758301e-01 9.658592939376831055e-01 1.000000000000000000e+00
9.567089676856994629e-01 9.574778676033020020e-01 9.640138149261474609e-01 1.000000000000000000e+00
9.519415497779846191e-01 9.530180692672729492e-01 9.621683955192565918e-01 1.000000000000000000e+00
9.471741914749145508e-01 9.485582709312438965e-01 9.603229761123657227e-01 1.000000000000000000e+00
9.424067735671997070e-01 9.440984129905700684e-01 9.584774971008300781e-01 1.000000000000000000e+00
9.376393556594848633e-01 9.396386146545410156e-01 9.566320776939392090e-01 1.000000000000000000e+00
9.328719973564147949e-01 9.351787567138671875e-01 9.547865986824035645e-01 1.000000000000000000e+00
9.281045794486999512e-01 9.307189583778381348e-01 9.529411792755126953e-01 1.000000000000000000e+00
9.233371615409851074e-01 9.262591600418090820e-01 9.510957598686218262e-01 1.000000000000000000e+00
9.185698032379150391e-01 9.217993021011352539e-01 9.492502808570861816e-01 1.000000000000000000e+00
9.138023853302001953e-01 9.173395037651062012e-01 9.474048614501953125e-01 1.000000000000000000e+00
9.090349674224853516e-01 9.128796458244323730e-01 9.455593824386596680e-01 1.000000000000000000e+00
9.042676091194152832e-01 9.084198474884033203e-01 9.437139630317687988e-01 1.000000000000000000e+00
8.995001912117004395e-01 9.039599895477294922e-01 9.418684840202331543e-01 1.000000000000000000e+00
8.947327733039855957e-01 8.995001912117004395e-01 9.400230646133422852e-01 1.000000000000000000e+00
8.899654150009155273e-01 8.950403928756713867e-01 9.381776452064514160e-01 1.000000000000000000e+00
8.851979970932006836e-01 8.905805349349975586e-01 9.363321661949157715e-01 1.000000000000000000e+00
8.804305791854858398e-01 8.861207365989685059e-01 9.344867467880249023e-01 1.000000000000000000e+00
8.756632208824157715e-01 8.816608786582946777e-01 9.326412677764892578e-01 1.000000000000000000e+00
8.708958029747009277e-01 8.772010803222656250e-01 9.307958483695983887e-01 1.000000000000000000e+00
8.661283850669860840e-01 8.727412819862365723e-01 9.289504289627075195e-01 1.000000000000000000e+00
8.613610267639160156e-01 8.682814240455627441e-01 9.271049499511718750e-01 1.000000000000000000e+00
8.565936088562011719e-01 8.638216257095336914e-01 9.252595305442810059e-01 1.000000000000000000e+00
8.518261909484863281e-01 8.593617677688598633e-01 9.234140515327453613e-01 1.000000000000000000e+00
8.470588326454162598e-01 8.549019694328308105e-01 9.215686321258544922e-01 1.000000000000000000e+00
8.412148952484130859e-01 8.476739525794982910e-01 9.177239537239074707e-01 1.000000000000000000e+00
8.353710174560546875e-01 8.404459953308105469e-01 9.138792753219604492e-01 1.000000000000000000e+00
8.295270800590515137e-01 8.332179784774780273e-01 9.100345969200134277e-01 1.000000000000000000e+00
8.236832022666931152e-01 8.259900212287902832e-01 9.061899185180664062e-01 1.000000000000000000e+00
8.178392648696899414e-01 8.187620043754577637e-01 9.023452401161193848e-01 1.000000000000000000e+00
8.119953870773315430e-01 8.115340471267700195e-01 8.985005617141723633e-01 1.000000000000000000e+00
8.061515092849731445e-01 8.043060302734375000e-01 8.946558833122253418e-01 1.000000000000000000e+00
8.003075718879699707e-01 7.970780730247497559e-01 8.908112049102783203e-01 1.000000000000000000e+00
7.944636940956115723e-01 7.898500561714172363e-01 8.869665265083312988e-01 1.000000000000000000e+00
7.886197566986083984e-01 7.826220393180847168e-01 8.831218481063842773e-01 1.000000000000000000e+00
7.827758789062500000e-01 7.753940820693969727e-01 8.792772293090820312e-01 1.000000000000000000e+00
7.769319415092468262e-01 7.681660652160644531e-01 8.754325509071350098e-01 1.000000000000000000e+00
7.710880637168884277e-01 7.609381079673767090e-01 8.715878725051879883e-01 1.000000000000000000e+00
7.652441263198852539e-01 7.537100911140441895e-01 8.677431941032409668e-01 1.000000000000000000e+00
7.594002485275268555e-01 7.464821338653564453e-01 8.638985157012939453e-01 1.000000000000000000e+00
7.535563111305236816e-01 7.392541170120239258e-01 8.600538372993469238e-01 1.000000000000000000e+00
7.477124333381652832e-01 7.320261597633361816e-01 8.562091588973999023e-01 1.000000000000000000e+00
7.418684959411621094e-01 7.247981429100036621e-01 8.523644804954528809e-01 1.000000000000000000e+00
7.360246181488037109e-01 7.175701856613159180e-01 8.485198020935058594e-01 1.000000000000000000e+00
7.301806807518005371e-01 7.103421688079833984e-01 8.446751236915588379e-01 1.000000000000000000e+00
7.243368029594421387e-01 7.031142115592956543e-01 8.408304452896118164e-01 1.000000000000000000e+00
7.184928655624389648e-01 6.958861947059631348e-01 8.369857668876647949e-01 1.000000000000000000e+00
7.126489877700805664e-01 6.886582374572753906e-01 8.331410884857177734e-01 1.000000000000000000e+00
7.068050503730773926e-01 6.814302206039428711e-01 8.292964100837707520e-01 1.000000000000000000e+00
7.009611725807189941e-01 6.742022037506103516e-01 8.254517316818237305e-01 1.000000000000000000e+00
6.941945552825927734e-01 6.662821769714355469e-01 8.206074833869934082e-01 1.000000000000000000e+00
6.865051984786987305e-01 6.576701402664184570e-01 8.147635459899902344e-01 1.000000000000000000e+00
6.788158416748046875e-01 6.490580439567565918e-01 8.089196681976318359e-01 1.000000000000000000e+00
6.711264848709106445e-01 6.404460072517395020e-01 8.030757308006286621e-01 1.000000000000000000e+00
6.634371280670166016e-01 6.318339109420776367e-01 7.972318530082702637e-01 1.000000000000000000e+00
6.557477712631225586e-01 6.232218146324157715e-01 7.913879156112670898e-01 1.000000000000000000e+00
6.480584144592285156e-01 6.146097779273986816e-01 7.855440378189086914e-01 1.000000000000000000e+00
6.403691172599792480e-01 6.059976816177368164e-01 7.797001004219055176e-01 1.000000000000000000e+00
6.326797604560852051e-01 5.973856449127197266e-01 7.738562226295471191e-01 1.000000000000000000e+00
6.249904036521911621e-01 5.887735486030578613e-01 7.680122852325439453e-01 1.000000000000000000e+00
6.173010468482971191e-01 5.801614522933959961e-01 7.621684074401855469e-01 1.000000000000000000e+00
6.096116900444030762e-01 5.715494155883789062e-01 7.563244700431823730e-01 1.000000000000000000e+00
6.019223332405090332e-01 5.629373192787170410e-01 7.504805922508239746e-01 1.000000000000000000e+00
5.942329764366149902e-01 5.543252825736999512e-01 7.446366548538208008e-01 1.000000000000000000e+00
5.865436196327209473e-01 5.457131862640380859e-01 7.387927770614624023e-01 1.000000000000000000e+00
5.788542628288269043e-01 5.371010899543762207e-01 7.329488396644592285e-01 1.000000000000000000e+00
5.711649656295776367e-01 5.284890532493591309e-01 7.271049618721008301e-01 1.000000000000000000e+00
5.634756088256835938e-01 5.198769569396972656e-01 7.212610244750976562e-01 1.000000000000000000e+00
5.557862520217895508e-01 5.112649202346801758e-01 7.154171466827392578e-01 1.000000000000000000e+00
5.480968952178955078e-01 5.026528239250183105e-01 7.095732688903808594e-01 1.000000000000000000e+00
5.404075384140014648e-01 4.940407574176788330e-01 7.037293314933776855e-01 1.000000000000000000e+00
5.327181816101074219e-01 4.854286909103393555e-01 6.978854537010192871e-01 1.000000000000000000e+00
5.250288248062133789e-01 4.768165946006774902e-01 6.920415163040161133e-01 1.000000000000000000e+00
5.173394680023193359e-01 4.682045280933380127e-01 6.861976385116577148e-01 1.000000000000000000e+00
5.096501111984252930e-01 4.595924615859985352e-01 6.803537011146545410e-01 1.000000000000000000e+00
5.019608139991760254e-01 4.509803950786590576e-01 6.745098233222961426e-01 1.000000000000000000e+00
4.951941668987274170e-01 4.392925798892974854e-01 6.689734458923339844e-01 1.000000000000000000e+00
4.884275197982788086e-01 4.276047646999359131e-01 6.634371280670166016e-01 1.000000000000000000e+00
4.816609025001525879e-01 4.159169495105743408e-01 6.579008102416992188e-01 1.000000000000000000e+00
4.748942852020263672e-01 4.042291343212127686e-01 6.523644924163818359e-01 1.000000000000000000e+00
4.681276381015777588e-01 3.925413191318511963e-01 6.468281149864196777e-01 1.000000000000000000e+00
4.613610208034515381e-01 3.808535039424896240e-01 6.412917971611022949e-01 1.000000000000000000e+00
4.545943737030029297e-01 3.691657185554504395e-01 6.357554793357849121e-01 1.000000000000000000e+00
4.478277564048767090e-01 3.574779033660888672e-01 6.302191615104675293e-01 1.000000000000000000e+00
4.410611391067504883e-01 3.457900881767272949e-01 6.246828436851501465e-01 1.000000000000000000e+00
4.342944920063018799e-01 3.341022729873657227e-01 6.191464662551879883e-01 1.000000000000000000e+00
4.275278747081756592e-01 3.224144577980041504e-01 6.136101484298706055e-01 1.000000000000000000e+00
4.207612574100494385e-01 3.107266426086425781e-01 6.080738306045532227e-01 1.000000000000000000e+00
4.139946103096008301e-01 2.990388274192810059e-01 6.025375127792358398e-01 1.000000000000000000e+00
4.072279930114746094e-01 2.873510122299194336e-01 5.970011353492736816e-01 1.000000000000000000e+00
4.004613757133483887e-01 2.756631970405578613e-01 5.914648175239562988e-01 1.000000000000000000e+00
3.936947286128997803e-01 2.639753818511962891e-01 5.859284996986389160e-01 1.000000000000000000e+00
3.869281113147735596e-01 2.522875964641571045e-01 5.803921818733215332e-01 1.000000000000000000e+00
3.801614642143249512e-01 2.405997663736343384e-01 5.748558044433593750e-01 1.000000000000000000e+00
3.733948469161987305e-01 2.289119511842727661e-01 5.693194866180419922e-01 1.000000000000000000e+00
3.666282296180725098e-01 2.172241508960723877e-01 5.637831687927246094e-01 1.000000000000000000e+00
3.598615825176239014e-01 2.055363357067108154e-01 5.582468509674072266e-01 1.000000000000000000e+00
3.530949652194976807e-01 1.938485205173492432e-01 5.527104735374450684e-01 1.000000000000000000e+00
3.463283479213714600e-01 1.821607053279876709e-01 5.471741557121276855e-01 1.000000000000000000e+00
3.395617008209228516e-01 1.704728901386260986e-01 5.416378378868103027e-01 1.000000000000000000e+00
3.327950835227966309e-01 1.587850898504257202e-01 5.361015200614929199e-01 1.000000000000000000e+00
3.264129161834716797e-01 1.499423235654830933e-01 5.286428332328796387e-01 1.000000000000000000e+00
3.204152286052703857e-01 1.439446359872817993e-01 5.192618370056152344e-01 1.000000000000000000e+00
3.144175410270690918e-01 1.379469484090805054e-01 5.098808407783508301e-01 1.000000000000000000e+00
3.084198236465454102e-01 1.319492459297180176e-01 5.004997849464416504e-01 1.000000000000000000e+00
3.024221360683441162e-01 1.259515583515167236e-01 4.911187887191772461e-01 1.000000000000000000e+00
2.964244484901428223e-01 1.199538633227348328e-01 4.817377924919128418e-01 1.000000000000000000e+00
2.904267609119415283e-01 1.139561682939529419e-01 4.723567962646484375e-01 1.000000000000000000e+00
2.844290733337402344e-01 1.079584807157516479e-01 4.629757702350616455e-01 1.000000000000000000e+00
2.784313857555389404e-01 1.019607856869697571e-01 4.535947740077972412e-01 1.000000000000000000e+00
2.724336683750152588e-01 9.596309065818786621e-02 4.442137777805328369e-01 1.000000000000000000e+00
2.664359807968139648e-01 8.996539562940597534e-02 4.348327517509460449e-01 1.000000000000000000e+00
2.604382932186126709e-01 8.396770805120468140e-02 4.254517555236816406e-01 1.000000000000000000e+00
2.544406056404113770e-01 7.797001302242279053e-02 4.160707294940948486e-01 1.000000000000000000e+00
2.484429031610488892e-01 7.197231799364089966e-02 4.066897332668304443e-01 1.000000000000000000e+00
2.424452155828475952e-01 6.597462296485900879e-02 3.973087370395660400e-01 1.000000000000000000e+00
2.364475131034851074e-01 5.997693166136741638e-02 3.879277110099792480e-01 1.000000000000000000e+00
2.304498255252838135e-01 5.397924035787582397e-02 3.785467147827148438e-01 1.000000000000000000e+00
2.244521379470825195e-01 4.798154532909393311e-02 3.691657185554504395e-01 1.000000000000000000e+00
2.184544354677200317e-01 4.198385402560234070e-02 3.597846925258636475e-01 1.000000000000000000e+00
2.124567478895187378e-01 3.598615899682044983e-02 3.504036962985992432e-01 1.000000000000000000e+00
2.064590603113174438e-01 2.998846583068370819e-02 3.410226702690124512e-01 1.000000000000000000e+00
2.004613578319549561e-01 2.399077266454696655e-02 3.316416740417480469e-01 1.000000000000000000e+00
1.944636702537536621e-01 1.799307949841022491e-02 3.222606778144836426e-01 1.000000000000000000e+00
1.884659677743911743e-01 1.199538633227348328e-02 3.128796517848968506e-01 1.000000000000000000e+00
1.824682801961898804e-01 5.997693166136741638e-03 3.034986555576324463e-01 1.000000000000000000e+00
1.764705926179885864e-01 0.000000000000000000e+00 2.941176593303680420e-01 1.000000000000000000e+00
