9.686274528503417969e-01 9.568627476692199707e-01 9.764705896377563477e-01 1.000000000000000000e+00
9.666589498519897461e-01 9.545251727104187012e-01 9.752402901649475098e-01 1.000000000000000000e+00
9.646905064582824707e-01 9.521875977516174316e-01 9.740099906921386719e-01 1.000000000000000000e+00
9.627220034599304199e-01 9.498500823974609375e-01 9.727796912193298340e-01 1.000000000000000000e+00
9.607535600662231445e-01 9.475125074386596680e-01 9.715493917465209961e-01 1.000000000000000000e+00
9.587850570678710938e-01 9.451749324798583984e-01 9.703190922737121582e-01 1.000000000000000000e+00
9.568166136741638184e-01 9.428373575210571289e-01 9.690887928009033203e-01 1.000000000000000000e+00
9.548481106758117676e-01 9.404997825622558594e-01 9.678584933280944824e-01 1.000000000000000000e+00
9.528796672821044922e-01 9.381622672080993652e-01 9.666281938552856445e-01 1.000000000000000000e+00
9.509111642837524414e-01 9.358246922492980957e-01 9.653978943824768066e-01 1.000000000000000000e+00
9.489427208900451660e-01 9.334871172904968262e-01 9.641676545143127441e-01 1.000000000000000000e+00
9.469742178916931152e-01 9.311495423316955566e-01 9.629373550415039062e-01 1.000000000000000000e+00
9.450057744979858398e-01 9.288119673728942871e-01 9.617070555686950684e-01 1.000000000000000000e+00
9.430372714996337891e-01 9.264744520187377930e-01 9.604767560958862305e-01 1.000000000000000000e+00
9.410688281059265137e-01 9.241368770599365234e-01 9.592464566230773926e-01 1.000000000000000000e+00
9.391003251075744629e-01 9.217993021011352539e-01 9.580161571502685547e-01 1.000000000000000000e+00
9.371318817138671875e-01 9.194617271423339844e-01 9.567858576774597168e-01 1.000000000000000000e+00
9.351633787155151367e-01 9.171242117881774902e-01 9.555555582046508789e-01 1.000000000000000000e+00
9.331949353218078613e-01 9.147866368293762207e-01 9.543252587318420410e-01 1.000000000000000000e+00
9.312264323234558105e-01 9.124490618705749512e-01 9.530949592590332031e-01 1.000000000000000000e+00
9.292579889297485352e-01 9.101114869117736816e-01 9.518646597862243652e-01 1.000000000000000000e+00
9.272894859313964844e-01 9.077739119529724121e-01 9.506343603134155273e-01 1.000000000000000000e+00
9.253210425376892090e-01 9.054363965988159180e-01 9.494040608406066895e-01 1.000000000000000000e+00
9.233525395393371582e-01 9.030988216400146484e-01 9.481737613677978516e-01 1.000000000000000000e+00
9.213840961456298828e-01 9.007612466812133789e-01 9.469434618949890137e-01 1.000000000000000000e+00
9.194155931472778320e-01 8.984236717224121094e-01 9.457131624221801758e-01 1.000000000000000000e+00
9.174471497535705566e-01 8.960860967636108398e-01 9.444828629493713379e-01 1.000000000000000000e+00
9.154786467552185059e-01 8.937485814094543457e-01 9.432526230812072754e-01 1.000000000000000000e+00
9.135102033615112305e-01 8.914110064506530762e-01 9.420223236083984375e-01 1.000000000000000000e+00
9.115417003631591797e-01 8.890734314918518066e-01 9.407920241355895996e-01 1.000000000000000000e+00
9.095732569694519043e-01 8.867358565330505371e-01 9.395617246627807617e-01 1.000000000000000000e+00
9.076047539710998535e-01 8.843982815742492676e-01 9.383314251899719238e-01 1.000000000000000000e+00
9.055901765823364258e-01 8.817377686500549316e-01 9.369319677352905273e-01 1.000000000000000000e+00
9.032526016235351562e-01 8.768166303634643555e-01 9.343483448028564453e-01 1.000000000000000000e+00
9.009150266647338867e-01 8.718954324722290039e-01 9.317647218704223633e-01 1.000000000000000000e+00
8.985774517059326172e-01 8.669742345809936523e-01 9.291810989379882812e-01 1.000000000000000000e+00
8.962399363517761230e-01 8.620530366897583008e-01 9.265974760055541992e-01 1.000000000000000000e+00
8.939023613929748535e-01 8.571318984031677246e-01 9.240138530731201172e-01 1.000000000000000000e+00
8.915647864341735840e-01 8.522107005119323730e-01 9.214302301406860352e-01 1.000000000000000000e+00
8.892272114753723145e-01 8.472895026206970215e-01 9.188466072082519531e-01 1.000000000000000000e+00
8.868896365165710449e-01 8.423683047294616699e-01 9.162629842758178711e-01 1.000000000000000000e+00
8.845521211624145508e-01 8.374471068382263184e-01 9.136793613433837891e-01 1.000000000000000000e+00
8.822145462036132812e-01 8.325259685516357422e-01 9.110957384109497070e-01 1.000000000000000000e+00
8.798769712448120117e-01 8.276047706604003906e-01 9.085121154785156250e-01 1.000000000000000000e+00
8.775393962860107422e-01 8.226835727691650391e-01 9.059284925460815430e-01 1.000000000000000000e+00
8.752018213272094727e-01 8.177623748779296875e-01 9.033448696136474609e-01 1.000000000000000000e+00
8.728643059730529785e-01 8.128412365913391113e-01 9.007612466812133789e-01 1.000000000000000000e+00
8.705267310142517090e-01 8.079200387001037598e-01 8.981776237487792969e-01 1.000000000000000000e+00
8.681891560554504395e-01 8.029988408088684082e-01 8.955940008163452148e-01 1.000000000000000000e+00
8.658515810966491699e-01 7.980776429176330566e-01 8.930103778839111328e-01 1.000000000000000000e+00
8.635140061378479004e-01 7.931565046310424805e-01 8.904267549514770508e-01 1.000000000000000000e+00
8.611764907836914062e-01 7.882353067398071289e-01 8.878431320190429688e-01 1.000000000000000000e+00
8.588389158248901367e-01 7.833141088485717773e-01 8.852595090866088867e-01 1.000000000000000000e+00
8.565013408660888672e-01 7.783929109573364258e-01 8.826758861541748047e-01 1.000000000000000000e+00
8.541637659072875977e-01 7.734717130661010742e-01 8.800922632217407227e-01 1.000000000000000000e+00
8.518261909484863281e-01 7.685505747795104980e-01 8.775086402893066406e-01 1.000000000000000000e+00
8.494886755943298340e-01 7.636293768882751465e-01 8.749250173568725586e-01 1.000000000000000000e+00
8.471511006355285645e-01 7.587081789970397949e-01 8.723413944244384766e-01 1.000000000000000000e+00
8.448135256767272949e-01 7.537869811058044434e-01 8.697577714920043945e-01 1.000000000000000000e+00
8.424759507179260254e-01 7.488658428192138672e-01 8.671741485595703125e-01 1.000000000000000000e+00
8.401384353637695312e-01 7.439446449279785156e-01 8.645905256271362305e-01 1.000000000000000000e+00
8.378008604049682617e-01 7.390234470367431641e-01 8.620069026947021484e-01 1.000000000000000000e+00
8.354632854461669922e-01 7.341022491455078125e-01 8.594232797622680664e-01 1.000000000000000000e+00
8.331257104873657227e-01 7.291811108589172363e-01 8.568396568298339844e-01 1.000000000000000000e+00
8.310342431068420410e-01 7.243521809577941895e-01 8.543175458908081055e-01 1.000000000000000000e+00
8.296809196472167969e-01 7.198000550270080566e-01 8.519800305366516113e-01 1.000000000000000000e+00
8.283275365829467773e-01 7.152479887008666992e-01 8.496424555778503418e-01 1.000000000000000000e+00
8.269742131233215332e-01 7.106958627700805664e-01 8.473048806190490723e-01 1.000000000000000000e+00
8.256208896636962891e-01 7.061437964439392090e-01 8.449673056602478027e-01 1.000000000000000000e+00
8.242675662040710449e-01 7.015916705131530762e-01 8.426297307014465332e-01 1.000000000000000000e+00
8.229142427444458008e-01 6.970396041870117188e-01 8.402922153472900391e-01 1.000000000000000000e+00
8.215609192848205566e-01 6.924874782562255859e-01 8.379546403884887695e-01 1.000000000000000000e+00
8.202075958251953125e-01 6.879354119300842285e-01 8.356170654296875000e-01 1.000000000000000000e+00
8.188542723655700684e-01 6.833832859992980957e-01 8.332794904708862305e-01 1.000000000000000000e+00
8.175009489059448242e-01 6.788312196731567383e-01 8.309419751167297363e-01 1.000000000000000000e+00
8.161476254463195801e-01 6.742790937423706055e-01 8.286044001579284668e-01 1.000000000000000000e+00
8.147943019866943359e-01 6.697270274162292480e-01 8.262668251991271973e-01 1.000000000000000000e+00
8.134409785270690918e-01 6.651749610900878906e-01 8.239292502403259277e-01 1.000000000000000000e+00
8.120876550674438477e-01 6.606228351593017578e-01 8.215916752815246582e-01 1.000000000000000000e+00
8.107343316078186035e-01 6.560707688331604004e-01 8.192541599273681641e-01 1.000000000000000000e+00
8.093810081481933594e-01 6.515186429023742676e-01 8.169165849685668945e-01 1.000000000000000000e+00
8.080276846885681152e-01 6.469665765762329102e-01 8.145790100097656250e-01 1.000000000000000000e+00
8.066743612289428711e-01 6.424144506454467773e-01 8.122414350509643555e-01 1.000000000000000000e+00
8.053210377693176270e-01 6.378623843193054199e-01 8.099038600921630859e-01 1.000000000000000000e+00
8.039677143096923828e-01 6.333102583885192871e-01 8.075663447380065918e-01 1.000000000000000000e+00
8.026143908500671387e-01 6.287581920623779297e-01 8.052287697792053223e-01 1.000000000000000000e+00
8.012610673904418945e-01 6.242060661315917969e-01 8.028911948204040527e-01 1.000000000000000000e+00
7.999077439308166504e-01 6.196539998054504395e-01 8.005536198616027832e-01 1.000000000000000000e+00
7.985544204711914062e-01 6.151018738746643066e-01 7.982160449028015137e-01 1.000000000000000000e+00
7.972010970115661621e-01 6.105498075485229492e-01 7.958785295486450195e-01 1.000000000000000000e+00
7.958477735519409180e-01 6.059976816177368164e-01 7.935409545898437500e-01 1.000000000000000000e+00
7.944944500923156738e-01 6.014456152915954590e-01 7.912033796310424805e-01 1.000000000000000000e+00
7.931411266326904297e-01 5.968934893608093262e-01 7.888658046722412109e-01 1.000000000000000000e+00
7.917878031730651855e-01 5.923414230346679688e-01 7.865282297134399414e-01 1.000000000000000000e+00
7.904344201087951660e-01 5.877892971038818359e-01 7.841907143592834473e-01 1.000000000000000000e+00
7.890810966491699219e-01 5.832372307777404785e-01 7.818531394004821777e-01 1.000000000000000000e+00
7.892503142356872559e-01 5.782237648963928223e-01 7.793310284614562988e-01 1.000000000000000000e+00
7.919569611549377441e-01 5.724413394927978516e-01 7.765013575553894043e-01 1.000000000000000000e+00
7.946636080741882324e-01 5.666589736938476562e-01 7.736716866493225098e-01 1.000000000000000000e+00
7.973702549934387207e-01 5.608766078948974609e-01 7.708419561386108398e-01 1.000000000000000000e+00
8.000769019126892090e-01 5.550941824913024902e-01 7.680122852325439453e-01 1.000000000000000000e+00
8.027835488319396973e-01 5.493118166923522949e-01 7.651826143264770508e-01 1.000000000000000000e+00
8.054901957511901855e-01 5.435293912887573242e-01 7.623529434204101562e-01 1.000000000000000000e+00
8.081968426704406738e-01 5.377470254898071289e-01 7.595232725143432617e-01 1.000000000000000000e+00
8.109034895896911621e-01 5.319646000862121582e-01 7.566936016082763672e-01 1.000000000000000000e+00
8.136101365089416504e-01 5.261822342872619629e-01 7.538638710975646973e-01 1.000000000000000000e+00
8.163167834281921387e-01 5.203998684883117676e-01 7.510342001914978027e-01 1.000000000000000000e+00
8.190234303474426270e-01 5.146174430847167969e-01 7.482045292854309082e-01 1.000000000000000000e+00
8.217300772666931152e-01 5.088350772857666016e-01 7.453748583793640137e-01 1.000000000000000000e+00
8.244367837905883789e-01 5.030526518821716309e-01 7.425451874732971191e-01 1.000000000000000000e+00
8.271434307098388672e-01 4.972702860832214355e-01 7.397155165672302246e-01 1.000000000000000000e+00
8.298500776290893555e-01 4.914878904819488525e-01 7.368857860565185547e-01 1.000000000000000000e+00
8.325567245483398438e-01 4.857054948806762695e-01 7.340561151504516602e-01 1.000000000000000000e+00
8.352633714675903320e-01 4.799230992794036865e-01 7.312264442443847656e-01 1.000000000000000000e+00
8.379700183868408203e-01 4.741407036781311035e-01 7.283967733383178711e-01 1.000000000000000000e+00
8.406766653060913086e-01 4.683583378791809082e-01 7.255671024322509766e-01 1.000000000000000000e+00
8.433833122253417969e-01 4.625759422779083252e-01 7.227374315261840820e-01 1.000000000000000000e+00
8.460899591445922852e-01 4.567935466766357422e-01 7.199077010154724121e-01 1.000000000000000000e+00
8.487966060638427734e-01 4.510111510753631592e-01 7.170780301094055176e-01 1.000000000000000000e+00
8.515032529830932617e-01 4.452287554740905762e-01 7.142483592033386230e-01 1.000000000000000000e+00
8.542098999023437500e-01 4.394463598728179932e-01 7.114186882972717285e-01 1.000000000000000000e+00
8.569165468215942383e-01 4.336639642715454102e-01 7.085890173912048340e-01 1.000000000000000000e+00
8.596231937408447266e-01 4.278815984725952148e-01 7.057593464851379395e-01 1.000000000000000000e+00
8.623299002647399902e-01 4.220992028713226318e-01 7.029296159744262695e-01 1.000000000000000000e+00
8.650365471839904785e-01 4.163168072700500488e-01 7.000999450683593750e-01 1.000000000000000000e+00
8.677431941032409668e-01 4.105344116687774658e-01 6.972702741622924805e-01 1.000000000000000000e+00
8.704498410224914551e-01 4.047520160675048828e-01 6.944406032562255859e-01 1.000000000000000000e+00
8.731564879417419434e-01 3.989696204662322998e-01 6.916109323501586914e-01 1.000000000000000000e+00
8.750019073486328125e-01 3.923875391483306885e-01 6.878585219383239746e-01 1.000000000000000000e+00
8.759861588478088379e-01 3.850057721138000488e-01 6.831833720207214355e-01 1.000000000000000000e+00
8.769704103469848633e-01 3.776240050792694092e-01 6.785082817077636719e-01 1.000000000000000000e+00
8.779546618461608887e-01 3.702422082424163818e-01 6.738331317901611328e-01 1.000000000000000000e+00
8.789388537406921387e-01 3.628604412078857422e-01 6.691580414772033691e-01 1.000000000000000000e+00
8.799231052398681641e-01 3.554786741733551025e-01 6.644828915596008301e-01 1.000000000000000000e+00
8.809073567390441895e-01 3.480968773365020752e-01 6.598077416419982910e-01 1.000000000000000000e+00
8.818916082382202148e-01 3.407151103019714355e-01 6.551326513290405273e-01 1.000000000000000000e+00
8.828758001327514648e-01 3.333333432674407959e-01 6.504575014114379883e-01 1.000000000000000000e+00
8.838600516319274902e-01 3.259515464305877686e-01 6.457824110984802246e-01 1.000000000000000000e+00
8.848443031311035156e-01 3.185697793960571289e-01 6.411072611808776855e-01 1.000000000000000000e+00
8.858285546302795410e-01 3.111880123615264893e-01 6.364321708679199219e-01 1.000000000000000000e+00
8.868127465248107910e-01 3.038062155246734619e-01 6.317570209503173828e-01 1.000000000000000000e+00
8.877969980239868164e-01 2.964244484901428223e-01 6.270818710327148438e-01 1.000000000000000000e+00
8.887812495231628418e-01 2.890426814556121826e-01 6.224067807197570801e-01 1.000000000000000000e+00
8.897655010223388672e-01 2.816609144210815430e-01 6.177316308021545410e-01 1.000000000000000000e+00
8.907496929168701172e-01 2.742791175842285156e-01 6.130565404891967773e-01 1.000000000000000000e+00
8.917339444160461426e-01 2.668973505496978760e-01 6.083813905715942383e-01 1.000000000000000000e+00
8.927181959152221680e-01 2.595155835151672363e-01 6.037062406539916992e-01 1.000000000000000000e+00
8.937024474143981934e-01 2.521337866783142090e-01 5.990311503410339355e-01 1.000000000000000000e+00
8.946866393089294434e-01 2.447520196437835693e-01 5.943560004234313965e-01 1.000000000000000000e+00
8.956708908081054688e-01 2.373702377080917358e-01 5.896809101104736328e-01 1.000000000000000000e+00
8.966551423072814941e-01 2.299884706735610962e-01 5.850057601928710938e-01 1.000000000000000000e+00
8.976393938064575195e-01 2.226066887378692627e-01 5.803306698799133301e-01 1.000000000000000000e+00
8.986235857009887695e-01 2.152249068021774292e-01 5.756555199623107910e-01 1.000000000000000000e+00
8.996078372001647949e-01 2.078431397676467896e-01 5.709803700447082520e-01 1.000000000000000000e+00
9.005920886993408203e-01 2.004613578319549561e-01 5.663052797317504883e-01 1.000000000000000000e+00
9.015763401985168457e-01 1.930795907974243164e-01 5.616301298141479492e-01 1.000000000000000000e+00
9.025605320930480957e-01 1.856978088617324829e-01 5.569550395011901855e-01 1.000000000000000000e+00
9.035447835922241211e-01 1.783160269260406494e-01 5.522798895835876465e-01 1.000000000000000000e+00
9.045290350914001465e-01 1.709342598915100098e-01 5.476047396659851074e-01 1.000000000000000000e+00
9.055132865905761719e-01 1.635524779558181763e-01 5.429296493530273438e-01 1.000000000000000000e+00
9.039599895477294922e-01 1.590157598257064819e-01 5.371779799461364746e-01 1.000000000000000000e+00
9.008842706680297852e-01 1.561860889196395874e-01 5.307804942131042480e-01 1.000000000000000000e+00
8.978085517883300781e-01 1.533564031124114990e-01 5.243829488754272461e-01 1.000000000000000000e+00
8.947327733039855957e-01 1.505267173051834106e-01 5.179854035377502441e-01 1.000000000000000000e+00
8.916570544242858887e-01 1.476970463991165161e-01 5.115878582000732422e-01 1.000000000000000000e+00
8.885813355445861816e-01 1.448673605918884277e-01 5.051903128623962402e-01 1.000000000000000000e+00
8.855055570602416992e-01 1.420376747846603394e-01 4.987927675247192383e-01 1.000000000000000000e+00
8.824298381805419922e-01 1.392080038785934448e-01 4.923952221870422363e-01 1.000000000000000000e+00
8.793541193008422852e-01 1.363783180713653564e-01 4.859977066516876221e-01 1.000000000000000000e+00
8.762783408164978027e-01 1.335486322641372681e-01 4.796001613140106201e-01 1.000000000000000000e+00
8.732026219367980957e-01 1.307189613580703735e-01 4.732026159763336182e-01 1.000000000000000000e+00
8.701269030570983887e-01 1.278892755508422852e-01 4.668050706386566162e-01 1.000000000000000000e+00
8.670511245727539062e-01 1.250595897436141968e-01 4.604075253009796143e-01 1.000000000000000000e+00
8.639754056930541992e-01 1.222299113869667053e-01 4.540100097656250000e-01 1.000000000000000000e+00
8.608996272087097168e-01 1.194002330303192139e-01 4.476124644279479980e-01 1.000000000000000000e+00
8.578239083290100098e-01 1.165705472230911255e-01 4.412149190902709961e-01 1.000000000000000000e+00
8.547481894493103027e-01 1.137408688664436340e-01 4.348173737525939941e-01 1.000000000000000000e+00
8.516724109649658203e-01 1.109111905097961426e-01 4.284198284149169922e-01 1.000000000000000000e+00
8.485966920852661133e-01 1.080815047025680542e-01 4.220223128795623779e-01 1.000000000000000000e+00
8.455209732055664062e-01 1.052518263459205627e-01 4.156247675418853760e-01 1.000000000000000000e+00
8.424451947212219238e-01 1.024221479892730713e-01 4.092272222042083740e-01 1.000000000000000000e+00
8.393694758415222168e-01 9.959246218204498291e-02 4.028296768665313721e-01 1.000000000000000000e+00
8.362937569618225098e-01 9.676278382539749146e-02 3.964321315288543701e-01 1.000000000000000000e+00
8.332179784774780273e-01 9.393310546875000000e-02 3.900346159934997559e-01 1.000000000000000000e+00
8.301422595977783203e-01 9.110341966152191162e-02 3.836370706558227539e-01 1.000000000000000000e+00
8.270665407180786133e-01 8.827374130487442017e-02 3.772395253181457520e-01 1.000000000000000000e+00
8.239907622337341309e-01 8.544406294822692871e-02 3.708419799804687500e-01 1.000000000000000000e+00
8.209150433540344238e-01 8.261437714099884033e-02 3.644444346427917480e-01 1.000000000000000000e+00
8.178392648696899414e-01 7.978469878435134888e-02 3.580469191074371338e-01 1.000000000000000000e+00
8.147635459899902344e-01 7.695502042770385742e-02 3.516493737697601318e-01 1.000000000000000000e+00
8.116878271102905273e-01 7.412533462047576904e-02 3.452518284320831299e-01 1.000000000000000000e+00
8.086120486259460449e-01 7.129565626382827759e-02 3.388542830944061279e-01 1.000000000000000000e+00
8.028604388236999512e-01 6.892733275890350342e-02 3.355017304420471191e-01 1.000000000000000000e+00
7.962168455123901367e-01 6.671280413866043091e-02 3.331641554832458496e-01 1.000000000000000000e+00
7.895732522010803223e-01 6.449826806783676147e-02 3.308266103267669678e-01 1.000000000000000000e+00
7.829296588897705078e-01 6.228373572230339050e-02 3.284890353679656982e-01 1.000000000000000000e+00
7.762860655784606934e-01 6.006920337677001953e-02 3.261514902114868164e-01 1.000000000000000000e+00
7.696424722671508789e-01 5.785467103123664856e-02 3.238139152526855469e-01 1.000000000000000000e+00
7.629988193511962891e-01 5.564013868570327759e-02 3.214763700962066650e-01 1.000000000000000000e+00
7.563552260398864746e-01 5.342560634016990662e-02 3.191387951374053955e-01 1.000000000000000000e+00
7.497116327285766602e-01 5.121107399463653564e-02 3.168012201786041260e-01 1.000000000000000000e+00
7.430680394172668457e-01 4.899654164910316467e-02 3.144636750221252441e-01 1.000000000000000000e+00
7.364244461059570312e-01 4.678200557827949524e-02 3.121261000633239746e-01 1.000000000000000000e+00
7.297808527946472168e-01 4.456747323274612427e-02 3.097885549068450928e-01 1.000000000000000000e+00
7.231372594833374023e-01 4.235294088721275330e-02 3.074509799480438232e-01 1.000000000000000000e+00
7.164936661720275879e-01 4.013840854167938232e-02 3.051134049892425537e-01 1.000000000000000000e+00
7.098500728607177734e-01 3.792387619614601135e-02 3.027758598327636719e-01 1.000000000000000000e+00
7.032064795494079590e-01 3.570934385061264038e-02 3.004382848739624023e-01 1.000000000000000000e+00
6.965628862380981445e-01 3.349481150507926941e-02 2.981007397174835205e-01 1.000000000000000000e+00
6.899192333221435547e-01 3.128027543425559998e-02 2.957631647586822510e-01 1.000000000000000000e+00
6.832756400108337402e-01 2.906574308872222900e-02 2.934256196022033691e-01 1.000000000000000000e+00
6.766320466995239258e-01 2.685121074318885803e-02 2.910880446434020996e-01 1.000000000000000000e+00
6.699884533882141113e-01 2.463667839765548706e-02 2.887504696846008301e-01 1.000000000000000000e+00
6.633448600769042969e-01 2.242214605212211609e-02 2.864129245281219482e-01 1.000000000000000000e+00
6.567012667655944824e-01 2.020761184394359589e-02 2.840753495693206787e-01 1.000000000000000000e+00
6.500576734542846680e-01 1.799307949841022491e-02 2.817378044128417969e-01 1.000000000000000000e+00
6.434140801429748535e-01 1.577854715287685394e-02 2.794002294540405273e-01 1.000000000000000000e+00
6.367704868316650391e-01 1.356401387602090836e-02 2.770626544952392578e-01 1.000000000000000000e+00
6.301268935203552246e-01 1.134948059916496277e-02 2.747251093387603760e-01 1.000000000000000000e+00
6.234833002090454102e-01 9.134948253631591797e-03 2.723875343799591064e-01 1.000000000000000000e+00
6.168396472930908203e-01 6.920415442436933517e-03 2.700499892234802246e-01 1.000000000000000000e+00
6.101960539817810059e-01 4.705882165580987930e-03 2.677124142646789551e-01 1.000000000000000000e+00
6.035524606704711914e-01 2.491349587216973305e-03 2.653748691082000732e-01 1.000000000000000000e+00
5.969088673591613770e-01 2.768166013993322849e-04 2.630372941493988037e-01 1.000000000000000000e+00
5.908035635948181152e-01 0.000000000000000000e+00 2.588696777820587158e-01 1.000000000000000000e+00
5.847750902175903320e-01 0.000000000000000000e+00 2.544406056404113770e-01 1.000000000000000000e+00
5.787466168403625488e-01 0.000000000000000000e+00 2.500115334987640381e-01 1.000000000000000000e+00
5.727182030677795410e-01 0.000000000000000000e+00 2.455824613571166992e-01 1.000000000000000000e+00
5.666897296905517578e-01 0.000000000000000000e+00 2.411534041166305542e-01 1.000000000000000000e+00
5.606612563133239746e-01 0.000000000000000000e+00 2.367243319749832153e-01 1.000000000000000000e+00
5.546328425407409668e-01 0.000000000000000000e+00 2.322952747344970703e-01 1.000000000000000000e+00
5.486043691635131836e-01 0.000000000000000000e+00 2.278662025928497314e-01 1.000000000000000000e+00
5.425759553909301758e-01 0.000000000000000000e+00 2.234371453523635864e-01 1.000000000000000000e+00
5.365474820137023926e-01 0.000000000000000000e+00 2.190080732107162476e-01 1.000000000000000000e+00
5.305190086364746094e-01 0.000000000000000000e+00 2.145790010690689087e-01 1.000000000000000000e+00
5.244905948638916016e-01 0.000000000000000000e+00 2.101499438285827637e-01 1.000000000000000000e+00
5.184621214866638184e-01 0.000000000000000000e+00 2.057208716869354248e-01 1.000000000000000000e+00
5.124337077140808105e-01 0.000000000000000000e+00 2.012918144464492798e-01 1.000000000000000000e+00
5.064052343368530273e-01 0.000000000000000000e+00 1.968627423048019409e-01 1.000000000000000000e+00
5.003767609596252441e-01 0.000000000000000000e+00 1.924336850643157959e-01 1.000000000000000000e+00
4.943483173847198486e-01 0.000000000000000000e+00 1.880046129226684570e-01 1.000000000000000000e+00
4.883198738098144531e-01 0.000000000000000000e+00 1.835755407810211182e-01 1.000000000000000000e+00
4.822914302349090576e-01 0.000000000000000000e+00 1.791464835405349731e-01 1.000000000000000000e+00
4.762629866600036621e-01 0.000000000000000000e+00 1.747174113988876343e-01 1.000000000000000000e+00
4.702345132827758789e-01 0.000000000000000000e+00 1.702883541584014893e-01 1.000000000000000000e+00
4.642060697078704834e-01 0.000000000000000000e+00 1.658592820167541504e-01 1.000000000000000000e+00
4.581776261329650879e-01 0.000000000000000000e+00 1.614302247762680054e-01 1.000000000000000000e+00
4.521491825580596924e-01 0.000000000000000000e+00 1.570011526346206665e-01 1.000000000000000000e+00
4.461207091808319092e-01 0.000000000000000000e+00 1.525720804929733276e-01 1.000000000000000000e+00
4.400922656059265137e-01 0.000000000000000000e+00 1.481430232524871826e-01 1.000000000000000000e+00
4.340638220310211182e-01 0.000000000000000000e+00 1.437139511108398438e-01 1.000000000000000000e+00
4.280353784561157227e-01 0.000000000000000000e+00 1.392848938703536987e-01 1.000000000000000000e+00
4.220069348812103271e-01 0.000000000000000000e+00 1.348558217287063599e-01 1.000000000000000000e+00
4.159784615039825439e-01 0.000000000000000000e+00 1.304267644882202148e-01 1.000000000000000000e+00
4.099500179290771484e-01 0.000000000000000000e+00 1.259976923465728760e-01 1.000000000000000000e+00
4.039215743541717529e-01 0.000000000000000000e+00 1.215686276555061340e-01 1.000000000000000000e+00
