4.039215743541717529e-01 0.000000000000000000e+00 1.215686276555061340e-01 1.000000000000000000e+00
4.154555797576904297e-01 3.690888173878192902e-03 1.234140694141387939e-01 1.000000000000000000e+00
4.269896149635314941e-01 7.381776347756385803e-03 1.252595186233520508e-01 1.000000000000000000e+00
4.385236501693725586e-01 1.107266452163457870e-02 1.271049529314041138e-01 1.000000000000000000e+00
4.500576555728912354e-01 1.476355269551277161e-02 1.289504021406173706e-01 1.000000000000000000e+00
4.615916907787322998e-01 1.845443993806838989e-02 1.307958513498306274e-01 1.000000000000000000e+00
4.731257259845733643e-01 2.214532904326915741e-02 1.326412856578826904e-01 1.000000000000000000e+00
4.846597313880920410e-01 2.583621628582477570e-02 1.344867348670959473e-01 1.000000000000000000e+00
4.961937665939331055e-01 2.952710539102554321e-02 1.363321840763092041e-01 1.000000000000000000e+00
5.077278017997741699e-01 3.321799263358116150e-02 1.381776183843612671e-01 1.000000000000000000e+00
5.192618370056152344e-01 3.690887987613677979e-02 1.400230675935745239e-01 1.000000000000000000e+00
5.307958722114562988e-01 4.059977084398269653e-02 1.418685168027877808e-01 1.000000000000000000e+00
5.423298478126525879e-01 4.429065808653831482e-02 1.437139511108398438e-01 1.000000000000000000e+00
5.538638830184936523e-01 4.798154532909393311e-02 1.455594003200531006e-01 1.000000000000000000e+00
5.653979182243347168e-01 5.167243257164955139e-02 1.474048495292663574e-01 1.000000000000000000e+00
5.769319534301757812e-01 5.536332353949546814e-02 1.492502838373184204e-01 1.000000000000000000e+00
5.884659886360168457e-01 5.905421078205108643e-02 1.510957330465316772e-01 1.000000000000000000e+00
6.000000238418579102e-01 6.274510174989700317e-02 1.529411822557449341e-01 1.000000000000000000e+00
6.115339994430541992e-01 6.643598526716232300e-02 1.547866165637969971e-01 1.000000000000000000e+00
6.230680346488952637e-01 7.012687623500823975e-02 1.566320657730102539e-01 1.000000000000000000e+00
6.346020698547363281e-01 7.381775975227355957e-02 1.584775149822235107e-01 1.000000000000000000e+00
6.461361050605773926e-01 7.750865072011947632e-02 1.603229492902755737e-01 1.000000000000000000e+00
6.576701402664184570e-01 8.119954168796539307e-02 1.621683984994888306e-01 1.000000000000000000e+00
6.692041754722595215e-01 8.489042520523071289e-02 1.640138477087020874e-01 1.000000000000000000e+00
6.807381510734558105e-01 8.858131617307662964e-02 1.658592820167541504e-01 1.000000000000000000e+00
6.922721862792968750e-01 9.227219969034194946e-02 1.677047312259674072e-01 1.000000000000000000e+00
7.008073925971984863e-01 9.965398162603378296e-02 1.712418347597122192e-01 1.000000000000000000e+00
7.063437104225158691e-01 1.107266470789909363e-01 1.764705926179885864e-01 1.000000000000000000e+00
7.118800282478332520e-01 1.217993050813674927e-01 1.816993504762649536e-01 1.000000000000000000e+00
7.174164056777954102e-01 1.328719705343246460e-01 1.869281083345413208e-01 1.000000000000000000e+00
7.229527235031127930e-01 1.439446359872817993e-01 1.921568661928176880e-01 1.000000000000000000e+00
7.284890413284301758e-01 1.550173014402389526e-01 1.973856240510940552e-01 1.000000000000000000e+00
7.340253591537475586e-01 1.660899668931961060e-01 2.026143819093704224e-01 1.000000000000000000e+00
7.395617365837097168e-01 1.771626323461532593e-01 2.078431397676467896e-01 1.000000000000000000e+00
7.450980544090270996e-01 1.882352977991104126e-01 2.130718976259231567e-01 1.000000000000000000e+00
7.506343722343444824e-01 1.993079632520675659e-01 2.183006554841995239e-01 1.000000000000000000e+00
7.561706900596618652e-01 2.103806287050247192e-01 2.235294133424758911e-01 1.000000000000000000e+00
7.617070078849792480e-01 2.214532941579818726e-01 2.287581712007522583e-01 1.000000000000000000e+00
7.672433853149414062e-01 2.325259447097778320e-01 2.339869290590286255e-01 1.000000000000000000e+00
7.727797031402587891e-01 2.435986101627349854e-01 2.392156869173049927e-01 1.000000000000000000e+00
7.783160209655761719e-01 2.546712756156921387e-01 2.444444447755813599e-01 1.000000000000000000e+00
7.838523387908935547e-01 2.657439410686492920e-01 2.496732026338577271e-01 1.000000000000000000e+00
7.893887162208557129e-01 2.768166065216064453e-01 2.549019753932952881e-01 1.000000000000000000e+00
7.949250340461730957e-01 2.878892719745635986e-01 2.601307332515716553e-01 1.000000000000000000e+00
8.004613518714904785e-01 2.989619374275207520e-01 2.653594911098480225e-01 1.000000000000000000e+00
8.059976696968078613e-01 3.100346028804779053e-01 2.705882489681243896e-01 1.000000000000000000e+00
8.115340471267700195e-01 3.211072683334350586e-01 2.758170068264007568e-01 1.000000000000000000e+00
8.170703649520874023e-01 3.321799337863922119e-01 2.810457646846771240e-01 1.000000000000000000e+00
8.226066827774047852e-01 3.432525992393493652e-01 2.862745225429534912e-01 1.000000000000000000e+00
8.281430006027221680e-01 3.543252646923065186e-01 2.915032804012298584e-01 1.000000000000000000e+00
8.336793780326843262e-01 3.653979301452636719e-01 2.967320382595062256e-01 1.000000000000000000e+00
8.392156958580017090e-01 3.764705955982208252e-01 3.019607961177825928e-01 1.000000000000000000e+00
8.438292741775512695e-01 3.870818912982940674e-01 3.101114928722381592e-01 1.000000000000000000e+00
8.484429121017456055e-01 3.976931869983673096e-01 3.182622194290161133e-01 1.000000000000000000e+00
8.530564904212951660e-01 4.083045125007629395e-01 3.264129161834716797e-01 1.000000000000000000e+00
8.576701283454895020e-01 4.189158082008361816e-01 3.345636427402496338e-01 1.000000000000000000e+00
8.622837662696838379e-01 4.295271039009094238e-01 3.427143394947052002e-01 1.000000000000000000e+00
8.668973445892333984e-01 4.401383996009826660e-01 3.508650660514831543e-01 1.000000000000000000e+00
8.715109825134277344e-01 4.507497251033782959e-01 3.590157628059387207e-01 1.000000000000000000e+00
8.761245608329772949e-01 4.613610208034515381e-01 3.671664595603942871e-01 1.000000000000000000e+00
8.807381987571716309e-01 4.719723165035247803e-01 3.753171861171722412e-01 1.000000000000000000e+00
8.853517770767211914e-01 4.825836122035980225e-01 3.834678828716278076e-01 1.000000000000000000e+00
8.899654150009155273e-01 4.931949377059936523e-01 3.916186094284057617e-01 1.000000000000000000e+00
8.945789933204650879e-01 5.038062334060668945e-01 3.997693061828613281e-01 1.000000000000000000e+00
8.991926312446594238e-01 5.144175291061401367e-01 4.079200327396392822e-01 1.000000000000000000e+00
9.038062095642089844e-01 5.250288248062133789e-01 4.160707294940948486e-01 1.000000000000000000e+00
9.084198474884033203e-01 5.356401205062866211e-01 4.242214560508728027e-01 1.000000000000000000e+00
9.130334258079528809e-01 5.462514162063598633e-01 4.323721528053283691e-01 1.000000000000000000e+00
9.176470637321472168e-01 5.568627715110778809e-01 4.405228793621063232e-01 1.000000000000000000e+00
9.222606420516967773e-01 5.674740672111511230e-01 4.486735761165618896e-01 1.000000000000000000e+00
9.268742799758911133e-01 5.780853629112243652e-01 4.568243026733398438e-01 1.000000000000000000e+00
9.314879179000854492e-01 5.886966586112976074e-01 4.649749994277954102e-01 1.000000000000000000e+00
9.361014962196350098e-01 5.993079543113708496e-01 4.731257259845733643e-01 1.000000000000000000e+00
9.407151341438293457e-01 6.099192500114440918e-01 4.812764227390289307e-01 1.000000000000000000e+00
9.453287124633789062e-01 6.205305457115173340e-01 4.894271492958068848e-01 1.000000000000000000e+00
9.499423503875732422e-01 6.311418414115905762e-01 4.975778460502624512e-01 1.000000000000000000e+00
9.545559287071228027e-01 6.417531967163085938e-01 5.057285428047180176e-01 1.000000000000000000e+00
9.575547575950622559e-01 6.512110829353332520e-01 5.151095986366271973e-01 1.000000000000000000e+00
9.589388966560363770e-01 6.595155596733093262e-01 5.257208943367004395e-01 1.000000000000000000e+00
9.603229761123657227e-01 6.678200960159301758e-01 5.363321900367736816e-01 1.000000000000000000e+00
9.617070555686950684e-01 6.761245727539062500e-01 5.469434857368469238e-01 1.000000000000000000e+00
9.630911350250244141e-01 6.844290494918823242e-01 5.575547814369201660e-01 1.000000000000000000e+00
9.644752144813537598e-01 6.927335858345031738e-01 5.681660771369934082e-01 1.000000000000000000e+00
9.658592939376831055e-01 7.010380625724792480e-01 5.787773728370666504e-01 1.000000000000000000e+00
9.672433733940124512e-01 7.093425393104553223e-01 5.893886685371398926e-01 1.000000000000000000e+00
9.686274528503417969e-01 7.176470756530761719e-01 6.000000238418579102e-01 1.000000000000000000e+00
9.700115323066711426e-01 7.259515523910522461e-01 6.106113195419311523e-01 1.000000000000000000e+00
9.713956117630004883e-01 7.342560291290283203e-01 6.212226152420043945e-01 1.000000000000000000e+00
9.727796912193298340e-01 7.425605654716491699e-01 6.318339109420776367e-01 1.000000000000000000e+00
9.741637706756591797e-01 7.508650422096252441e-01 6.424452066421508789e-01 1.000000000000000000e+00
9.755478501319885254e-01 7.591695785522460938e-01 6.530565023422241211e-01 1.000000000000000000e+00
9.769319295883178711e-01 7.674740552902221680e-01 6.636677980422973633e-01 1.000000000000000000e+00
9.783160090446472168e-01 7.757785320281982422e-01 6.742790937423706055e-01 1.000000000000000000e+00
9.797000885009765625e-01 7.840830683708190918e-01 6.848904490470886230e-01 1.000000000000000000e+00
9.810842275619506836e-01 7.923875451087951660e-01 6.955017447471618652e-01 1.000000000000000000e+00
9.824683070182800293e-01 8.006920218467712402e-01 7.061130404472351074e-01 1.000000000000000000e+00
9.838523864746093750e-01 8.089965581893920898e-01 7.167243361473083496e-01 1.000000000000000000e+00
9.852364659309387207e-01 8.173010349273681641e-01 7.273356318473815918e-01 1.000000000000000000e+00
9.866205453872680664e-01 8.256055116653442383e-01 7.379469275474548340e-01 1.000000000000000000e+00
9.880046248435974121e-01 8.339100480079650879e-01 7.485582232475280762e-01 1.000000000000000000e+00
9.893887042999267578e-01 8.422145247459411621e-01 7.591695785522460938e-01 1.000000000000000000e+00
9.907727837562561035e-01 8.505190014839172363e-01 7.697808742523193359e-01 1.000000000000000000e+00
9.921568632125854492e-01 8.588235378265380859e-01 7.803921699523925781e-01 1.000000000000000000e+00
9.912341237068176270e-01 8.631295561790466309e-01 7.877739071846008301e-01 1.000000000000000000e+00
9.903114438056945801e-01 8.674355745315551758e-01 7.951557040214538574e-01 1.000000000000000000e+00
9.893887042999267578e-01 8.717416524887084961e-01 8.025375008583068848e-01 1.000000000000000000e+00
9.884659647941589355e-01 8.760476708412170410e-01 8.099192380905151367e-01 1.000000000000000000e+00
9.875432252883911133e-01 8.803536891937255859e-01 8.173010349273681641e-01 1.000000000000000000e+00
9.866205453872680664e-01 8.846597671508789062e-01 8.246828317642211914e-01 1.000000000000000000e+00
9.856978058815002441e-01 8.889657855033874512e-01 8.320645689964294434e-01 1.000000000000000000e+00
9.847750663757324219e-01 8.932718038558959961e-01 8.394463658332824707e-01 1.000000000000000000e+00
9.838523864746093750e-01 8.975778818130493164e-01 8.468281626701354980e-01 1.000000000000000000e+00
9.829296469688415527e-01 9.018839001655578613e-01 8.542098999023437500e-01 1.000000000000000000e+00
9.820069074630737305e-01 9.061899185180664062e-01 8.615916967391967773e-01 1.000000000000000000e+00
9.810842275619506836e-01 9.104959368705749512e-01 8.689734935760498047e-01 1.000000000000000000e+00
9.801614880561828613e-01 9.148020148277282715e-01 8.763552308082580566e-01 1.000000000000000000e+00
9.792387485504150391e-01 9.191080331802368164e-01 8.837370276451110840e-01 1.000000000000000000e+00
9.783160090446472168e-01 9.234140515327453613e-01 8.911188244819641113e-01 1.000000000000000000e+00
9.773933291435241699e-01 9.277201294898986816e-01 8.985005617141723633e-01 1.000000000000000000e+00
9.764705896377563477e-01 9.320261478424072266e-01 9.058823585510253906e-01 1.000000000000000000e+00
9.755478501319885254e-01 9.363321661949157715e-01 9.132641553878784180e-01 1.000000000000000000e+00
9.746251702308654785e-01 9.406382441520690918e-01 9.206458926200866699e-01 1.000000000000000000e+00
9.737024307250976562e-01 9.449442625045776367e-01 9.280276894569396973e-01 1.000000000000000000e+00
9.727796912193298340e-01 9.492502808570861816e-01 9.354094862937927246e-01 1.000000000000000000e+00
9.718569517135620117e-01 9.535562992095947266e-01 9.427912235260009766e-01 1.000000000000000000e+00
9.709342718124389648e-01 9.578623771667480469e-01 9.501730203628540039e-01 1.000000000000000000e+00
9.700115323066711426e-01 9.621683955192565918e-01 9.575547575950622559e-01 1.000000000000000000e+00
9.690887928009033203e-01 9.664744138717651367e-01 9.649365544319152832e-01 1.000000000000000000e+00
9.657055139541625977e-01 9.672433733940124512e-01 9.680892229080200195e-01 1.000000000000000000e+00
9.598615765571594238e-01 9.644752144813537598e-01 9.670127034187316895e-01 1.000000000000000000e+00
9.540176987648010254e-01 9.617070555686950684e-01 9.659361839294433594e-01 1.000000000000000000e+00
9.481737613677978516e-01 9.589388966560363770e-01 9.648596644401550293e-01 1.000000000000000000e+00
9.423298835754394531e-01 9.561706781387329102e-01 9.637831449508666992e-01 1.000000000000000000e+00
9.364859461784362793e-01 9.534025192260742188e-01 9.627066254615783691e-01 1.000000000000000000e+00
9.306420683860778809e-01 9.506343603134155273e-01 9.616301655769348145e-01 1.000000000000000000e+00
9.247981309890747070e-01 9.478662014007568359e-01 9.605536460876464844e-01 1.000000000000000000e+00
9.189542531967163086e-01 9.450980424880981445e-01 9.594771265983581543e-01 1.000000000000000000e+00
9.131103157997131348e-01 9.423298835754394531e-01 9.584006071090698242e-01 1.000000000000000000e+00
9.072664380073547363e-01 9.395617246627807617e-01 9.573240876197814941e-01 1.000000000000000000e+00
9.014225006103515625e-01 9.367935657501220703e-01 9.562475681304931641e-01 1.000000000000000000e+00
8.955786228179931641e-01 9.340253472328186035e-01 9.551711082458496094e-01 1.000000000000000000e+00
8.897347450256347656e-01 9.312571883201599121e-01 9.540945887565612793e-01 1.000000000000000000e+00
8.838908076286315918e-01 9.284890294075012207e-01 9.530180692672729492e-01 1.000000000000000000e+00
8.780469298362731934e-01 9.257208704948425293e-01 9.519415497779846191e-01 1.000000000000000000e+00
8.722029924392700195e-01 9.229527115821838379e-01 9.508650302886962891e-01 1.000000000000000000e+00
8.663591146469116211e-01 9.201845526695251465e-01 9.497885704040527344e-01 1.000000000000000000e+00
8.605151772499084473e-01 9.174163937568664551e-01 9.487120509147644043e-01 1.000000000000000000e+00
8.546712994575500488e-01 9.146482348442077637e-01 9.476355314254760742e-01 1.000000000000000000e+00
8.488273620605468750e-01 9.118800759315490723e-01 9.465590119361877441e-01 1.000000000000000000e+00
8.429834842681884766e-01 9.091118574142456055e-01 9.454824924468994141e-01 1.000000000000000000e+00
8.371395468711853027e-01 9.063436985015869141e-01 9.444059729576110840e-01 1.000000000000000000e+00
8.312956690788269043e-01 9.035755395889282227e-01 9.433295130729675293e-01 1.000000000000000000e+00
8.254517316818237305e-01 9.008073806762695312e-01 9.422529935836791992e-01 1.000000000000000000e+00
8.196078538894653320e-01 8.980392217636108398e-01 9.411764740943908691e-01 1.000000000000000000e+00
8.099192380905151367e-01 8.931180238723754883e-01 9.384083151817321777e-01 1.000000000000000000e+00
8.002306818962097168e-01 8.881968259811401367e-01 9.356401562690734863e-01 1.000000000000000000e+00
7.905421257019042969e-01 8.832756876945495605e-01 9.328719973564147949e-01 1.000000000000000000e+00
7.808535099029541016e-01 8.783544898033142090e-01 9.301037788391113281e-01 1.000000000000000000e+00
7.711649537086486816e-01 8.734332919120788574e-01 9.273356199264526367e-01 1.000000000000000000e+00
7.614763379096984863e-01 8.685120940208435059e-01 9.245674610137939453e-01 1.000000000000000000e+00
7.517877817153930664e-01 8.635909557342529297e-01 9.217993021011352539e-01 1.000000000000000000e+00
7.420991659164428711e-01 8.586697578430175781e-01 9.190311431884765625e-01 1.000000000000000000e+00
7.324106097221374512e-01 8.537485599517822266e-01 9.162629842758178711e-01 1.000000000000000000e+00
7.227220535278320312e-01 8.488273620605468750e-01 9.134948253631591797e-01 1.000000000000000000e+00
7.130334377288818359e-01 8.439061641693115234e-01 9.107266664505004883e-01 1.000000000000000000e+00
7.033448815345764160e-01 8.389850258827209473e-01 9.079584479331970215e-01 1.000000000000000000e+00
6.936562657356262207e-01 8.340638279914855957e-01 9.051902890205383301e-01 1.000000000000000000e+00
6.839677095413208008e-01 8.291426301002502441e-01 9.024221301078796387e-01 1.000000000000000000e+00
6.742790937423706055e-01 8.242214322090148926e-01 8.996539711952209473e-01 1.000000000000000000e+00
6.645905375480651855e-01 8.193002939224243164e-01 8.968858122825622559e-01 1.000000000000000000e+00
6.549019813537597656e-01 8.143790960311889648e-01 8.941176533699035645e-01 1.000000000000000000e+00
6.452133655548095703e-01 8.094578981399536133e-01 8.913494944572448730e-01 1.000000000000000000e+00
6.355248093605041504e-01 8.045367002487182617e-01 8.885813355445861816e-01 1.000000000000000000e+00
6.258361935615539551e-01 7.996155619621276855e-01 8.858131766319274902e-01 1.000000000000000000e+00
6.161476373672485352e-01 7.946943640708923340e-01 8.830449581146240234e-01 1.000000000000000000e+00
6.064590811729431152e-01 7.897731661796569824e-01 8.802767992019653320e-01 1.000000000000000000e+00
5.967704653739929199e-01 7.848519682884216309e-01 8.775086402893066406e-01 1.000000000000000000e+00
5.870819091796875000e-01 7.799307703971862793e-01 8.747404813766479492e-01 1.000000000000000000e+00
5.773932933807373047e-01 7.750096321105957031e-01 8.719723224639892578e-01 1.000000000000000000e+00
5.664744377136230469e-01 7.687043547630310059e-01 8.685120940208435059e-01 1.000000000000000000e+00
5.543252825736999512e-01 7.610149979591369629e-01 8.643598556518554688e-01 1.000000000000000000e+00
5.421760678291320801e-01 7.533256411552429199e-01 8.602076172828674316e-01 1.000000000000000000e+00
5.300269126892089844e-01 7.456362843513488770e-01 8.560553789138793945e-01 1.000000000000000000e+00
5.178777575492858887e-01 7.379469275474548340e-01 8.519031405448913574e-01 1.000000000000000000e+00
5.057285428047180176e-01 7.302575707435607910e-01 8.477508425712585449e-01 1.000000000000000000e+00
4.935793876647949219e-01 7.225682139396667480e-01 8.435986042022705078e-01 1.000000000000000000e+00
4.814302325248718262e-01 7.148789167404174805e-01 8.394463658332824707e-01 1.000000000000000000e+00
4.692810475826263428e-01 7.071895599365234375e-01 8.352941274642944336e-01 1.000000000000000000e+00
4.571318626403808594e-01 6.995002031326293945e-01 8.311418890953063965e-01 1.000000000000000000e+00
4.449827075004577637e-01 6.918108463287353516e-01 8.269895911216735840e-01 1.000000000000000000e+00
4.328335225582122803e-01 6.841214895248413086e-01 8.228373527526855469e-01 1.000000000000000000e+00
4.206843376159667969e-01 6.764321327209472656e-01 8.186851143836975098e-01 1.000000000000000000e+00
4.085351824760437012e-01 6.687427759170532227e-01 8.145328760147094727e-01 1.000000000000000000e+00
3.963859975337982178e-01 6.610534191131591797e-01 8.103806376457214355e-01 1.000000000000000000e+00
3.842368423938751221e-01 6.533640623092651367e-01 8.062283992767333984e-01 1.000000000000000000e+00
3.720876574516296387e-01 6.456747651100158691e-01 8.020761013031005859e-01 1.000000000000000000e+00
3.599384725093841553e-01 6.379854083061218262e-01 7.979238629341125488e-01 1.000000000000000000e+00
3.477893173694610596e-01 6.302960515022277832e-01 7.937716245651245117e-01 1.000000000000000000e+00
3.356401324272155762e-01 6.226066946983337402e-01 7.896193861961364746e-01 1.000000000000000000e+00
3.234909772872924805e-01 6.149173378944396973e-01 7.854671478271484375e-01 1.000000000000000000e+00
3.113417923450469971e-01 6.072279810905456543e-01 7.813148498535156250e-01 1.000000000000000000e+00
2.991926074028015137e-01 5.995386242866516113e-01 7.771626114845275879e-01 1.000000000000000000e+00
2.870434522628784180e-01 5.918492674827575684e-01 7.730103731155395508e-01 1.000000000000000000e+00
2.748942673206329346e-01 5.841599106788635254e-01 7.688581347465515137e-01 1.000000000000000000e+00
2.627451121807098389e-01 5.764706134796142578e-01 7.647058963775634766e-01 1.000000000000000000e+00
2.575163543224334717e-01 5.695501565933227539e-01 7.611687779426574707e-01 1.000000000000000000e+00
2.522875964641571045e-01 5.626297593116760254e-01 7.576316595077514648e-01 1.000000000000000000e+00
2.470588237047195435e-01 5.557093620300292969e-01 7.540946006774902344e-01 1.000000000000000000e+00
2.418300658464431763e-01 5.487889051437377930e-01 7.505574822425842285e-01 1.000000000000000000e+00
2.366013079881668091e-01 5.418685078620910645e-01 7.470203638076782227e-01 1.000000000000000000e+00
2.313725501298904419e-01 5.349481105804443359e-01 7.434833049774169922e-01 1.000000000000000000e+00
2.261437922716140747e-01 5.280276536941528320e-01 7.399461865425109863e-01 1.000000000000000000e+00
2.209150344133377075e-01 5.211072564125061035e-01 7.364090681076049805e-01 1.000000000000000000e+00
2.156862765550613403e-01 5.141868591308593750e-01 7.328719496726989746e-01 1.000000000000000000e+00
2.104575186967849731e-01 5.072664618492126465e-01 7.293348908424377441e-01 1.000000000000000000e+00
2.052287608385086060e-01 5.003460049629211426e-01 7.257977724075317383e-01 1.000000000000000000e+00
2.000000029802322388e-01 4.934256076812744141e-01 7.222606539726257324e-01 1.000000000000000000e+00
1.947712451219558716e-01 4.865051805973052979e-01 7.187235951423645020e-01 1.000000000000000000e+00
1.895424872636795044e-01 4.795847833156585693e-01 7.151864767074584961e-01 1.000000000000000000e+00
1.843137294054031372e-01 4.726643562316894531e-01 7.116493582725524902e-01 1.000000000000000000e+00
1.790849715471267700e-01 4.657439589500427246e-01 7.081122398376464844e-01 1.000000000000000000e+00
1.738562136888504028e-01 4.588235318660736084e-01 7.045751810073852539e-01 1.000000000000000000e+00
1.686274558305740356e-01 4.519031047821044922e-01 7.010380625724792480e-01 1.000000000000000000e+00
1.633986979722976685e-01 4.449827075004577637e-01 6.975009441375732422e-01 1.000000000000000000e+00
1.581699401140213013e-01 4.380622804164886475e-01 6.939638853073120117e-01 1.000000000000000000e+00
1.529411822557449341e-01 4.311418831348419189e-01 6.904267668724060059e-01 1.000000000000000000e+00
1.477124243974685669e-01 4.242214560508728027e-01 6.868896484375000000e-01 1.000000000000000000e+00
1.424836665391921997e-01 4.173010289669036865e-01 6.833525300025939941e-01 1.000000000000000000e+00
1.372549086809158325e-01 4.103806316852569580e-01 6.798154711723327637e-01 1.000000000000000000e+00
1.320261508226394653e-01 4.034602046012878418e-01 6.762783527374267578e-01 1.000000000000000000e+00
1.272587478160858154e-01 3.958477377891540527e-01 6.687427759170532227e-01 1.000000000000000000e+00
1.229527071118354797e-01 3.875432610511779785e-01 6.572087407112121582e-01 1.000000000000000000e+00
1.186466738581657410e-01 3.792387545108795166e-01 6.456747651100158691e-01 1.000000000000000000e+00
1.143406406044960022e-01 3.709342479705810547e-01 6.341407299041748047e-01 1.000000000000000000e+00
1.100345999002456665e-01 3.626297712326049805e-01 6.226066946983337402e-01 1.000000000000000000e+00
1.057285666465759277e-01 3.543252646923065186e-01 6.110726594924926758e-01 1.000000000000000000e+00
1.014225333929061890e-01 3.460207581520080566e-01 5.995386242866516113e-01 1.000000000000000000e+00
9.711649268865585327e-02 3.377162516117095947e-01 5.880045890808105469e-01 1.000000000000000000e+00
9.281045943498611450e-02 3.294117748737335205e-01 5.764706134796142578e-01 1.000000000000000000e+00
8.850441873073577881e-02 3.211072683334350586e-01 5.649365782737731934e-01 1.000000000000000000e+00
8.419838547706604004e-02 3.128027617931365967e-01 5.534025430679321289e-01 1.000000000000000000e+00
7.989235222339630127e-02 3.044982552528381348e-01 5.418685078620910645e-01 1.000000000000000000e+00
7.558631151914596558e-02 2.961937785148620605e-01 5.303344726562500000e-01 1.000000000000000000e+00
7.128027826547622681e-02 2.878892719745635986e-01 5.188004374504089355e-01 1.000000000000000000e+00
6.697423756122589111e-02 2.795847654342651367e-01 5.072664618492126465e-01 1.000000000000000000e+00
6.266820430755615234e-02 2.712802886962890625e-01 4.957323968410491943e-01 1.000000000000000000e+00
5.836216732859611511e-02 2.629757821559906006e-01 4.841983914375305176e-01 1.000000000000000000e+00
5.405613407492637634e-02 2.546712756156921387e-01 4.726643562316894531e-01 1.000000000000000000e+00
4.975009709596633911e-02 2.463667839765548706e-01 4.611303210258483887e-01 1.000000000000000000e+00
4.544406011700630188e-02 2.380622774362564087e-01 4.495963156223297119e-01 1.000000000000000000e+00
4.113802313804626465e-02 2.297577857971191406e-01 4.380622804164886475e-01 1.000000000000000000e+00
3.683198615908622742e-02 2.214532941579818726e-01 4.265282452106475830e-01 1.000000000000000000e+00
3.252595290541648865e-02 2.131487876176834106e-01 4.149942398071289062e-01 1.000000000000000000e+00
2.821991592645645142e-02 2.048442959785461426e-01 4.034602046012878418e-01 1.000000000000000000e+00
2.391387894749641418e-02 1.965397894382476807e-01 3.919261693954467773e-01 1.000000000000000000e+00
1.960784383118152618e-02 1.882352977991104126e-01 3.803921639919281006e-01 1.000000000000000000e+00
