4.039215743541717529e-01 0.000000000000000000e+00 1.215686276555061340e-01 1.000000000000000000e+00
4.154555797576904297e-01 3.690888173878192902e-03 1.234140694141387939e-01 1.000000000000000000e+00
4.269896149635314941e-01 7.381776347756385803e-03 1.252595186233520508e-01 1.000000000000000000e+00
4.385236501693725586e-01 1.107266452163457870e-02 1.271049529314041138e-01 1.000000000000000000e+00
4.500576555728912354e-01 1.476355269551277161e-02 1.289504021406173706e-01 1.000000000000000000e+00
4.615916907787322998e-01 1.845443993806838989e-02 1.307958513498306274e-01 1.000000000000000000e+00
4.731257259845733643e-01 2.214532904326915741e-02 1.326412856578826904e-01 1.000000000000000000e+00
4.846597313880920410e-01 2.583621628582477570e-02 1.344867348670959473e-01 1.000000000000000000e+00
4.961937665939331055e-01 2.952710539102554321e-02 1.363321840763092041e-01 1.000000000000000000e+00
5.077278017997741699e-01 3.321799263358116150e-02 1.381776183843612671e-01 1.000000000000000000e+00
5.192618370056152344e-01 3.690887987613677979e-02 1.400230675935745239e-01 1.000000000000000000e+00
5.307958722114562988e-01 4.059977084398269653e-02 1.418685168027877808e-01 1.000000000000000000e+00
5.423298478126525879e-01 4.429065808653831482e-02 1.437139511108398438e-01 1.000000000000000000e+00
5.538638830184936523e-01 4.798154532909393311e-02 1.455594003200531006e-01 1.000000000000000000e+00
5.653979182243347168e-01 5.167243257164955139e-02 1.474048495292663574e-01 1.000000000000000000e+00
5.769319534301757812e-01 5.536332353949546814e-02 1.492502838373184204e-01 1.000000000000000000e+00
5.884659886360168457e-01 5.905421078205108643e-02 1.510957330465316772e-01 1.000000000000000000e+00
6.000000238418579102e-01 6.274510174989700317e-02 1.529411822557449341e-01 1.000000000000000000e+00
6.115339994430541992e-01 6.643598526716232300e-02 1.547866165637969971e-01 1.000000000000000000e+00
6.230680346488952637e-01 7.012687623500823975e-02 1.566320657730102539e-01 1.000000000000000000e+00
6.346020698547363281e-01 7.381775975227355957e-02 1.584775149822235107e-01 1.000000000000000000e+00
6.461361050605773926e-01 7.750865072011947632e-02 1.603229492902755737e-01 1.000000000000000000e+00
6.576701402664184570e-01 8.119954168796539307e-02 1.621683984994888306e-01 1.000000000000000000e+00
6.692041754722595215e-01 8.489042520523071289e-02 1.640138477087020874e-01 1.000000000000000000e+00
6.807381510734558105e-01 8.858131617307662964e-02 1.658592820167541504e-01 1.000000000000000000e+00
6.922721862792968750e-01 9.227219969034194946e-02 1.677047312259674072e-01 1.000000000000000000e+00
7.008073925971984863e-01 9.965398162603378296e-02 1.712418347597122192e-01 1.000000000000000000e+00
7.063437104225158691e-01 1.107266470789909363e-01 1.764705926179885864e-01 1.000000000000000000e+00
7.118800282478332520e-01 1.217993050813674927e-01 1.816993504762649536e-01 1.000000000000000000e+00
7.174164056777954102e-01 1.328719705343246460e-01 1.869281083345413208e-01 1.000000000000000000e+00
7.229527235031127930e-01 1.439446359872817993e-01 1.921568661928176880e-01 1.000000000000000000e+00
7.284890413284301758e-01 1.550173014402389526e-01 1.973856240510940552e-01 1.000000000000000000e+00
7.340253591537475586e-01 1.660899668931961060e-01 2.026143819093704224e-01 1.000000000000000000e+00
7.395617365837097168e-01 1.771626323461532593e-01 2.078431397676467896e-01 1.000000000000000000e+00
7.450980544090270996e-01 1.882352977991104126e-01 2.130718976259231567e-01 1.000000000000000000e+00
7.506343722343444824e-01 1.993079632520675659e-01 2.183006554841995239e-01 1.000000000000000000e+00
7.561706900596618652e-01 2.103806287050247192e-01 2.235294133424758911e-01 1.000000000000000000e+00
7.617070078849792480e-01 2.214532941579818726e-01 2.287581712007522583e-01 1.000000000000000000e+00
7.672433853149414062e-01 2.325259447097778320e-01 2.339869290590286255e-01 1.000000000000000000e+00
7.727797031402587891e-01 2.435986101627349854e-01 2.392156869173049927e-01 1.000000000000000000e+00
7.783160209655761719e-01 2.546712756156921387e-01 2.444444447755813599e-01 1.000000000000000000e+00
7.838523387908935547e-01 2.657439410686492920e-01 2.496732026338577271e-01 1.000000000000000000e+00
7.893887162208557129e-01 2.768166065216064453e-01 2.549019753932952881e-01 1.000000000000000000e+00
7.949250340461730957e-01 2.878892719745635986e-01 2.601307332515716553e-01 1.000000000000000000e+00
8.004613518714904785e-01 2.989619374275207520e-01 2.653594911098480225e-01 1.000000000000000000e+00
8.059976696968078613e-01 3.100346028804779053e-01 2.705882489681243896e-01 1.000000000000000000e+00
8.115340471267700195e-01 3.211072683334350586e-01 2.758170068264007568e-01 1.000000000000000000e+00
8.170703649520874023e-01 3.321799337863922119e-01 2.810457646846771240e-01 1.000000000000000000e+00
8.226066827774047852e-01 3.432525992393493652e-01 2.862745225429534912e-01 1.000000000000000000e+00
8.281430006027221680e-01 3.543252646923065186e-01 2.915032804012298584e-01 1.000000000000000000e+00
8.336793780326843262e-01 3.653979301452636719e-01 2.967320382595062256e-01 1.000000000000000000e+00
8.392156958580017090e-01 3.764705955982208252e-01 3.019607961177825928e-01 1.000000000000000000e+00
8.438292741775512695e-01 3.870818912982940674e-01 3.101114928722381592e-01 1.000000000000000000e+00
8.484429121017456055e-01 3.976931869983673096e-01 3.182622194290161133e-01 1.000000000000000000e+00
8.530564904212951660e-01 4.083045125007629395e-01 3.264129161834716797e-01 1.000000000000000000e+00
8.576701283454895020e-01 4.189158082008361816e-01 3.345636427402496338e-01 1.000000000000000000e+00
8.622837662696838379e-01 4.295271039009094238e-01 3.427143394947052002e-01 1.000000000000000000e+00
8.668973445892333984e-01 4.401383996009826660e-01 3.508650660514831543e-01 1.000000000000000000e+00
8.715109825134277344e-01 4.507497251033782959e-01 3.590157628059387207e-01 1.000000000000000000e+00
8.761245608329772949e-01 4.613610208034515381e-01 3.671664595603942871e-01 1.000000000000000000e+00
8.807381987571716309e-01 4.719723165035247803e-01 3.753171861171722412e-01 1.000000000000000000e+00
8.853517770767211914e-01 4.825836122035980225e-01 3.834678828716278076e-01 1.000000000000000000e+00
8.899654150009155273e-01 4.931949377059936523e-01 3.916186094284057617e-01 1.000000000000000000e+00
8.945789933204650879e-01 5.038062334060668945e-01 3.997693061828613281e-01 1.000000000000000000e+00
8.991926312446594238e-01 5.144175291061401367e-01 4.079200327396392822e-01 1.000000000000000000e+00
9.038062095642089844e-01 5.250288248062133789e-01 4.160707294940948486e-01 1.000000000000000000e+00
9.084198474884033203e-01 5.356401205062866211e-01 4.242214560508728027e-01 1.000000000000000000e+00
9.130334258079528809e-01 5.462514162063598633e-01 4.323721528053283691e-01 1.000000000000000000e+00
9.176470637321472168e-01 5.568627715110778809e-01 4.405228793621063232e-01 1.000000000000000000e+00
9.222606420516967773e-01 5.674740672111511230e-01 4.486735761165618896e-01 1.000000000000000000e+00
9.268742799758911133e-01 5.780853629112243652e-01 4.568243026733398438e-01 1.000000000000000000e+00
9.314879179000854492e-01 5.886966586112976074e-01 4.649749994277954102e-01 1.000000000000000000e+00
9.361014962196350098e-01 5.993079543113708496e-01 4.731257259845733643e-01 1.000000000000000000e+00
9.407151341438293457e-01 6.099192500114440918e-01 4.812764227390289307e-01 1.000000000000000000e+00
9.453287124633789062e-01 6.205305457115173340e-01 4.894271492958068848e-01 1.000000000000000000e+00
9.499423503875732422e-01 6.311418414115905762e-01 4.975778460502624512e-01 1.000000000000000000e+00
9.545559287071228027e-01 6.417531967163085938e-01 5.057285428047180176e-01 1.000000000000000000e+00
9.575547575950622559e-01 6.512110829353332520e-01 5.151095986366271973e-01 1.000000000000000000e+00
9.589388966560363770e-01 6.595155596733093262e-01 5.257208943367004395e-01 1.000000000000000000e+00
9.603229761123657227e-01 6.678200960159301758e-01 5.363321900367736816e-01 1.000000000000000000e+00
9.617070555686950684e-01 6.761245727539062500e-01 5.469434857368469238e-01 1.000000000000000000e+00
9.630911350250244141e-01 6.844290494918823242e-01 5.575547814369201660e-01 1.000000000000000000e+00
9.644752144813537598e-01 6.927335858345031738e-01 5.681660771369934082e-01 1.000000000000000000e+00
9.658592939376831055e-01 7.010380625724792480e-01 5.787773728370666504e-01 1.000000000000000000e+00
9.672433733940124512e-01 7.093425393104553223e-01 5.893886685371398926e-01 1.000000000000000000e+00
9.686274528503417969e-01 7.176470756530761719e-01 6.000000238418579102e-01 1.000000000000000000e+00
9.700115323066711426e-01 7.259515523910522461e-01 6.106113195419311523e-01 1.000000000000000000e+00
9.713956117630004883e-01 7.342560291290283203e-01 6.212226152420043945e-01 1.000000000000000000e+00
9.727796912193298340e-01 7.425605654716491699e-01 6.318339109420776367e-01 1.000000000000000000e+00
9.741637706756591797e-01 7.508650422096252441e-01 6.424452066421508789e-01 1.000000000000000000e+00
9.755478501319885254e-01 7.591695785522460938e-01 6.530565023422241211e-01 1.000000000000000000e+00
9.769319295883178711e-01 7.674740552902221680e-01 6.636677980422973633e-01 1.000000000000000000e+00
9.783160090446472168e-01 7.757785320281982422e-01 6.742790937423706055e-01 1.000000000000000000e+00
9.797000885009765625e-01 7.840830683708190918e-01 6.848904490470886230e-01 1.000000000000000000e+00
9.810842275619506836e-01 7.923875451087951660e-01 6.955017447471618652e-01 1.000000000000000000e+00
9.824683070182800293e-01 8.006920218467712402e-01 7.061130404472351074e-01 1.000000000000000000e+00
9.838523864746093750e-01 8.089965581893920898e-01 7.167243361473083496e-01 1.000000000000000000e+00
9.852364659309387207e-01 8.173010349273681641e-01 7.273356318473815918e-01 1.000000000000000000e+00
9.866205453872680664e-01 8.256055116653442383e-01 7.379469275474548340e-01 1.000000000000000000e+00
9.880046248435974121e-01 8.339100480079650879e-01 7.485582232475280762e-01 1.000000000000000000e+00
9.893887042999267578e-01 8.422145247459411621e-01 7.591695785522460938e-01 1.000000000000000000e+00
9.907727837562561035e-01 8.505190014839172363e-01 7.697808742523193359e-01 1.000000000000000000e+00
9.921568632125854492e-01 8.588235378265380859e-01 7.803921699523925781e-01 1.000000000000000000e+00
9.924644231796264648e-01 8.643598556518554688e-01 7.890042066574096680e-01 1.000000000000000000e+00
9.927719831466674805e-01 8.698961734771728516e-01 7.976163029670715332e-01 1.000000000000000000e+00
9.930796027183532715e-01 8.754325509071350098e-01 8.062283992767333984e-01 1.000000000000000000e+00
9.933871626853942871e-01 8.809688687324523926e-01 8.148404359817504883e-01 1.000000000000000000e+00
9.936947226524353027e-01 8.865051865577697754e-01 8.234525322914123535e-01 1.000000000000000000e+00
9.940022826194763184e-01 8.920415043830871582e-01 8.320645689964294434e-01 1.000000000000000000e+00
9.943099021911621094e-01 8.975778818130493164e-01 8.406766653060913086e-01 1.000000000000000000e+00
9.946174621582031250e-01 9.031141996383666992e-01 8.492887616157531738e-01 1.000000000000000000e+00
9.949250221252441406e-01 9.086505174636840820e-01 8.579007983207702637e-01 1.000000000000000000e+00
9.952325820922851562e-01 9.141868352890014648e-01 8.665128946304321289e-01 1.000000000000000000e+00
9.955402016639709473e-01 9.197232127189636230e-01 8.751249313354492188e-01 1.000000000000000000e+00
9.958477616310119629e-01 9.252595305442810059e-01 8.837370276451110840e-01 1.000000000000000000e+00
9.961553215980529785e-01 9.307958483695983887e-01 8.923491239547729492e-01 1.000000000000000000e+00
9.964628815650939941e-01 9.363321661949157715e-01 9.009611606597900391e-01 1.000000000000000000e+00
9.967705011367797852e-01 9.418684840202331543e-01 9.095732569694519043e-01 1.000000000000000000e+00
9.970780611038208008e-01 9.474048614501953125e-01 9.181852936744689941e-01 1.000000000000000000e+00
9.973856210708618164e-01 9.529411792755126953e-01 9.267973899841308594e-01 1.000000000000000000e+00
9.976931810379028320e-01 9.584774971008300781e-01 9.354094862937927246e-01 1.000000000000000000e+00
9.980007410049438477e-01 9.640138149261474609e-01 9.440215229988098145e-01 1.000000000000000000e+00
9.983083605766296387e-01 9.695501923561096191e-01 9.526336193084716797e-01 1.000000000000000000e+00
9.986159205436706543e-01 9.750865101814270020e-01 9.612456560134887695e-01 1.000000000000000000e+00
9.989234805107116699e-01 9.806228280067443848e-01 9.698577523231506348e-01 1.000000000000000000e+00
9.992310404777526855e-01 9.861591458320617676e-01 9.784698486328125000e-01 1.000000000000000000e+00
9.995386600494384766e-01 9.916955232620239258e-01 9.870818853378295898e-01 1.000000000000000000e+00
9.998462200164794922e-01 9.972318410873413086e-01 9.956939816474914551e-01 1.000000000000000000e+00
9.976162910461425781e-01 9.976162910461425781e-01 9.976162910461425781e-01 1.000000000000000000e+00
9.928489327430725098e-01 9.928489327430725098e-01 9.928489327430725098e-01 1.000000000000000000e+00
9.880815148353576660e-01 9.880815148353576660e-01 9.880815148353576660e-01 1.000000000000000000e+00
9.833140969276428223e-01 9.833140969276428223e-01 9.833140969276428223e-01 1.000000000000000000e+00
9.785467386245727539e-01 9.785467386245727539e-01 9.785467386245727539e-01 1.000000000000000000e+00
9.737793207168579102e-01 9.737793207168579102e-01 9.737793207168579102e-01 1.000000000000000000e+00
9.690119028091430664e-01 9.690119028091430664e-01 9.690119028091430664e-01 1.000000000000000000e+00
9.642445445060729980e-01 9.642445445060729980e-01 9.642445445060729980e-01 1.000000000000000000e+00
9.594771265983581543e-01 9.594771265983581543e-01 9.594771265983581543e-01 1.000000000000000000e+00
9.547097086906433105e-01 9.547097086906433105e-01 9.547097086906433105e-01 1.000000000000000000e+00
9.499423503875732422e-01 9.499423503875732422e-01 9.499423503875732422e-01 1.000000000000000000e+00
9.451749324798583984e-01 9.451749324798583984e-01 9.451749324798583984e-01 1.000000000000000000e+00
9.404075145721435547e-01 9.404075145721435547e-01 9.404075145721435547e-01 1.000000000000000000e+00
9.356401562690734863e-01 9.356401562690734863e-01 9.356401562690734863e-01 1.000000000000000000e+00
9.308727383613586426e-01 9.308727383613586426e-01 9.308727383613586426e-01 1.000000000000000000e+00
9.261053204536437988e-01 9.261053204536437988e-01 9.261053204536437988e-01 1.000000000000000000e+00
9.213379621505737305e-01 9.213379621505737305e-01 9.213379621505737305e-01 1.000000000000000000e+00
9.165705442428588867e-01 9.165705442428588867e-01 9.165705442428588867e-01 1.000000000000000000e+00
9.118031263351440430e-01 9.118031263351440430e-01 9.118031263351440430e-01 1.000000000000000000e+00
9.070357680320739746e-01 9.070357680320739746e-01 9.070357680320739746e-01 1.000000000000000000e+00
9.022683501243591309e-01 9.022683501243591309e-01 9.022683501243591309e-01 1.000000000000000000e+00
8.975009322166442871e-01 8.975009322166442871e-01 8.975009322166442871e-01 1.000000000000000000e+00
8.927335739135742188e-01 8.927335739135742188e-01 8.927335739135742188e-01 1.000000000000000000e+00
8.879661560058593750e-01 8.879661560058593750e-01 8.879661560058593750e-01 1.000000000000000000e+00
8.831987977027893066e-01 8.831987977027893066e-01 8.831987977027893066e-01 1.000000000000000000e+00
8.784313797950744629e-01 8.784313797950744629e-01 8.784313797950744629e-01 1.000000000000000000e+00
8.725874423980712891e-01 8.725874423980712891e-01 8.725874423980712891e-01 1.000000000000000000e+00
8.667435646057128906e-01 8.667435646057128906e-01 8.667435646057128906e-01 1.000000000000000000e+00
8.608996272087097168e-01 8.608996272087097168e-01 8.608996272087097168e-01 1.000000000000000000e+00
8.550557494163513184e-01 8.550557494163513184e-01 8.550557494163513184e-01 1.000000000000000000e+00
8.492118120193481445e-01 8.492118120193481445e-01 8.492118120193481445e-01 1.000000000000000000e+00
8.433679342269897461e-01 8.433679342269897461e-01 8.433679342269897461e-01 1.000000000000000000e+00
8.375240564346313477e-01 8.375240564346313477e-01 8.375240564346313477e-01 1.000000000000000000e+00
8.316801190376281738e-01 8.316801190376281738e-01 8.316801190376281738e-01 1.000000000000000000e+00
8.258362412452697754e-01 8.258362412452697754e-01 8.258362412452697754e-01 1.000000000000000000e+00
8.199923038482666016e-01 8.199923038482666016e-01 8.199923038482666016e-01 1.000000000000000000e+00
8.141484260559082031e-01 8.141484260559082031e-01 8.141484260559082031e-01 1.000000000000000000e+00
8.083044886589050293e-01 8.083044886589050293e-01 8.083044886589050293e-01 1.000000000000000000e+00
8.024606108665466309e-01 8.024606108665466309e-01 8.024606108665466309e-01 1.000000000000000000e+00
7.966166734695434570e-01 7.966166734695434570e-01 7.966166734695434570e-01 1.000000000000000000e+00
7.907727956771850586e-01 7.907727956771850586e-01 7.907727956771850586e-01 1.000000000000000000e+00
7.849288582801818848e-01 7.849288582801818848e-01 7.849288582801818848e-01 1.000000000000000000e+00
7.790849804878234863e-01 7.790849804878234863e-01 7.790849804878234863e-01 1.000000000000000000e+00
7.732410430908203125e-01 7.732410430908203125e-01 7.732410430908203125e-01 1.000000000000000000e+00
7.673971652984619141e-01 7.673971652984619141e-01 7.673971652984619141e-01 1.000000000000000000e+00
7.615532279014587402e-01 7.615532279014587402e-01 7.615532279014587402e-01 1.000000000000000000e+00
7.557093501091003418e-01 7.557093501091003418e-01 7.557093501091003418e-01 1.000000000000000000e+00
7.498654127120971680e-01 7.498654127120971680e-01 7.498654127120971680e-01 1.000000000000000000e+00
7.440215349197387695e-01 7.440215349197387695e-01 7.440215349197387695e-01 1.000000000000000000e+00
7.381775975227355957e-01 7.381775975227355957e-01 7.381775975227355957e-01 1.000000000000000000e+00
7.323337197303771973e-01 7.323337197303771973e-01 7.323337197303771973e-01 1.000000000000000000e+00
7.254902124404907227e-01 7.254902124404907227e-01 7.254902124404907227e-01 1.000000000000000000e+00
7.176470756530761719e-01 7.176470756530761719e-01 7.176470756530761719e-01 1.000000000000000000e+00
7.098039388656616211e-01 7.098039388656616211e-01 7.098039388656616211e-01 1.000000000000000000e+00
7.019608020782470703e-01 7.019608020782470703e-01 7.019608020782470703e-01 1.000000000000000000e+00
6.941176652908325195e-01 6.941176652908325195e-01 6.941176652908325195e-01 1.000000000000000000e+00
6.862745285034179688e-01 6.862745285034179688e-01 6.862745285034179688e-01 1.000000000000000000e+00
6.784313917160034180e-01 6.784313917160034180e-01 6.784313917160034180e-01 1.000000000000000000e+00
6.705882549285888672e-01 6.705882549285888672e-01 6.705882549285888672e-01 1.000000000000000000e+00
6.627451181411743164e-01 6.627451181411743164e-01 6.627451181411743164e-01 1.000000000000000000e+00
6.549019813537597656e-01 6.549019813537597656e-01 6.549019813537597656e-01 1.000000000000000000e+00
6.470588445663452148e-01 6.470588445663452148e-01 6.470588445663452148e-01 1.000000000000000000e+00
6.392157077789306641e-01 6.392157077789306641e-01 6.392157077789306641e-01 1.000000000000000000e+00
6.313725709915161133e-01 6.313725709915161133e-01 6.313725709915161133e-01 1.000000000000000000e+00
6.235294342041015625e-01 6.235294342041015625e-01 6.235294342041015625e-01 1.000000000000000000e+00
6.156862974166870117e-01 6.156862974166870117e-01 6.156862974166870117e-01 1.000000000000000000e+00
6.078431606292724609e-01 6.078431606292724609e-01 6.078431606292724609e-01 1.000000000000000000e+00
6.000000238418579102e-01 6.000000238418579102e-01 6.000000238418579102e-01 1.000000000000000000e+00
5.921568870544433594e-01 5.921568870544433594e-01 5.921568870544433594e-01 1.000000000000000000e+00
5.843137502670288086e-01 5.843137502670288086e-01 5.843137502670288086e-01 1.000000000000000000e+00
5.764706134796142578e-01 5.764706134796142578e-01 5.764706134796142578e-01 1.000000000000000000e+00
5.686274766921997070e-01 5.686274766921997070e-01 5.686274766921997070e-01 1.000000000000000000e+00
5.607843399047851562e-01 5.607843399047851562e-01 5.607843399047851562e-01 1.000000000000000000e+00
5.529412031173706055e-01 5.529412031173706055e-01 5.529412031173706055e-01 1.000000000000000000e+00
5.450980663299560547e-01 5.450980663299560547e-01 5.450980663299560547e-01 1.000000000000000000e+00
5.372549295425415039e-01 5.372549295425415039e-01 5.372549295425415039e-01 1.000000000000000000e+00
5.294117927551269531e-01 5.294117927551269531e-01 5.294117927551269531e-01 1.000000000000000000e+00
5.204921364784240723e-01 5.204921364784240723e-01 5.204921364784240723e-01 1.000000000000000000e+00
5.115724802017211914e-01 5.115724802017211914e-01 5.115724802017211914e-01 1.000000000000000000e+00
5.026528239250183105e-01 5.026528239250183105e-01 5.026528239250183105e-01 1.000000000000000000e+00
4.937331676483154297e-01 4.937331676483154297e-01 4.937331676483154297e-01 1.000000000000000000e+00
4.848135411739349365e-01 4.848135411739349365e-01 4.848135411739349365e-01 1.000000000000000000e+00
4.758938848972320557e-01 4.758938848972320557e-01 4.758938848972320557e-01 1.000000000000000000e+00
4.669742286205291748e-01 4.669742286205291748e-01 4.669742286205291748e-01 1.000000000000000000e+00
4.580546021461486816e-01 4.580546021461486816e-01 4.580546021461486816e-01 1.000000000000000000e+00
4.491349458694458008e-01 4.491349458694458008e-01 4.491349458694458008e-01 1.000000000000000000e+00
4.402152895927429199e-01 4.402152895927429199e-01 4.402152895927429199e-01 1.000000000000000000e+00
4.312956631183624268e-01 4.312956631183624268e-01 4.312956631183624268e-01 1.000000000000000000e+00
4.223760068416595459e-01 4.223760068416595459e-01 4.223760068416595459e-01 1.000000000000000000e+00
4.134563505649566650e-01 4.134563505649566650e-01 4.134563505649566650e-01 1.000000000000000000e+00
4.045367240905761719e-01 4.045367240905761719e-01 4.045367240905761719e-01 1.000000000000000000e+00
3.956170678138732910e-01 3.956170678138732910e-01 3.956170678138732910e-01 1.000000000000000000e+00
3.866974115371704102e-01 3.866974115371704102e-01 3.866974115371704102e-01 1.000000000000000000e+00
3.777777850627899170e-01 3.777777850627899170e-01 3.777777850627899170e-01 1.000000000000000000e+00
3.688581287860870361e-01 3.688581287860870361e-01 3.688581287860870361e-01 1.000000000000000000e+00
3.599384725093841553e-01 3.599384725093841553e-01 3.599384725093841553e-01 1.000000000000000000e+00
3.510188460350036621e-01 3.510188460350036621e-01 3.510188460350036621e-01 1.000000000000000000e+00
3.420991897583007812e-01 3.420991897583007812e-01 3.420991897583007812e-01 1.000000000000000000e+00
3.331795334815979004e-01 3.331795334815979004e-01 3.331795334815979004e-01 1.000000000000000000e+00
3.242599070072174072e-01 3.242599070072174072e-01 3.242599070072174072e-01 1.000000000000000000e+00
3.153402507305145264e-01 3.153402507305145264e-01 3.153402507305145264e-01 1.000000000000000000e+00
3.064205944538116455e-01 3.064205944538116455e-01 3.064205944538116455e-01 1.000000000000000000e+00
2.980392277240753174e-01 2.980392277240753174e-01 2.980392277240753174e-01 1.000000000000000000e+00
2.901960909366607666e-01 2.901960909366607666e-01 2.901960909366607666e-01 1.000000000000000000e+00
2.823529541492462158e-01 2.823529541492462158e-01 2.823529541492462158e-01 1.000000000000000000e+00
2.745098173618316650e-01 2.745098173618316650e-01 2.745098173618316650e-01 1.000000000000000000e+00
2.666666805744171143e-01 2.666666805744171143e-01 2.666666805744171143e-01 1.000000000000000000e+00
2.588235437870025635e-01 2.588235437870025635e-01 2.588235437870025635e-01 1.000000000000000000e+00
2.509804069995880127e-01 2.509804069995880127e-01 2.509804069995880127e-01 1.000000000000000000e+00
2.431372553110122681e-01 2.431372553110122681e-01 2.431372553110122681e-01 1.000000000000000000e+00
2.352941185235977173e-01 2.352941185235977173e-01 2.352941185235977173e-01 1.000000000000000000e+00
2.274509817361831665e-01 2.274509817361831665e-01 2.274509817361831665e-01 1.000000000000000000e+00
2.196078449487686157e-01 2.196078449487686157e-01 2.196078449487686157e-01 1.000000000000000000e+00
2.117647081613540649e-01 2.117647081613540649e-01 2.117647081613540649e-01 1.000000000000000000e+00
2.039215713739395142e-01 2.039215713739395142e-01 2.039215713739395142e-01 1.000000000000000000e+00
1.960784345865249634e-01 1.960784345865249634e-01 1.960784345865249634e-01 1.000000000000000000e+00
1.882352977991104126e-01 1.882352977991104126e-01 1.882352977991104126e-01 1.000000000000000000e+00
1.803921610116958618e-01 1.803921610116958618e-01 1.803921610116958618e-01 1.000000000000000000e+00
1.725490242242813110e-01 1.725490242242813110e-01 1.725490242242813110e-01 1.000000000000000000e+00
1.647058874368667603e-01 1.647058874368667603e-01 1.647058874368667603e-01 1.000000000000000000e+00
1.568627506494522095e-01 1.568627506494522095e-01 1.568627506494522095e-01 1.000000000000000000e+00
1.490196138620376587e-01 1.490196138620376587e-01 1.490196138620376587e-01 1.000000000000000000e+00
1.411764770746231079e-01 1.411764770746231079e-01 1.411764770746231079e-01 1.000000000000000000e+00
1.333333402872085571e-01 1.333333402872085571e-01 1.333333402872085571e-01 1.000000000000000000e+00
1.254902034997940063e-01 1.254902034997940063e-01 1.254902034997940063e-01 1.000000000000000000e+00
1.176470592617988586e-01 1.176470592617988586e-01 1.176470592617988586e-01 1.000000000000000000e+00
1.098039224743843079e-01 1.098039224743843079e-01 1.098039224743843079e-01 1.000000000000000000e+00
1.019607856869697571e-01 1.019607856869697571e-01 1.019607856869697571e-01 1.000000000000000000e+00
