0.000000000000000000e+00 0.000000000000000000e+00 3.000000119209289551e-01 1.000000000000000000e+00
0.000000000000000000e+00 0.000000000000000000e+00 3.109803795814514160e-01 1.000000000000000000e+00
0.000000000000000000e+00 0.000000000000000000e+00 3.219607770442962646e-01 1.000000000000000000e+00
0.000000000000000000e+00 0.000000000000000000e+00 3.329411745071411133e-01 1.000000000000000000e+00
0.000000000000000000e+00 0.000000000000000000e+00 3.439215719699859619e-01 1.000000000000000000e+00
0.000000000000000000e+00 0.000000000000000000e+00 3.549019694328308105e-01 1.000000000000000000e+00
0.000000000000000000e+00 0.000000000000000000e+00 3.658823668956756592e-01 1.000000000000000000e+00
0.000000000000000000e+00 0.000000000000000000e+00 3.768627345561981201e-01 1.000000000000000000e+00
0.000000000000000000e+00 0.000000000000000000e+00 3.878431320190429688e-01 1.000000000000000000e+00
0.000000000000000000e+00 0.000000000000000000e+00 3.988235294818878174e-01 1.000000000000000000e+00
0.000000000000000000e+00 0.000000000000000000e+00 4.098039269447326660e-01 1.000000000000000000e+00
0.000000000000000000e+00 0.000000000000000000e+00 4.207843244075775146e-01 1.000000000000000000e+00
0.000000000000000000e+00 0.000000000000000000e+00 4.317646920680999756e-01 1.000000000000000000e+00
0.000000000000000000e+00 0.000000000000000000e+00 4.427450895309448242e-01 1.000000000000000000e+00
0.000000000000000000e+00 0.000000000000000000e+00 4.537254869937896729e-01 1.000000000000000000e+00
0.000000000000000000e+00 0.000000000000000000e+00 4.647058844566345215e-01 1.000000000000000000e+00
0.000000000000000000e+00 0.000000000000000000e+00 4.756862819194793701e-01 1.000000000000000000e+00
0.000000000000000000e+00 0.000000000000000000e+00 4.866666793823242188e-01 1.000000000000000000e+00
0.000000000000000000e+00 0.000000000000000000e+00 4.976470470428466797e-01 1.000000000000000000e+00
0.000000000000000000e+00 0.000000000000000000e+00 5.086274743080139160e-01 1.000000000000000000e+00
0.000000000000000000e+00 0.000000000000000000e+00 5.196078419685363770e-01 1.000000000000000000e+00
0.000000000000000000e+00 0.000000000000000000e+00 5.305882096290588379e-01 1.000000000000000000e+00
0.000000000000000000e+00 0.000000000000000000e+00 5.415686368942260742e-01 1.000000000000000000e+00
0.000000000000000000e+00 0.000000000000000000e+00 5.525490045547485352e-01 1.000000000000000000e+00
0.000000000000000000e+00 0.000000000000000000e+00 5.635294318199157715e-01 1.000000000000000000e+00
0.000000000000000000e+00 0.000000000000000000e+00 5.745097994804382324e-01 1.000000000000000000e+00
0.000000000000000000e+00 0.000000000000000000e+00 5.854901671409606934e-01 1.000000000000000000e+00
0.000000000000000000e+00 0.000000000000000000e+00 5.964705944061279297e-01 1.000000000000000000e+00
0.000000000000000000e+00 0.000000000000000000e+00 6.074509620666503906e-01 1.000000000000000000e+00
0.000000000000000000e+00 0.000000000000000000e+00 6.184313893318176270e-01 1.000000000000000000e+00
0.000000000000000000e+00 0.000000000000000000e+00 6.294117569923400879e-01 1.000000000000000000e+00
0.000000000000000000e+00 0.000000000000000000e+00 6.403921842575073242e-01 1.000000000000000000e+00
0.000000000000000000e+00 0.000000000000000000e+00 6.513725519180297852e-01 1.000000000000000000e+00
0.000000000000000000e+00 0.000000000000000000e+00 6.623529195785522461e-01 1.000000000000000000e+00
0.000000000000000000e+00 0.000000000000000000e+00 6.733333468437194824e-01 1.000000000000000000e+00
0.000000000000000000e+00 0.000000000000000000e+00 6.843137145042419434e-01 1.000000000000000000e+00
0.000000000000000000e+00 0.000000000000000000e+00 6.952941417694091797e-01 1.000000000000000000e+00
0.000000000000000000e+00 0.000000000000000000e+00 7.062745094299316406e-01 1.000000000000000000e+00
0.000000000000000000e+00 0.000000000000000000e+00 7.172548770904541016e-01 1.000000000000000000e+00
0.000000000000000000e+00 0.000000000000000000e+00 7.282353043556213379e-01 1.000000000000000000e+00
0.000000000000000000e+00 0.000000000000000000e+00 7.392156720161437988e-01 1.000000000000000000e+00
0.000000000000000000e+00 0.000000000000000000e+00 7.501960992813110352e-01 1.000000000000000000e+00
0.000000000000000000e+00 0.000000000000000000e+00 7.611764669418334961e-01 1.000000000000000000e+00
0.000000000000000000e+00 0.000000000000000000e+00 7.721568346023559570e-01 1.000000000000000000e+00
0.000000000000000000e+00 0.000000000000000000e+00 7.831372618675231934e-01 1.000000000000000000e+00
0.000000000000000000e+00 0.000000000000000000e+00 7.941176295280456543e-01 1.000000000000000000e+00
0.000000000000000000e+00 0.000000000000000000e+00 8.050980567932128906e-01 1.000000000000000000e+00
0.000000000000000000e+00 0.000000000000000000e+00 8.160784244537353516e-01 1.000000000000000000e+00
0.000000000000000000e+00 0.000000000000000000e+00 8.270588517189025879e-01 1.000000000000000000e+00
0.000000000000000000e+00 0.000000000000000000e+00 8.380392193794250488e-01 1.000000000000000000e+00
0.000000000000000000e+00 0.000000000000000000e+00 8.490195870399475098e-01 1.000000000000000000e+00
0.000000000000000000e+00 0.000000000000000000e+00 8.600000143051147461e-01 1.000000000000000000e+00
0.000000000000000000e+00 0.000000000000000000e+00 8.709803819656372070e-01 1.000000000000000000e+00
0.000000000000000000e+00 0.000000000000000000e+00 8.819608092308044434e-01 1.000000000000000000e+00
0.000000000000000000e+00 0.000000000000000000e+00 8.929411768913269043e-01 1.000000000000000000e+00
0.000000000000000000e+00 0.000000000000000000e+00 9.039215445518493652e-01 1.000000000000000000e+00
0.000000000000000000e+00 0.000000000000000000e+00 9.149019718170166016e-01 1.000000000000000000e+00
0.000000000000000000e+00 0.000000000000000000e+00 9.258823394775390625e-01 1.000000000000000000e+00
0.000000000000000000e+00 0.000000000000000000e+00 9.368627667427062988e-01 1.000000000000000000e+00
0.000000000000000000e+00 0.000000000000000000e+00 9.478431344032287598e-01 1.000000000000000000e+00
0.000000000000000000e+00 0.000000000000000000e+00 9.588235020637512207e-01 1.000000000000000000e+00
0.000000000000000000e+00 0.000000000000000000e+00 9.698039293289184570e-01 1.000000000000000000e+00
0.000000000000000000e+00 0.000000000000000000e+00 9.807842969894409180e-01 1.000000000000000000e+00
0.000000000000000000e+00 0.000000000000000000e+00 9.917647242546081543e-01 1.000000000000000000e+00
3.921568859368562698e-03 3.921568859368562698e-03 1.000000000000000000e+00 1.000000000000000000e+00
1.960784383118152618e-02 1.960784383118152618e-02 1.000000000000000000e+00 1.000000000000000000e+00
3.529411926865577698e-02 3.529411926865577698e-02 1.000000000000000000e+00 1.000000000000000000e+00
5.098039284348487854e-02 5.098039284348487854e-02 1.000000000000000000e+00 1.000000000000000000e+00
6.666667014360427856e-02 6.666667014360427856e-02 1.000000000000000000e+00 1.000000000000000000e+00
8.235294371843338013e-02 8.235294371843338013e-02 1.000000000000000000e+00 1.000000000000000000e+00
9.803921729326248169e-02 9.803921729326248169e-02 1.000000000000000000e+00 1.000000000000000000e+00
1.137254908680915833e-01 1.137254908680915833e-01 1.000000000000000000e+00 1.000000000000000000e+00
1.294117718935012817e-01 1.294117718935012817e-01 1.000000000000000000e+00 1.000000000000000000e+00
1.450980454683303833e-01 1.450980454683303833e-01 1.000000000000000000e+00 1.000000000000000000e+00
1.607843190431594849e-01 1.607843190431594849e-01 1.000000000000000000e+00 1.000000000000000000e+00
1.764705926179885864e-01 1.764705926179885864e-01 1.000000000000000000e+00 1.000000000000000000e+00
1.921568661928176880e-01 1.921568661928176880e-01 1.000000000000000000e+00 1.000000000000000000e+00
2.078431397676467896e-01 2.078431397676467896e-01 1.000000000000000000e+00 1.000000000000000000e+00
2.235294133424758911e-01 2.235294133424758911e-01 1.000000000000000000e+00 1.000000000000000000e+00
2.392156869173049927e-01 2.392156869173049927e-01 1.000000000000000000e+00 1.000000000000000000e+00
2.549019753932952881e-01 2.549019753932952881e-01 1.000000000000000000e+00 1.000000000000000000e+00
2.705882489681243896e-01 2.705882489681243896e-01 1.000000000000000000e+00 1.000000000000000000e+00
2.862745225429534912e-01 2.862745225429534912e-01 1.000000000000000000e+00 1.000000000000000000e+00
3.019607961177825928e-01 3.019607961177825928e-01 1.000000000000000000e+00 1.000000000000000000e+00
3.176470696926116943e-01 3.176470696926116943e-01 1.000000000000000000e+00 1.000000000000000000e+00
3.333333432674407959e-01 3.333333432674407959e-01 1.000000000000000000e+00 1.000000000000000000e+00
3.490196168422698975e-01 3.490196168422698975e-01 1.000000000000000000e+00 1.000000000000000000e+00
3.647058904170989990e-01 3.647058904170989990e-01 1.000000000000000000e+00 1.000000000000000000e+00
3.803921639919281006e-01 3.803921639919281006e-01 1.000000000000000000e+00 1.000000000000000000e+00
3.960784375667572021e-01 3.960784375667572021e-01 1.000000000000000000e+00 1.000000000000000000e+00
4.117647111415863037e-01 4.117647111415863037e-01 1.000000000000000000e+00 1.000000000000000000e+00
4.274509847164154053e-01 4.274509847164154053e-01 1.000000000000000000e+00 1.000000000000000000e+00
4.431372582912445068e-01 4.431372582912445068e-01 1.000000000000000000e+00 1.000000000000000000e+00
4.588235318660736084e-01 4.588235318660736084e-01 1.000000000000000000e+00 1.000000000000000000e+00
4.745098054409027100e-01 4.745098054409027100e-01 1.000000000000000000e+00 1.000000000000000000e+00
4.901960790157318115e-01 4.901960790157318115e-01 1.000000000000000000e+00 1.000000000000000000e+00
5.058823823928833008e-01 5.058823823928833008e-01 1.000000000000000000e+00 1.000000000000000000e+00
5.215686559677124023e-01 5.215686559677124023e-01 1.000000000000000000e+00 1.000000000000000000e+00
5.372549295425415039e-01 5.372549295425415039e-01 1.000000000000000000e+00 1.000000000000000000e+00
5.529412031173706055e-01 5.529412031173706055e-01 1.000000000000000000e+00 1.000000000000000000e+00
5.686274766921997070e-01 5.686274766921997070e-01 1.000000000000000000e+00 1.000000000000000000e+00
5.843137502670288086e-01 5.843137502670288086e-01 1.000000000000000000e+00 1.000000000000000000e+00
6.000000238418579102e-01 6.000000238418579102e-01 1.000000000000000000e+00 1.000000000000000000e+00
6.156862974166870117e-01 6.156862974166870117e-01 1.000000000000000000e+00 1.000000000000000000e+00
6.313725709915161133e-01 6.313725709915161133e-01 1.000000000000000000e+00 1.000000000000000000e+00
6.470588445663452148e-01 6.470588445663452148e-01 1.000000000000000000e+00 1.000000000000000000e+00
6.627451181411743164e-01 6.627451181411743164e-01 1.000000000000000000e+00 1.000000000000000000e+00
6.784313917160034180e-01 6.784313917160034180e-01 1.000000000000000000e+00 1.000000000000000000e+00
6.941176652908325195e-01 6.941176652908325195e-01 1.000000000000000000e+00 1.000000000000000000e+00
7.098039388656616211e-01 7.098039388656616211e-01 1.000000000000000000e+00 1.000000000000000000e+00
7.254902124404907227e-01 7.254902124404907227e-01 1.000000000000000000e+00 1.000000000000000000e+00
7.411764860153198242e-01 7.411764860153198242e-01 1.000000000000000000e+00 1.000000000000000000e+00
7.568627595901489258e-01 7.568627595901489258e-01 1.000000000000000000e+00 1.000000000000000000e+00
7.725490331649780273e-01 7.725490331649780273e-01 1.000000000000000000e+00 1.000000000000000000e+00
7.882353067398071289e-01 7.882353067398071289e-01 1.000000000000000000e+00 1.000000000000000000e+00
8.039215803146362305e-01 8.039215803146362305e-01 1.000000000000000000e+00 1.000000000000000000e+00
8.196078538894653320e-01 8.196078538894653320e-01 1.000000000000000000e+00 1.000000000000000000e+00
8.352941274642944336e-01 8.352941274642944336e-01 1.000000000000000000e+00 1.000000000000000000e+00
8.509804010391235352e-01 8.509804010391235352e-01 1.000000000000000000e+00 1.000000000000000000e+00
8.666666746139526367e-01 8.666666746139526367e-01 1.000000000000000000e+00 1.000000000000000000e+00
8.823529481887817383e-01 8.823529481887817383e-01 1.000000000000000000e+00 1.000000000000000000e+00
8.980392217636108398e-01 8.980392217636108398e-01 1.000000000000000000e+00 1.000000000000000000e+00
9.137254953384399414e-01 9.137254953384399414e-01 1.000000000000000000e+00 1.000000000000000000e+00
9.294117689132690430e-01 9.294117689132690430e-01 1.000000000000000000e+00 1.000000000000000000e+00
9.450980424880981445e-01 9.450980424880981445e-01 1.000000000000000000e+00 1.000000000000000000e+00
9.607843160629272461e-01 9.607843160629272461e-01 1.000000000000000000e+00 1.000000000000000000e+00
9.764705896377563477e-01 9.764705896377563477e-01 1.000000000000000000e+00 1.000000000000000000e+00
9.921568632125854492e-01 9.921568632125854492e-01 1.000000000000000000e+00 1.000000000000000000e+00
1.000000000000000000e+00 9.921568632125854492e-01 9.921568632125854492e-01 1.000000000000000000e+00
1.000000000000000000e+00 9.764705896377563477e-01 9.764705896377563477e-01 1.000000000000000000e+00
1.000000000000000000e+00 9.607843160629272461e-01 9.607843160629272461e-01 1.000000000000000000e+00
1.000000000000000000e+00 9.450980424880981445e-01 9.450980424880981445e-01 1.000000000000000000e+00
1.000000000000000000e+00 9.294117689132690430e-01 9.294117689132690430e-01 1.000000000000000000e+00
1.000000000000000000e+00 9.137254953384399414e-01 9.137254953384399414e-01 1.000000000000000000e+00
1.000000000000000000e+00 8.980392217636108398e-01 8.980392217636108398e-01 1.000000000000000000e+00
1.000000000000000000e+00 8.823529481887817383e-01 8.823529481887817383e-01 1.000000000000000000e+00
1.000000000000000000e+00 8.666666746139526367e-01 8.666666746139526367e-01 1.000000000000000000e+00
1.000000000000000000e+00 8.509804010391235352e-01 8.509804010391235352e-01 1.000000000000000000e+00
1.000000000000000000e+00 8.352941274642944336e-01 8.352941274642944336e-01 1.000000000000000000e+00
1.000000000000000000e+00 8.196078538894653320e-01 8.196078538894653320e-01 1.000000000000000000e+00
1.000000000000000000e+00 8.039215803146362305e-01 8.039215803146362305e-01 1.000000000000000000e+00
1.000000000000000000e+00 7.882353067398071289e-01 7.882353067398071289e-01 1.000000000000000000e+00
1.000000000000000000e+00 7.725490331649780273e-01 7.725490331649780273e-01 1.000000000000000000e+00
1.000000000000000000e+00 7.568627595901489258e-01 7.568627595901489258e-01 1.000000000000000000e+00
1.000000000000000000e+00 7.411764860153198242e-01 7.411764860153198242e-01 1.000000000000000000e+00
1.000000000000000000e+00 7.254902124404907227e-01 7.254902124404907227e-01 1.000000000000000000e+00
1.000000000000000000e+00 7.098039388656616211e-01 7.098039388656616211e-01 1.000000000000000000e+00
1.000000000000000000e+00 6.941176652908325195e-01 6.941176652908325195e-01 1.000000000000000000e+00
1.000000000000000000e+00 6.784313917160034180e-01 6.784313917160034180e-01 1.000000000000000000e+00
1.000000000000000000e+00 6.627451181411743164e-01 6.627451181411743164e-01 1.000000000000000000e+00
1.000000000000000000e+00 6.470588445663452148e-01 6.470588445663452148e-01 1.000000000000000000e+00
1.000000000000000000e+00 6.313725709915161133e-01 6.313725709915161133e-01 1.000000000000000000e+00
1.000000000000000000e+00 6.156862974166870117e-01 6.156862974166870117e-01 1.000000000000000000e+00
1.000000000000000000e+00 6.000000238418579102e-01 6.000000238418579102e-01 1.000000000000000000e+00
1.000000000000000000e+00 5.843137502670288086e-01 5.843137502670288086e-01 1.000000000000000000e+00
1.000000000000000000e+00 5.686274766921997070e-01 5.686274766921997070e-01 1.000000000000000000e+00
1.000000000000000000e+00 5.529412031173706055e-01 5.529412031173706055e-01 1.000000000000000000e+00
1.000000000000000000e+00 5.372549295425415039e-01 5.372549295425415039e-01 1.000000000000000000e+00
1.000000000000000000e+00 5.215686559677124023e-01 5.215686559677124023e-01 1.000000000000000000e+00
1.000000000000000000e+00 5.058823823928833008e-01 5.058823823928833008e-01 1.000000000000000000e+00
1.000000000000000000e+00 4.901960790157318115e-01 4.901960790157318115e-01 1.000000000000000000e+00
1.000000000000000000e+00 4.745098054409027100e-01 4.745098054409027100e-01 1.000000000000000000e+00
1.000000000000000000e+00 4.588235318660736084e-01 4.588235318660736084e-01 1.000000000000000000e+00
1.000000000000000000e+00 4.431372582912445068e-01 4.431372582912445068e-01 1.000000000000000000e+00
1.000000000000000000e+00 4.274509847164154053e-01 4.274509847164154053e-01 1.000000000000000000e+00
1.000000000000000000e+00 4.117647111415863037e-01 4.117647111415863037e-01 1.000000000000000000e+00
1.000000000000000000e+00 3.960784375667572021e-01 3.960784375667572021e-01 1.000000000000000000e+00
1.000000000000000000e+00 3.803921639919281006e-01 3.803921639919281006e-01 1.000000000000000000e+00
1.000000000000000000e+00 3.647058904170989990e-01 3.647058904170989990e-01 1.000000000000000000e+00
1.000000000000000000e+00 3.490196168422698975e-01 3.490196168422698975e-01 1.000000000000000000e+00
1.000000000000000000e+00 3.333333432674407959e-01 3.333333432674407959e-01 1.000000000000000000e+00
1.000000000000000000e+00 3.176470696926116943e-01 3.176470696926116943e-01 1.000000000000000000e+00
1.000000000000000000e+00 3.019607961177825928e-01 3.019607961177825928e-01 1.000000000000000000e+00
1.000000000000000000e+00 2.862745225429534912e-01 2.862745225429534912e-01 1.000000000000000000e+00
1.000000000000000000e+00 2.705882489681243896e-01 2.705882489681243896e-01 1.000000000000000000e+00
1.000000000000000000e+00 2.549019753932952881e-01 2.549019753932952881e-01 1.000000000000000000e+00
1.000000000000000000e+00 2.392156869173049927e-01 2.392156869173049927e-01 1.000000000000000000e+00
1.000000000000000000e+00 2.235294133424758911e-01 2.235294133424758911e-01 1.000000000000000000e+00
1.000000000000000000e+00 2.078431397676467896e-01 2.078431397676467896e-01 1.000000000000000000e+00
1.000000000000000000e+00 1.921568661928176880e-01 1.921568661928176880e-01 1.000000000000000000e+00
1.000000000000000000e+00 1.764705926179885864e-01 1.764705926179885864e-01 1.000000000000000000e+00
1.000000000000000000e+00 1.607843190431594849e-01 1.607843190431594849e-01 1.000000000000000000e+00
1.000000000000000000e+00 1.450980454683303833e-01 1.450980454683303833e-01 1.000000000000000000e+00
1.000000000000000000e+00 1.294117718935012817e-01 1.294117718935012817e-01 1.000000000000000000e+00
1.000000000000000000e+00 1.137254908680915833e-01 1.137254908680915833e-01 1.000000000000000000e+00
1.000000000000000000e+00 9.803921729326248169e-02 9.803921729326248169e-02 1.000000000000000000e+00
1.000000000000000000e+00 8.235294371843338013e-02 8.235294371843338013e-02 1.000000000000000000e+00
1.000000000000000000e+00 6.666667014360427856e-02 6.666667014360427856e-02 1.000000000000000000e+00
1.000000000000000000e+00 5.098039284348487854e-02 5.098039284348487854e-02 1.000000000000000000e+00
1.000000000000000000e+00 3.529411926865577698e-02 3.529411926865577698e-02 1.000000000000000000e+00
1.000000000000000000e+00 1.960784383118152618e-02 1.960784383118152618e-02 1.000000000000000000e+00
1.000000000000000000e+00 3.921568859368562698e-03 3.921568859368562698e-03 1.000000000000000000e+00
9.941176176071166992e-01 0.000000000000000000e+00 0.000000000000000000e+00 1.000000000000000000e+00
9.862744808197021484e-01 0.000000000000000000e+00 0.000000000000000000e+00 1.000000000000000000e+00
9.784313440322875977e-01 0.000000000000000000e+00 0.000000000000000000e+00 1.000000000000000000e+00
9.705882072448730469e-01 0.000000000000000000e+00 0.000000000000000000e+00 1.000000000000000000e+00
9.627450704574584961e-01 0.000000000000000000e+00 0.000000000000000000e+00 1.000000000000000000e+00
9.549019336700439453e-01 0.000000000000000000e+00 0.000000000000000000e+00 1.000000000000000000e+00
9.470587968826293945e-01 0.000000000000000000e+00 0.000000000000000000e+00 1.000000000000000000e+00
9.392156600952148438e-01 0.000000000000000000e+00 0.000000000000000000e+00 1.000000000000000000e+00
9.313725233078002930e-01 0.000000000000000000e+00 0.000000000000000000e+00 1.000000000000000000e+00
9.235293865203857422e-01 0.000000000000000000e+00 0.000000000000000000e+00 1.000000000000000000e+00
9.156862497329711914e-01 0.000000000000000000e+00 0.000000000000000000e+00 1.000000000000000000e+00
9.078431129455566406e-01 0.000000000000000000e+00 0.000000000000000000e+00 1.000000000000000000e+00
8.999999761581420898e-01 0.000000000000000000e+00 0.000000000000000000e+00 1.000000000000000000e+00
8.921568393707275391e-01 0.000000000000000000e+00 0.000000000000000000e+00 1.000000000000000000e+00
8.843137025833129883e-01 0.000000000000000000e+00 0.000000000000000000e+00 1.000000000000000000e+00
8.764705657958984375e-01 0.000000000000000000e+00 0.000000000000000000e+00 1.000000000000000000e+00
8.686274290084838867e-01 0.000000000000000000e+00 0.000000000000000000e+00 1.000000000000000000e+00
8.607842922210693359e-01 0.000000000000000000e+00 0.000000000000000000e+00 1.000000000000000000e+00
8.529411554336547852e-01 0.000000000000000000e+00 0.000000000000000000e+00 1.000000000000000000e+00
8.450980186462402344e-01 0.000000000000000000e+00 0.000000000000000000e+00 1.000000000000000000e+00
8.372548818588256836e-01 0.000000000000000000e+00 0.000000000000000000e+00 1.000000000000000000e+00
8.294117450714111328e-01 0.000000000000000000e+00 0.000000000000000000e+00 1.000000000000000000e+00
8.215686082839965820e-01 0.000000000000000000e+00 0.000000000000000000e+00 1.000000000000000000e+00
8.137254714965820312e-01 0.000000000000000000e+00 0.000000000000000000e+00 1.000000000000000000e+00
8.058823347091674805e-01 0.000000000000000000e+00 0.000000000000000000e+00 1.000000000000000000e+00
7.980391979217529297e-01 0.000000000000000000e+00 0.000000000000000000e+00 1.000000000000000000e+00
7.901960611343383789e-01 0.000000000000000000e+00 0.000000000000000000e+00 1.000000000000000000e+00
7.823529243469238281e-01 0.000000000000000000e+00 0.000000000000000000e+00 1.000000000000000000e+00
7.745097875595092773e-01 0.000000000000000000e+00 0.000000000000000000e+00 1.000000000000000000e+00
7.666666507720947266e-01 0.000000000000000000e+00 0.000000000000000000e+00 1.000000000000000000e+00
7.588235139846801758e-01 0.000000000000000000e+00 0.000000000000000000e+00 1.000000000000000000e+00
7.509803771972656250e-01 0.000000000000000000e+00 0.000000000000000000e+00 1.000000000000000000e+00
7.431372404098510742e-01 0.000000000000000000e+00 0.000000000000000000e+00 1.000000000000000000e+00
7.352941036224365234e-01 0.000000000000000000e+00 0.000000000000000000e+00 1.000000000000000000e+00
7.274509668350219727e-01 0.000000000000000000e+00 0.000000000000000000e+00 1.000000000000000000e+00
7.196078300476074219e-01 0.000000000000000000e+00 0.000000000000000000e+00 1.000000000000000000e+00
7.117646932601928711e-01 0.000000000000000000e+00 0.000000000000000000e+00 1.000000000000000000e+00
7.039215564727783203e-01 0.000000000000000000e+00 0.000000000000000000e+00 1.000000000000000000e+00
6.960784196853637695e-01 0.000000000000000000e+00 0.000000000000000000e+00 1.000000000000000000e+00
6.882352828979492188e-01 0.000000000000000000e+00 0.000000000000000000e+00 1.000000000000000000e+00
6.803921461105346680e-01 0.000000000000000000e+00 0.000000000000000000e+00 1.000000000000000000e+00
6.725490093231201172e-01 0.000000000000000000e+00 0.000000000000000000e+00 1.000000000000000000e+00
6.647058725357055664e-01 0.000000000000000000e+00 0.000000000000000000e+00 1.000000000000000000e+00
6.568627357482910156e-01 0.000000000000000000e+00 0.000000000000000000e+00 1.000000000000000000e+00
6.490195989608764648e-01 0.000000000000000000e+00 0.000000000000000000e+00 1.000000000000000000e+00
6.411764621734619141e-01 0.000000000000000000e+00 0.000000000000000000e+00 1.000000000000000000e+00
6.333333253860473633e-01 0.000000000000000000e+00 0.000000000000000000e+00 1.000000000000000000e+00
6.254901885986328125e-01 0.000000000000000000e+00 0.000000000000000000e+00 1.000000000000000000e+00
6.176470518112182617e-01 0.000000000000000000e+00 0.000000000000000000e+00 1.000000000000000000e+00
6.098039150238037109e-01 0.000000000000000000e+00 0.000000000000000000e+00 1.000000000000000000e+00
6.019607782363891602e-01 0.000000000000000000e+00 0.000000000000000000e+00 1.000000000000000000e+00
5.941176414489746094e-01 0.000000000000000000e+00 0.000000000000000000e+00 1.000000000000000000e+00
5.862745046615600586e-01 0.000000000000000000e+00 0.000000000000000000e+00 1.000000000000000000e+00
5.784313678741455078e-01 0.000000000000000000e+00 0.000000000000000000e+00 1.000000000000000000e+00
5.705882310867309570e-01 0.000000000000000000e+00 0.000000000000000000e+00 1.000000000000000000e+00
5.627450942993164062e-01 0.000000000000000000e+00 0.000000000000000000e+00 1.000000000000000000e+00
5.549019575119018555e-01 0.000000000000000000e+00 0.000000000000000000e+00 1.000000000000000000e+00
5.470588207244873047e-01 0.000000000000000000e+00 0.000000000000000000e+00 1.000000000000000000e+00
5.392156839370727539e-01 0.000000000000000000e+00 0.000000000000000000e+00 1.000000000000000000e+00
5.313725471496582031e-01 0.000000000000000000e+00 0.000000000000000000e+00 1.000000000000000000e+00
5.235294103622436523e-01 0.000000000000000000e+00 0.000000000000000000e+00 1.000000000000000000e+00
5.156862735748291016e-01 0.000000000000000000e+00 0.000000000000000000e+00 1.000000000000000000e+00
5.078431367874145508e-01 0.000000000000000000e+00 0.000000000000000000e+00 1.000000000000000000e+00
5.000000000000000000e-01 0.000000000000000000e+00 0.000000000000000000e+00 1.000000000000000000e+00
