5.529412031173706055e-01 8.274509906768798828e-01 7.803921699523925781e-01 1.000000000000000000e+00
1.000000000000000000e+00 1.000000000000000000e+00 7.019608020782470703e-01 1.000000000000000000e+00
7.450980544090270996e-01 7.294117808341979980e-01 8.549019694328308105e-01 1.000000000000000000e+00
9.843137264251708984e-01 5.019608139991760254e-01 4.470588266849517822e-01 1.000000000000000000e+00
5.019608139991760254e-01 6.941176652908325195e-01 8.274509906768798828e-01 1.000000000000000000e+00
9.921568632125854492e-01 7.058823704719543457e-01 3.843137323856353760e-01 1.000000000000000000e+00
7.019608020782470703e-01 8.705882430076599121e-01 4.117647111415863037e-01 1.000000000000000000e+00
9.882352948188781738e-01 8.039215803146362305e-01 8.980392217636108398e-01 1.000000000000000000e+00
8.509804010391235352e-01 8.509804010391235352e-01 8.509804010391235352e-01 1.000000000000000000e+00
7.372549176216125488e-01 5.019608139991760254e-01 7.411764860153198242e-01 1.000000000000000000e+00
8.000000119209289551e-01 9.215686321258544922e-01 7.725490331649780273e-01 1.000000000000000000e+00
1.000000000000000000e+00 9.294117689132690430e-01 4.352941215038299561e-01 1.000000000000000000e+00
