6.196078658103942871e-01 3.921568859368562698e-03 2.588235437870025635e-01 1.000000000000000000e+00
6.280661225318908691e-01 1.330257579684257507e-02 2.608227729797363281e-01 1.000000000000000000e+00
6.365244388580322266e-01 2.268358319997787476e-02 2.628220021724700928e-01 1.000000000000000000e+00
6.449826955795288086e-01 3.206459060311317444e-02 2.648212313652038574e-01 1.000000000000000000e+00
6.534410119056701660e-01 4.144559800624847412e-02 2.668204605579376221e-01 1.000000000000000000e+00
6.618992686271667480e-01 5.082660540938377380e-02 2.688196897506713867e-01 1.000000000000000000e+00
6.703575253486633301e-01 6.020761281251907349e-02 2.708189189434051514e-01 1.000000000000000000e+00
6.788158416748046875e-01 6.958861649036407471e-02 2.728181481361389160e-01 1.000000000000000000e+00
6.872740983963012695e-01 7.896962761878967285e-02 2.748173773288726807e-01 1.000000000000000000e+00
6.957324147224426270e-01 8.835063129663467407e-02 2.768166065216064453e-01 1.000000000000000000e+00
7.041906714439392090e-01 9.773164242506027222e-02 2.788158357143402100e-01 1.000000000000000000e+00
7.126489877700805664e-01 1.071126461029052734e-01 2.808150649070739746e-01 1.000000000000000000e+00
7.211072444915771484e-01 1.164936572313308716e-01 2.828142940998077393e-01 1.000000000000000000e+00
7.295655608177185059e-01 1.258746683597564697e-01 2.848135232925415039e-01 1.000000000000000000e+00
7.380238175392150879e-01 1.352556645870208740e-01 2.868127524852752686e-01 1.000000000000000000e+00
7.464821338653564453e-01 1.446366757154464722e-01 2.888119816780090332e-01 1.000000000000000000e+00
7.549403905868530273e-01 1.540176868438720703e-01 2.908112406730651855e-01 1.000000000000000000e+00
7.633987069129943848e-01 1.633986979722976685e-01 2.928104698657989502e-01 1.000000000000000000e+00
7.718569636344909668e-01 1.727796941995620728e-01 2.948096990585327148e-01 1.000000000000000000e+00
7.803152799606323242e-01 1.821607053279876709e-01 2.968089282512664795e-01 1.000000000000000000e+00
7.887735366821289062e-01 1.915417164564132690e-01 2.988081574440002441e-01 1.000000000000000000e+00
7.972318530082702637e-01 2.009227275848388672e-01 3.008073866367340088e-01 1.000000000000000000e+00
8.056901097297668457e-01 2.103037238121032715e-01 3.028066158294677734e-01 1.000000000000000000e+00
8.141484260559082031e-01 2.196847349405288696e-01 3.048058450222015381e-01 1.000000000000000000e+00
8.226066827774047852e-01 2.290657460689544678e-01 3.068050742149353027e-01 1.000000000000000000e+00
8.310649991035461426e-01 2.384467571973800659e-01 3.088043034076690674e-01 1.000000000000000000e+00
8.376778364181518555e-01 2.467512488365173340e-01 3.088811933994293213e-01 1.000000000000000000e+00
8.424451947212219238e-01 2.539792358875274658e-01 3.070357441902160645e-01 1.000000000000000000e+00
8.472126126289367676e-01 2.612072229385375977e-01 3.051903247833251953e-01 1.000000000000000000e+00
8.519800305366516113e-01 2.684352099895477295e-01 3.033448755741119385e-01 1.000000000000000000e+00
8.567473888397216797e-01 2.756631970405578613e-01 3.014994263648986816e-01 1.000000000000000000e+00
8.615148067474365234e-01 2.828911840915679932e-01 2.996539771556854248e-01 1.000000000000000000e+00
8.662822246551513672e-01 2.901191711425781250e-01 2.978085279464721680e-01 1.000000000000000000e+00
8.710495829582214355e-01 2.973471879959106445e-01 2.959630787372589111e-01 1.000000000000000000e+00
8.758170008659362793e-01 3.045751750469207764e-01 2.941176593303680420e-01 1.000000000000000000e+00
8.805844187736511230e-01 3.118031620979309082e-01 2.922722101211547852e-01 1.000000000000000000e+00
8.853517770767211914e-01 3.190311491489410400e-01 2.904267609119415283e-01 1.000000000000000000e+00
8.901191949844360352e-01 3.262591361999511719e-01 2.885813117027282715e-01 1.000000000000000000e+00
8.948865532875061035e-01 3.334871232509613037e-01 2.867358624935150146e-01 1.000000000000000000e+00
8.996539711952209473e-01 3.407151103019714355e-01 2.848904132843017578e-01 1.000000000000000000e+00
9.044213891029357910e-01 3.479430973529815674e-01 2.830449938774108887e-01 1.000000000000000000e+00
9.091887474060058594e-01 3.551710844039916992e-01 2.811995446681976318e-01 1.000000000000000000e+00
9.139561653137207031e-01 3.623990714550018311e-01 2.793540954589843750e-01 1.000000000000000000e+00
9.187235832214355469e-01 3.696270585060119629e-01 2.775086462497711182e-01 1.000000000000000000e+00
9.234909415245056152e-01 3.768550455570220947e-01 2.756631970405578613e-01 1.000000000000000000e+00
9.282583594322204590e-01 3.840830326080322266e-01 2.738177478313446045e-01 1.000000000000000000e+00
9.330257773399353027e-01 3.913110196590423584e-01 2.719723284244537354e-01 1.000000000000000000e+00
9.377931356430053711e-01 3.985390365123748779e-01 2.701268792152404785e-01 1.000000000000000000e+00
9.425605535507202148e-01 4.057670235633850098e-01 2.682814300060272217e-01 1.000000000000000000e+00
9.473279714584350586e-01 4.129950106143951416e-01 2.664359807968139648e-01 1.000000000000000000e+00
9.520953297615051270e-01 4.202229976654052734e-01 2.645905315876007080e-01 1.000000000000000000e+00
9.568627476692199707e-01 4.274509847164154053e-01 2.627451121807098389e-01 1.000000000000000000e+00
9.582468271255493164e-01 4.374471306800842285e-01 2.673587203025817871e-01 1.000000000000000000e+00
9.596309065818786621e-01 4.474432766437530518e-01 2.719723284244537354e-01 1.000000000000000000e+00
9.610149860382080078e-01 4.574394524097442627e-01 2.765859365463256836e-01 1.000000000000000000e+00
9.623990654945373535e-01 4.674355983734130859e-01 2.811995446681976318e-01 1.000000000000000000e+00
9.637831449508666992e-01 4.774317443370819092e-01 2.858131527900695801e-01 1.000000000000000000e+00
9.651672244071960449e-01 4.874279201030731201e-01 2.904267609119415283e-01 1.000000000000000000e+00
9.665513038635253906e-01 4.974240660667419434e-01 2.950403690338134766e-01 1.000000000000000000e+00
9.679353833198547363e-01 5.074202418327331543e-01 2.996539771556854248e-01 1.000000000000000000e+00
9.693194627761840820e-01 5.174163579940795898e-01 3.042675852775573730e-01 1.000000000000000000e+00
9.707036018371582031e-01 5.274125337600708008e-01 3.088811933994293213e-01 1.000000000000000000e+00
9.720876812934875488e-01 5.374087095260620117e-01 3.134948015213012695e-01 1.000000000000000000e+00
9.734717607498168945e-01 5.474048256874084473e-01 3.181084096431732178e-01 1.000000000000000000e+00
9.748558402061462402e-01 5.574010014533996582e-01 3.227220177650451660e-01 1.000000000000000000e+00
9.762399196624755859e-01 5.673971772193908691e-01 3.273356258869171143e-01 1.000000000000000000e+00
9.776239991188049316e-01 5.773932933807373047e-01 3.319492638111114502e-01 1.000000000000000000e+00
9.790080785751342773e-01 5.873894691467285156e-01 3.365628719329833984e-01 1.000000000000000000e+00
9.803921580314636230e-01 5.973856449127197266e-01 3.411764800548553467e-01 1.000000000000000000e+00
9.817762374877929688e-01 6.073817610740661621e-01 3.457900881767272949e-01 1.000000000000000000e+00
9.831603169441223145e-01 6.173779368400573730e-01 3.504036962985992432e-01 1.000000000000000000e+00
9.845443964004516602e-01 6.273741126060485840e-01 3.550173044204711914e-01 1.000000000000000000e+00
9.859284758567810059e-01 6.373702287673950195e-01 3.596309125423431396e-01 1.000000000000000000e+00
9.873125553131103516e-01 6.473664045333862305e-01 3.642445206642150879e-01 1.000000000000000000e+00
9.886966347694396973e-01 6.573625802993774414e-01 3.688581287860870361e-01 1.000000000000000000e+00
9.900807142257690430e-01 6.673586964607238770e-01 3.734717369079589844e-01 1.000000000000000000e+00
9.914647936820983887e-01 6.773548722267150879e-01 3.780853450298309326e-01 1.000000000000000000e+00
9.922337532043457031e-01 6.861976385116577148e-01 3.836216926574707031e-01 1.000000000000000000e+00
9.923875331878662109e-01 6.938869953155517578e-01 3.900807499885559082e-01 1.000000000000000000e+00
9.925413131713867188e-01 7.015762925148010254e-01 3.965397775173187256e-01 1.000000000000000000e+00
9.926950931549072266e-01 7.092656493186950684e-01 4.029988348484039307e-01 1.000000000000000000e+00
9.928489327430725098e-01 7.169550061225891113e-01 4.094578921794891357e-01 1.000000000000000000e+00
9.930027127265930176e-01 7.246443629264831543e-01 4.159169495105743408e-01 1.000000000000000000e+00
9.931564927101135254e-01 7.323337197303771973e-01 4.223760068416595459e-01 1.000000000000000000e+00
9.933102726936340332e-01 7.400230765342712402e-01 4.288350641727447510e-01 1.000000000000000000e+00
9.934640526771545410e-01 7.477124333381652832e-01 4.352941215038299561e-01 1.000000000000000000e+00
9.936178326606750488e-01 7.554017901420593262e-01 4.417531788349151611e-01 1.000000000000000000e+00
9.937716126441955566e-01 7.630911469459533691e-01 4.482122361660003662e-01 1.000000000000000000e+00
9.939253926277160645e-01 7.707804441452026367e-01 4.546712934970855713e-01 1.000000000000000000e+00
9.940791726112365723e-01 7.784698009490966797e-01 4.611303210258483887e-01 1.000000000000000000e+00
9.942330121994018555e-01 7.861591577529907227e-01 4.675893783569335938e-01 1.000000000000000000e+00
9.943867921829223633e-01 7.938485145568847656e-01 4.740484356880187988e-01 1.000000000000000000e+00
9.945405721664428711e-01 8.015378713607788086e-01 4.805074930191040039e-01 1.000000000000000000e+00
9.946943521499633789e-01 8.092272281646728516e-01 4.869665503501892090e-01 1.000000000000000000e+00
9.948481321334838867e-01 8.169165849685668945e-01 4.934256076812744141e-01 1.000000000000000000e+00
9.950019121170043945e-01 8.246059417724609375e-01 4.998846650123596191e-01 1.000000000000000000e+00
9.951556921005249023e-01 8.322952985763549805e-01 5.063437223434448242e-01 1.000000000000000000e+00
9.953094720840454102e-01 8.399845957756042480e-01 5.128027796745300293e-01 1.000000000000000000e+00
9.954633116722106934e-01 8.476739525794982910e-01 5.192618370056152344e-01 1.000000000000000000e+00
9.956170916557312012e-01 8.553633093833923340e-01 5.257208943367004395e-01 1.000000000000000000e+00
9.957708716392517090e-01 8.630526661872863770e-01 5.321799516677856445e-01 1.000000000000000000e+00
9.959246516227722168e-01 8.707420229911804199e-01 5.386390089988708496e-01 1.000000000000000000e+00
9.960784316062927246e-01 8.784313797950744629e-01 5.450980663299560547e-01 1.000000000000000000e+00
9.962322115898132324e-01 8.831987977027893066e-01 5.530949831008911133e-01 1.000000000000000000e+00
9.963859915733337402e-01 8.879661560058593750e-01 5.610918998718261719e-01 1.000000000000000000e+00
9.965397715568542480e-01 8.927335739135742188e-01 5.690888166427612305e-01 1.000000000000000000e+00
9.966935515403747559e-01 8.975009322166442871e-01 5.770857334136962891e-01 1.000000000000000000e+00
9.968473911285400391e-01 9.022683501243591309e-01 5.850826501846313477e-01 1.000000000000000000e+00
9.970011711120605469e-01 9.070357680320739746e-01 5.930795669555664062e-01 1.000000000000000000e+00
9.971549510955810547e-01 9.118031263351440430e-01 6.010764837265014648e-01 1.000000000000000000e+00
9.973087310791015625e-01 9.165705442428588867e-01 6.090734601020812988e-01 1.000000000000000000e+00
9.974625110626220703e-01 9.213379621505737305e-01 6.170703768730163574e-01 1.000000000000000000e+00
9.976162910461425781e-01 9.261053204536437988e-01 6.250672936439514160e-01 1.000000000000000000e+00
9.977700710296630859e-01 9.308727383613586426e-01 6.330642104148864746e-01 1.000000000000000000e+00
9.979238510131835938e-01 9.356401562690734863e-01 6.410611271858215332e-01 1.000000000000000000e+00
9.980776906013488770e-01 9.404075145721435547e-01 6.490580439567565918e-01 1.000000000000000000e+00
9.982314705848693848e-01 9.451749324798583984e-01 6.570549607276916504e-01 1.000000000000000000e+00
9.983852505683898926e-01 9.499423503875732422e-01 6.650518774986267090e-01 1.000000000000000000e+00
9.985390305519104004e-01 9.547097086906433105e-01 6.730488538742065430e-01 1.000000000000000000e+00
9.986928105354309082e-01 9.594771265983581543e-01 6.810457706451416016e-01 1.000000000000000000e+00
9.988465905189514160e-01 9.642445445060729980e-01 6.890426874160766602e-01 1.000000000000000000e+00
9.990003705024719238e-01 9.690119028091430664e-01 6.970396041870117188e-01 1.000000000000000000e+00
9.991541504859924316e-01 9.737793207168579102e-01 7.050365209579467773e-01 1.000000000000000000e+00
9.993079304695129395e-01 9.785467386245727539e-01 7.130334377288818359e-01 1.000000000000000000e+00
9.994617700576782227e-01 9.833140969276428223e-01 7.210303544998168945e-01 1.000000000000000000e+00
9.996155500411987305e-01 9.880815148353576660e-01 7.290272712707519531e-01 1.000000000000000000e+00
9.997693300247192383e-01 9.928489327430725098e-01 7.370242476463317871e-01 1.000000000000000000e+00
9.999231100082397461e-01 9.976162910461425781e-01 7.450211644172668457e-01 1.000000000000000000e+00
9.980776906013488770e-01 9.992310404777526855e-01 7.460207343101501465e-01 1.000000000000000000e+00
9.942330121994018555e-01 9.976931810379028320e-01 7.400230765342712402e-01 1.000000000000000000e+00
9.903883337974548340e-01 9.961553215980529785e-01 7.340253591537475586e-01 1.000000000000000000e+00
9.865436553955078125e-01 9.946174621582031250e-01 7.280277013778686523e-01 1.000000000000000000e+00
9.826989769935607910e-01 9.930796027183532715e-01 7.220299839973449707e-01 1.000000000000000000e+00
9.788542985916137695e-01 9.915417432785034180e-01 7.160322666168212891e-01 1.000000000000000000e+00
9.750096201896667480e-01 9.900038242340087891e-01 7.100346088409423828e-01 1.000000000000000000e+00
9.711649417877197266e-01 9.884659647941589355e-01 7.040368914604187012e-01 1.000000000000000000e+00
9.673202633857727051e-01 9.869281053543090820e-01 6.980392336845397949e-01 1.000000000000000000e+00
9.634755849838256836e-01 9.853902459144592285e-01 6.920415163040161133e-01 1.000000000000000000e+00
9.596309065818786621e-01 9.838523864746093750e-01 6.860438585281372070e-01 1.000000000000000000e+00
9.557862281799316406e-01 9.823144674301147461e-01 6.800461411476135254e-01 1.000000000000000000e+00
9.519415497779846191e-01 9.807766079902648926e-01 6.740484237670898438e-01 1.000000000000000000e+00
9.480968713760375977e-01 9.792387485504150391e-01 6.680507659912109375e-01 1.000000000000000000e+00
9.442521929740905762e-01 9.777008891105651855e-01 6.620530486106872559e-01 1.000000000000000000e+00
9.404075145721435547e-01 9.761630296707153320e-01 6.560553908348083496e-01 1.000000000000000000e+00
9.365628361701965332e-01 9.746251702308654785e-01 6.500576734542846680e-01 1.000000000000000000e+00
9.327181577682495117e-01 9.730872511863708496e-01 6.440599560737609863e-01 1.000000000000000000e+00
9.288735389709472656e-01 9.715493917465209961e-01 6.380622982978820801e-01 1.000000000000000000e+00
9.250288605690002441e-01 9.700115323066711426e-01 6.320645809173583984e-01 1.000000000000000000e+00
9.211841821670532227e-01 9.684736728668212891e-01 6.260669231414794922e-01 1.000000000000000000e+00
9.173395037651062012e-01 9.669358134269714355e-01 6.200692057609558105e-01 1.000000000000000000e+00
9.134948253631591797e-01 9.653978943824768066e-01 6.140714883804321289e-01 1.000000000000000000e+00
9.096501469612121582e-01 9.638600349426269531e-01 6.080738306045532227e-01 1.000000000000000000e+00
9.058054685592651367e-01 9.623221755027770996e-01 6.020761132240295410e-01 1.000000000000000000e+00
9.019607901573181152e-01 9.607843160629272461e-01 5.960784554481506348e-01 1.000000000000000000e+00
8.928873538970947266e-01 9.570934176445007324e-01 5.979238748550415039e-01 1.000000000000000000e+00
8.838139176368713379e-01 9.534025192260742188e-01 5.997692942619323730e-01 1.000000000000000000e+00
8.747404813766479492e-01 9.497116208076477051e-01 6.016147732734680176e-01 1.000000000000000000e+00
8.656670451164245605e-01 9.460207819938659668e-01 6.034601926803588867e-01 1.000000000000000000e+00
8.565936088562011719e-01 9.423298835754394531e-01 6.053056716918945312e-01 1.000000000000000000e+00
8.475201725959777832e-01 9.386389851570129395e-01 6.071510910987854004e-01 1.000000000000000000e+00
8.384467363357543945e-01 9.349480867385864258e-01 6.089965105056762695e-01 1.000000000000000000e+00
8.293733000755310059e-01 9.312571883201599121e-01 6.108419895172119141e-01 1.000000000000000000e+00
8.202998638153076172e-01 9.275663495063781738e-01 6.126874089241027832e-01 1.000000000000000000e+00
8.112264275550842285e-01 9.238754510879516602e-01 6.145328879356384277e-01 1.000000000000000000e+00
8.021529912948608398e-01 9.201845526695251465e-01 6.163783073425292969e-01 1.000000000000000000e+00
7.930795550346374512e-01 9.164936542510986328e-01 6.182237863540649414e-01 1.000000000000000000e+00
7.840061783790588379e-01 9.128027558326721191e-01 6.200692057609558105e-01 1.000000000000000000e+00
7.749327421188354492e-01 9.091118574142456055e-01 6.219146251678466797e-01 1.000000000000000000e+00
7.658593058586120605e-01 9.054210186004638672e-01 6.237601041793823242e-01 1.000000000000000000e+00
7.567858695983886719e-01 9.017301201820373535e-01 6.256055235862731934e-01 1.000000000000000000e+00
7.477124333381652832e-01 8.980392217636108398e-01 6.274510025978088379e-01 1.000000000000000000e+00
7.386389970779418945e-01 8.943483233451843262e-01 6.292964220046997070e-01 1.000000000000000000e+00
7.295655608177185059e-01 8.906574249267578125e-01 6.311418414115905762e-01 1.000000000000000000e+00
7.204921245574951172e-01 8.869665265083312988e-01 6.329873204231262207e-01 1.000000000000000000e+00
7.114186882972717285e-01 8.832756876945495605e-01 6.348327398300170898e-01 1.000000000000000000e+00
7.023452520370483398e-01 8.795847892761230469e-01 6.366782188415527344e-01 1.000000000000000000e+00
6.932718157768249512e-01 8.758938908576965332e-01 6.385236382484436035e-01 1.000000000000000000e+00
6.841983795166015625e-01 8.722029924392700195e-01 6.403691172599792480e-01 1.000000000000000000e+00
6.751249432563781738e-01 8.685120940208435059e-01 6.422145366668701172e-01 1.000000000000000000e+00
6.652826070785522461e-01 8.645905256271362305e-01 6.432141661643981934e-01 1.000000000000000000e+00
6.546712517738342285e-01 8.604382872581481934e-01 6.433679461479187012e-01 1.000000000000000000e+00
6.440599560737609863e-01 8.562860488891601562e-01 6.435217261314392090e-01 1.000000000000000000e+00
6.334486603736877441e-01 8.521338105201721191e-01 6.436755061149597168e-01 1.000000000000000000e+00
6.228373646736145020e-01 8.479815721511840820e-01 6.438292860984802246e-01 1.000000000000000000e+00
6.122260689735412598e-01 8.438292741775512695e-01 6.439830660820007324e-01 1.000000000000000000e+00
6.016147732734680176e-01 8.396770358085632324e-01 6.441368460655212402e-01 1.000000000000000000e+00
5.910034775733947754e-01 8.355247974395751953e-01 6.442906856536865234e-01 1.000000000000000000e+00
5.803921818733215332e-01 8.313725590705871582e-01 6.444444656372070312e-01 1.000000000000000000e+00
5.697808265686035156e-01 8.272203207015991211e-01 6.445982456207275391e-01 1.000000000000000000e+00
5.591695308685302734e-01 8.230680227279663086e-01 6.447520256042480469e-01 1.000000000000000000e+00
5.485582351684570312e-01 8.189157843589782715e-01 6.449058055877685547e-01 1.000000000000000000e+00
5.379469394683837891e-01 8.147635459899902344e-01 6.450595855712890625e-01 1.000000000000000000e+00
5.273356437683105469e-01 8.106113076210021973e-01 6.452133655548095703e-01 1.000000000000000000e+00
5.167243480682373047e-01 8.064590692520141602e-01 6.453671455383300781e-01 1.000000000000000000e+00
5.061130523681640625e-01 8.023068308830261230e-01 6.455209255218505859e-01 1.000000000000000000e+00
4.955017268657684326e-01 7.981545329093933105e-01 6.456747651100158691e-01 1.000000000000000000e+00
4.848904311656951904e-01 7.940022945404052734e-01 6.458285450935363770e-01 1.000000000000000000e+00
4.742791354656219482e-01 7.898500561714172363e-01 6.459823250770568848e-01 1.000000000000000000e+00
4.636678099632263184e-01 7.856978178024291992e-01 6.461361050605773926e-01 1.000000000000000000e+00
4.530565142631530762e-01 7.815455794334411621e-01 6.462898850440979004e-01 1.000000000000000000e+00
4.424452185630798340e-01 7.773932814598083496e-01 6.464436650276184082e-01 1.000000000000000000e+00
4.318339228630065918e-01 7.732410430908203125e-01 6.465974450111389160e-01 1.000000000000000000e+00
4.212225973606109619e-01 7.690888047218322754e-01 6.467512249946594238e-01 1.000000000000000000e+00
4.106113016605377197e-01 7.649365663528442383e-01 6.469050645828247070e-01 1.000000000000000000e+00
4.000000059604644775e-01 7.607843279838562012e-01 6.470588445663452148e-01 1.000000000000000000e+00
3.920030891895294189e-01 7.518646717071533203e-01 6.507496833801269531e-01 1.000000000000000000e+00
3.840061426162719727e-01 7.429450154304504395e-01 6.544405817985534668e-01 1.000000000000000000e+00
3.760092258453369141e-01 7.340253591537475586e-01 6.581314802169799805e-01 1.000000000000000000e+00
3.680123090744018555e-01 7.251057028770446777e-01 6.618223786354064941e-01 1.000000000000000000e+00
3.600153923034667969e-01 7.161861062049865723e-01 6.655132770538330078e-01 1.000000000000000000e+00
3.520184457302093506e-01 7.072664499282836914e-01 6.692041754722595215e-01 1.000000000000000000e+00
3.440215289592742920e-01 6.983467936515808105e-01 6.728950142860412598e-01 1.000000000000000000e+00
3.360246121883392334e-01 6.894271373748779297e-01 6.765859127044677734e-01 1.000000000000000000e+00
3.280276954174041748e-01 6.805074810981750488e-01 6.802768111228942871e-01 1.000000000000000000e+00
3.200307488441467285e-01 6.715878248214721680e-01 6.839677095413208008e-01 1.000000000000000000e+00
3.120338320732116699e-01 6.626682281494140625e-01 6.876586079597473145e-01 1.000000000000000000e+00
3.040369153022766113e-01 6.537485718727111816e-01 6.913495063781738281e-01 1.000000000000000000e+00
2.960399985313415527e-01 6.448289155960083008e-01 6.950403451919555664e-01 1.000000000000000000e+00
2.880430519580841064e-01 6.359092593193054199e-01 6.987312436103820801e-01 1.000000000000000000e+00
2.800461351871490479e-01 6.269896030426025391e-01 7.024221420288085938e-01 1.000000000000000000e+00
2.720492184162139893e-01 6.180699467658996582e-01 7.061130404472351074e-01 1.000000000000000000e+00
2.640523016452789307e-01 6.091503500938415527e-01 7.098039388656616211e-01 1.000000000000000000e+00
2.560553550720214844e-01 6.002306938171386719e-01 7.134948372840881348e-01 1.000000000000000000e+00
2.480584383010864258e-01 5.913110375404357910e-01 7.171856760978698730e-01 1.000000000000000000e+00
2.400615215301513672e-01 5.823913812637329102e-01 7.208765745162963867e-01 1.000000000000000000e+00
2.320645898580551147e-01 5.734717249870300293e-01 7.245674729347229004e-01 1.000000000000000000e+00
2.240676730871200562e-01 5.645520687103271484e-01 7.282583713531494141e-01 1.000000000000000000e+00
2.160707414150238037e-01 5.556324720382690430e-01 7.319492697715759277e-01 1.000000000000000000e+00
2.080738246440887451e-01 5.467128157615661621e-01 7.356401681900024414e-01 1.000000000000000000e+00
2.000768929719924927e-01 5.377931594848632812e-01 7.393310070037841797e-01 1.000000000000000000e+00
1.994617432355880737e-01 5.289503931999206543e-01 7.391003370285034180e-01 1.000000000000000000e+00
2.062283754348754883e-01 5.201845169067382812e-01 7.349480986595153809e-01 1.000000000000000000e+00
2.129950076341629028e-01 5.114187002182006836e-01 7.307958602905273438e-01 1.000000000000000000e+00
2.197616249322891235e-01 5.026528239250183105e-01 7.266436219215393066e-01 1.000000000000000000e+00
2.265282571315765381e-01 4.938869774341583252e-01 7.224913239479064941e-01 1.000000000000000000e+00
2.332948893308639526e-01 4.851211011409759521e-01 7.183390855789184570e-01 1.000000000000000000e+00
2.400615215301513672e-01 4.763552546501159668e-01 7.141868472099304199e-01 1.000000000000000000e+00
2.468281388282775879e-01 4.675893783569335938e-01 7.100346088409423828e-01 1.000000000000000000e+00
2.535947859287261963e-01 4.588235318660736084e-01 7.058823704719543457e-01 1.000000000000000000e+00
2.603614032268524170e-01 4.500576555728912354e-01 7.017301321029663086e-01 1.000000000000000000e+00
2.671280205249786377e-01 4.412918090820312500e-01 6.975778341293334961e-01 1.000000000000000000e+00
2.738946676254272461e-01 4.325259625911712646e-01 6.934255957603454590e-01 1.000000000000000000e+00
2.806612849235534668e-01 4.237600862979888916e-01 6.892733573913574219e-01 1.000000000000000000e+00
2.874279022216796875e-01 4.149942398071289062e-01 6.851211190223693848e-01 1.000000000000000000e+00
2.941945493221282959e-01 4.062283635139465332e-01 6.809688806533813477e-01 1.000000000000000000e+00
3.009611666202545166e-01 3.974625170230865479e-01 6.768165826797485352e-01 1.000000000000000000e+00
3.077277839183807373e-01 3.886966407299041748e-01 6.726643443107604980e-01 1.000000000000000000e+00
3.144944310188293457e-01 3.799307942390441895e-01 6.685121059417724609e-01 1.000000000000000000e+00
3.212610483169555664e-01 3.711649477481842041e-01 6.643598675727844238e-01 1.000000000000000000e+00
3.280276954174041748e-01 3.623990714550018311e-01 6.602076292037963867e-01 1.000000000000000000e+00
3.347943127155303955e-01 3.536332249641418457e-01 6.560553908348083496e-01 1.000000000000000000e+00
3.415609300136566162e-01 3.448673486709594727e-01 6.519030928611755371e-01 1.000000000000000000e+00
3.483275771141052246e-01 3.361015021800994873e-01 6.477508544921875000e-01 1.000000000000000000e+00
3.550941944122314453e-01 3.273356258869171143e-01 6.435986161231994629e-01 1.000000000000000000e+00
3.618608117103576660e-01 3.185697793960571289e-01 6.394463777542114258e-01 1.000000000000000000e+00
3.686274588108062744e-01 3.098039329051971436e-01 6.352941393852233887e-01 1.000000000000000000e+00
