1.215686276555061340e-01 4.666666686534881592e-01 7.058823704719543457e-01 1.000000000000000000e+00
1.000000000000000000e+00 4.980392158031463623e-01 5.490196123719215393e-02 1.000000000000000000e+00
1.725490242242813110e-01 6.274510025978088379e-01 1.725490242242813110e-01 1.000000000000000000e+00
8.392156958580017090e-01 1.529411822557449341e-01 1.568627506494522095e-01 1.000000000000000000e+00
5.803921818733215332e-01 4.039215743541717529e-01 7.411764860153198242e-01 1.000000000000000000e+00
5.490196347236633301e-01 3.372549116611480713e-01 2.941176593303680420e-01 1.000000000000000000e+00
8.901960849761962891e-01 4.666666686534881592e-01 7.607843279838562012e-01 1.000000000000000000e+00
4.980392158031463623e-01 4.980392158031463623e-01 4.980392158031463623e-01 1.000000000000000000e+00
7.372549176216125488e-01 7.411764860153198242e-01 1.333333402872085571e-01 1.000000000000000000e+00
9.019608050584793091e-02 7.450980544090270996e-01 8.117647171020507812e-01 1.000000000000000000e+00
