2.235294133424758911e-01 2.313725501298904419e-01 4.745098054409027100e-01 1.000000000000000000e+00
3.215686380863189697e-01 3.294117748737335205e-01 6.392157077789306641e-01 1.000000000000000000e+00
4.196078479290008545e-01 4.313725531101226807e-01 8.117647171020507812e-01 1.000000000000000000e+00
6.117647290229797363e-01 6.196078658103942871e-01 8.705882430076599121e-01 1.000000000000000000e+00
3.882353007793426514e-01 4.745098054409027100e-01 2.235294133424758911e-01 1.000000000000000000e+00
5.490196347236633301e-01 6.352941393852233887e-01 3.215686380863189697e-01 1.000000000000000000e+00
7.098039388656616211e-01 8.117647171020507812e-01 4.196078479290008545e-01 1.000000000000000000e+00
8.078431487083435059e-01 8.588235378265380859e-01 6.117647290229797363e-01 1.000000000000000000e+00
5.490196347236633301e-01 4.274509847164154053e-01 1.921568661928176880e-01 1.000000000000000000e+00
7.411764860153198242e-01 6.196078658103942871e-01 2.235294133424758911e-01 1.000000000000000000e+00
9.058823585510253906e-01 7.294117808341979980e-01 3.215686380863189697e-01 1.000000000000000000e+00
9.058823585510253906e-01 7.960784435272216797e-01 5.803921818733215332e-01 1.000000000000000000e+00
5.176470875740051270e-01 2.352941185235977173e-01 2.235294133424758911e-01 1.000000000000000000e+00
6.784313917160034180e-01 2.862745225429534912e-01 2.901960909366607666e-01 1.000000000000000000e+00
8.392156958580017090e-01 3.803921639919281006e-01 4.196078479290008545e-01 1.000000000000000000e+00
9.058823585510253906e-01 5.882353186607360840e-01 6.117647290229797363e-01 1.000000000000000000e+00
4.823529422283172607e-01 2.549019753932952881e-01 4.509803950786590576e-01 1.000000000000000000e+00
6.470588445663452148e-01 3.176470696926116943e-01 5.803921818733215332e-01 1.000000000000000000e+00
8.078431487083435059e-01 4.274509847164154053e-01 7.411764860153198242e-01 1.000000000000000000e+00
8.705882430076599121e-01 6.196078658103942871e-01 8.392156958580017090e-01 1.000000000000000000e+00
