1.215686276555061340e-01 4.666666686534881592e-01 7.058823704719543457e-01 1.000000000000000000e+00
6.823529601097106934e-01 7.803921699523925781e-01 9.098039269447326660e-01 1.000000000000000000e+00
1.000000000000000000e+00 4.980392158031463623e-01 5.490196123719215393e-02 1.000000000000000000e+00
1.000000000000000000e+00 7.333333492279052734e-01 4.705882370471954346e-01 1.000000000000000000e+00
1.725490242242813110e-01 6.274510025978088379e-01 1.725490242242813110e-01 1.000000000000000000e+00
5.960784554481506348e-01 8.745098114013671875e-01 5.411764979362487793e-01 1.000000000000000000e+00
8.392156958580017090e-01 1.529411822557449341e-01 1.568627506494522095e-01 1.000000000000000000e+00
1.000000000000000000e+00 5.960784554481506348e-01 5.882353186607360840e-01 1.000000000000000000e+00
5.803921818733215332e-01 4.039215743541717529e-01 7.411764860153198242e-01 1.000000000000000000e+00
7.725490331649780273e-01 6.901960968971252441e-01 8.352941274642944336e-01 1.000000000000000000e+00
5.490196347236633301e-01 3.372549116611480713e-01 2.941176593303680420e-01 1.000000000000000000e+00
7.686274647712707520e-01 6.117647290229797363e-01 5.803921818733215332e-01 1.000000000000000000e+00
8.901960849761962891e-01 4.666666686534881592e-01 7.607843279838562012e-01 1.000000000000000000e+00
9.686274528503417969e-01 7.137255072593688965e-01 8.235294222831726074e-01 1.000000000000000000e+00
4.980392158031463623e-01 4.980392158031463623e-01 4.980392158031463623e-01 1.000000000000000000e+00
7.803921699523925781e-01 7.803921699523925781e-01 7.803921699523925781e-01 1.000000000000000000e+00
7.372549176216125488e-01 7.411764860153198242e-01 1.333333402872085571e-01 1.000000000000000000e+00
8.588235378265380859e-01 8.588235378265380859e-01 5.529412031173706055e-01 1.000000000000000000e+00
9.019608050584793091e-02 7.450980544090270996e-01 8.117647171020507812e-01 1.000000000000000000e+00
6.196078658103942871e-01 8.549019694328308105e-01 8.980392217636108398e-01 1.000000000000000000e+00
