1.921568661928176880e-01 5.098039507865905762e-01 7.411764860153198242e-01 1.000000000000000000e+00
4.196078479290008545e-01 6.823529601097106934e-01 8.392156958580017090e-01 1.000000000000000000e+00
6.196078658103942871e-01 7.921568751335144043e-01 8.823529481887817383e-01 1.000000000000000000e+00
7.764706015586853027e-01 8.588235378265380859e-01 9.372549057006835938e-01 1.000000000000000000e+00
9.019607901573181152e-01 3.333333432674407959e-01 5.098039284348487854e-02 1.000000000000000000e+00
9.921568632125854492e-01 5.529412031173706055e-01 2.352941185235977173e-01 1.000000000000000000e+00
9.921568632125854492e-01 6.823529601097106934e-01 4.196078479290008545e-01 1.000000000000000000e+00
9.921568632125854492e-01 8.156862854957580566e-01 6.352941393852233887e-01 1.000000000000000000e+00
1.921568661928176880e-01 6.392157077789306641e-01 3.294117748737335205e-01 1.000000000000000000e+00
4.549019634723663330e-01 7.686274647712707520e-01 4.627451002597808838e-01 1.000000000000000000e+00
6.313725709915161133e-01 8.509804010391235352e-01 6.078431606292724609e-01 1.000000000000000000e+00
7.803921699523925781e-01 9.137254953384399414e-01 7.529411911964416504e-01 1.000000000000000000e+00
4.588235318660736084e-01 4.196078479290008545e-01 6.941176652908325195e-01 1.000000000000000000e+00
6.196078658103942871e-01 6.039215922355651855e-01 7.843137383460998535e-01 1.000000000000000000e+00
7.372549176216125488e-01 7.411764860153198242e-01 8.627451062202453613e-01 1.000000000000000000e+00
8.549019694328308105e-01 8.549019694328308105e-01 9.215686321258544922e-01 1.000000000000000000e+00
3.882353007793426514e-01 3.882353007793426514e-01 3.882353007793426514e-01 1.000000000000000000e+00
5.882353186607360840e-01 5.882353186607360840e-01 5.882353186607360840e-01 1.000000000000000000e+00
7.411764860153198242e-01 7.411764860153198242e-01 7.411764860153198242e-01 1.000000000000000000e+00
8.509804010391235352e-01 8.509804010391235352e-01 8.509804010391235352e-01 1.000000000000000000e+00
