1.899500042200088501e-01 7.175999879837036133e-02 2.321700006723403931e-01 1.000000000000000000e+00
1.948300004005432129e-01 8.338999748229980469e-02 2.614899873733520508e-01 1.000000000000000000e+00
1.995600014925003052e-01 9.498000144958496094e-02 2.902399897575378418e-01 1.000000000000000000e+00
2.041500061750411987e-01 1.065199971199035645e-01 3.184399902820587158e-01 1.000000000000000000e+00
2.085999995470046997e-01 1.180199980735778809e-01 3.460699915885925293e-01 1.000000000000000000e+00
2.129099965095520020e-01 1.294700056314468384e-01 3.731400072574615479e-01 1.000000000000000000e+00
2.170799970626831055e-01 1.408700048923492432e-01 3.996399939060211182e-01 1.000000000000000000e+00
2.211100012063980103e-01 1.522299945354461670e-01 4.255799949169158936e-01 1.000000000000000000e+00
2.249999940395355225e-01 1.635400056838989258e-01 4.509600102901458740e-01 1.000000000000000000e+00
2.287500053644180298e-01 1.748100072145462036e-01 4.757800102233886719e-01 1.000000000000000000e+00
2.323600053787231445e-01 1.860300004482269287e-01 5.000399947166442871e-01 1.000000000000000000e+00
2.358199954032897949e-01 1.972000002861022949e-01 5.237299799919128418e-01 1.000000000000000000e+00
2.391500025987625122e-01 2.083300054073333740e-01 5.468599796295166016e-01 1.000000000000000000e+00
2.423399984836578369e-01 2.194100022315979004e-01 5.694199800491333008e-01 1.000000000000000000e+00
2.453899979591369629e-01 2.304400056600570679e-01 5.914199948310852051e-01 1.000000000000000000e+00
2.483000010251998901e-01 2.414299994707107544e-01 6.128600239753723145e-01 1.000000000000000000e+00
2.510699927806854248e-01 2.523699998855590820e-01 6.337400078773498535e-01 1.000000000000000000e+00
2.536900043487548828e-01 2.632699906826019287e-01 6.540600061416625977e-01 1.000000000000000000e+00
2.561799883842468262e-01 2.741200029850006104e-01 6.738100051879882812e-01 1.000000000000000000e+00
2.585299909114837646e-01 2.849200069904327393e-01 6.930000185966491699e-01 1.000000000000000000e+00
2.607400119304656982e-01 2.956799864768981934e-01 7.116199731826782227e-01 1.000000000000000000e+00
2.628000080585479736e-01 3.063899874687194824e-01 7.296800017356872559e-01 1.000000000000000000e+00
2.647300064563751221e-01 3.170599937438964844e-01 7.471799850463867188e-01 1.000000000000000000e+00
2.665199935436248779e-01 3.276799917221069336e-01 7.641199827194213867e-01 1.000000000000000000e+00
2.681599855422973633e-01 3.382500112056732178e-01 7.804999947547912598e-01 1.000000000000000000e+00
2.696700096130371094e-01 3.487800061702728271e-01 7.963100075721740723e-01 1.000000000000000000e+00
2.710300087928771973e-01 3.592599928379058838e-01 8.115599751472473145e-01 1.000000000000000000e+00
2.722600102424621582e-01 3.697000145912170410e-01 8.262400031089782715e-01 1.000000000000000000e+00
2.733399868011474609e-01 3.800800144672393799e-01 8.403699994087219238e-01 1.000000000000000000e+00
2.742899954319000244e-01 3.904300034046173096e-01 8.539299964904785156e-01 1.000000000000000000e+00
2.750900089740753174e-01 4.007200002670288086e-01 8.669199943542480469e-01 1.000000000000000000e+00
2.757599949836730957e-01 4.109700024127960205e-01 8.793600201606750488e-01 1.000000000000000000e+00
2.762799859046936035e-01 4.211800098419189453e-01 8.912299871444702148e-01 1.000000000000000000e+00
2.766700088977813721e-01 4.313400089740753174e-01 9.025400280952453613e-01 1.000000000000000000e+00
2.769100069999694824e-01 4.414499998092651367e-01 9.132800102233886719e-01 1.000000000000000000e+00
2.770099937915802002e-01 4.515199959278106689e-01 9.234700202941894531e-01 1.000000000000000000e+00
2.769800126552581787e-01 4.615299999713897705e-01 9.330899715423583984e-01 1.000000000000000000e+00
2.768000066280364990e-01 4.715099930763244629e-01 9.421399831771850586e-01 1.000000000000000000e+00
2.764799892902374268e-01 4.814400076866149902e-01 9.506400227546691895e-01 1.000000000000000000e+00
2.760300040245056152e-01 4.913200139999389648e-01 9.585700035095214844e-01 1.000000000000000000e+00
2.754299938678741455e-01 5.011500120162963867e-01 9.659399986267089844e-01 1.000000000000000000e+00
2.746900022029876709e-01 5.109400153160095215e-01 9.727500081062316895e-01 1.000000000000000000e+00
2.738099992275238037e-01 5.206900238990783691e-01 9.789900183677673340e-01 1.000000000000000000e+00
2.727299928665161133e-01 5.303999781608581543e-01 9.846100211143493652e-01 1.000000000000000000e+00
2.710599899291992188e-01 5.401499867439270020e-01 9.893000125885009766e-01 1.000000000000000000e+00
2.687799930572509766e-01 5.499500036239624023e-01 9.930300116539001465e-01 1.000000000000000000e+00
2.659200131893157959e-01 5.597900152206420898e-01 9.958299994468688965e-01 1.000000000000000000e+00
2.625199854373931885e-01 5.696700215339660645e-01 9.977300167083740234e-01 1.000000000000000000e+00
2.586199939250946045e-01 5.795800089836120605e-01 9.987599849700927734e-01 1.000000000000000000e+00
2.542499899864196777e-01 5.895000100135803223e-01 9.989600181579589844e-01 1.000000000000000000e+00
2.494599968194961548e-01 5.994300246238708496e-01 9.983500242233276367e-01 1.000000000000000000e+00
2.442699968814849854e-01 6.093699932098388672e-01 9.969699978828430176e-01 1.000000000000000000e+00
2.387399971485137939e-01 6.193100214004516602e-01 9.948499798774719238e-01 1.000000000000000000e+00
2.328799962997436523e-01 6.292300224304199219e-01 9.920200109481811523e-01 1.000000000000000000e+00
2.267599999904632568e-01 6.391299962997436523e-01 9.885100126266479492e-01 1.000000000000000000e+00
2.203900068998336792e-01 6.490100026130676270e-01 9.843599796295166016e-01 1.000000000000000000e+00
2.138199955224990845e-01 6.588600277900695801e-01 9.795899987220764160e-01 1.000000000000000000e+00
2.070800065994262695e-01 6.686599850654602051e-01 9.742299914360046387e-01 1.000000000000000000e+00
2.002100050449371338e-01 6.784200072288513184e-01 9.683300256729125977e-01 1.000000000000000000e+00
1.932599991559982300e-01 6.881200075149536133e-01 9.618999958038330078e-01 1.000000000000000000e+00
1.862500011920928955e-01 6.977499723434448242e-01 9.549800157546997070e-01 1.000000000000000000e+00
1.792300045490264893e-01 7.073199748992919922e-01 9.476100206375122070e-01 1.000000000000000000e+00
1.722300052642822266e-01 7.167999744415283203e-01 9.398099780082702637e-01 1.000000000000000000e+00
1.652899980545043945e-01 7.261999845504760742e-01 9.316099882125854492e-01 1.000000000000000000e+00
1.584399938583374023e-01 7.355099916458129883e-01 9.230499863624572754e-01 1.000000000000000000e+00
1.517300009727478027e-01 7.447199821472167969e-01 9.141600131988525391e-01 1.000000000000000000e+00
1.451900005340576172e-01 7.538099884986877441e-01 9.049599766731262207e-01 1.000000000000000000e+00
1.388600021600723267e-01 7.627900242805480957e-01 8.955000042915344238e-01 1.000000000000000000e+00
1.327800005674362183e-01 7.716500163078308105e-01 8.858000040054321289e-01 1.000000000000000000e+00
1.269800066947937012e-01 7.803699970245361328e-01 8.758999705314636230e-01 1.000000000000000000e+00
1.215099990367889404e-01 7.889599800109863281e-01 8.658099770545959473e-01 1.000000000000000000e+00
1.163899973034858704e-01 7.973999977111816406e-01 8.555899858474731445e-01 1.000000000000000000e+00
1.116700023412704468e-01 8.056899905204772949e-01 8.452500104904174805e-01 1.000000000000000000e+00
1.073800027370452881e-01 8.138099908828735352e-01 8.348399996757507324e-01 1.000000000000000000e+00
1.035699993371963501e-01 8.217700123786926270e-01 8.243700265884399414e-01 1.000000000000000000e+00
1.002599969506263733e-01 8.295500278472900391e-01 8.138899803161621094e-01 1.000000000000000000e+00
9.749999642372131348e-02 8.371400237083435059e-01 8.034200072288513184e-01 1.000000000000000000e+00
9.532000124454498291e-02 8.445500135421752930e-01 7.929900288581848145e-01 1.000000000000000000e+00
9.376999735832214355e-02 8.517500162124633789e-01 7.826399803161621094e-01 1.000000000000000000e+00
9.286999702453613281e-02 8.587499856948852539e-01 7.724000215530395508e-01 1.000000000000000000e+00
9.267000108957290649e-02 8.655400276184082031e-01 7.623000144958496094e-01 1.000000000000000000e+00
9.319999814033508301e-02 8.721100091934204102e-01 7.523699998855590820e-01 1.000000000000000000e+00
9.450999647378921509e-02 8.784400224685668945e-01 7.426499724388122559e-01 1.000000000000000000e+00
9.662000089883804321e-02 8.845400214195251465e-01 7.331600189208984375e-01 1.000000000000000000e+00
9.957999736070632935e-02 8.903999924659729004e-01 7.239300012588500977e-01 1.000000000000000000e+00
1.034199967980384827e-01 8.960000276565551758e-01 7.149999737739562988e-01 1.000000000000000000e+00
1.081499978899955750e-01 9.014199972152709961e-01 7.059900164604187012e-01 1.000000000000000000e+00
1.137399971485137939e-01 9.067299962043762207e-01 6.965100169181823730e-01 1.000000000000000000e+00
1.201400011777877808e-01 9.119300246238708496e-01 6.866000294685363770e-01 1.000000000000000000e+00
1.273300051689147949e-01 9.170100092887878418e-01 6.762700080871582031e-01 1.000000000000000000e+00
1.352600008249282837e-01 9.219700098037719727e-01 6.655600070953369141e-01 1.000000000000000000e+00
1.439100056886672974e-01 9.268000125885009766e-01 6.544799804687500000e-01 1.000000000000000000e+00
1.532299965620040894e-01 9.315099716186523438e-01 6.430799961090087891e-01 1.000000000000000000e+00
1.631900072097778320e-01 9.360899925231933594e-01 6.313700079917907715e-01 1.000000000000000000e+00
1.737699955701828003e-01 9.405300021171569824e-01 6.193799972534179688e-01 1.000000000000000000e+00
1.849099993705749512e-01 9.448400139808654785e-01 6.071299910545349121e-01 1.000000000000000000e+00
1.965900063514709473e-01 9.490100145339965820e-01 5.946599841117858887e-01 1.000000000000000000e+00
2.087700068950653076e-01 9.530400037765502930e-01 5.819900035858154297e-01 1.000000000000000000e+00
2.214200049638748169e-01 9.569200277328491211e-01 5.691400170326232910e-01 1.000000000000000000e+00
2.344900071620941162e-01 9.606500267982482910e-01 5.561400055885314941e-01 1.000000000000000000e+00
2.479699999094009399e-01 9.642300009727478027e-01 5.430300235748291016e-01 1.000000000000000000e+00
2.617999911308288574e-01 9.676499962806701660e-01 5.298100113868713379e-01 1.000000000000000000e+00
2.759700119495391846e-01 9.709200263023376465e-01 5.165299773216247559e-01 1.000000000000000000e+00
2.904199957847595215e-01 9.740300178527832031e-01 5.032100081443786621e-01 1.000000000000000000e+00
3.051300048828125000e-01 9.769700169563293457e-01 4.898700118064880371e-01 1.000000000000000000e+00
3.200600147247314453e-01 9.797400236129760742e-01 4.765399992465972900e-01 1.000000000000000000e+00
3.351700007915496826e-01 9.823399782180786133e-01 4.632500112056732178e-01 1.000000000000000000e+00
3.504300117492675781e-01 9.847699999809265137e-01 4.500199854373931885e-01 1.000000000000000000e+00
3.658100068569183350e-01 9.870200157165527344e-01 4.368799924850463867e-01 1.000000000000000000e+00
3.812699913978576660e-01 9.890900254249572754e-01 4.238600134849548340e-01 1.000000000000000000e+00
3.967800140380859375e-01 9.909800291061401367e-01 4.109799861907958984e-01 1.000000000000000000e+00
4.122900068759918213e-01 9.926800131797790527e-01 3.982599973678588867e-01 1.000000000000000000e+00
4.277800023555755615e-01 9.941899776458740234e-01 3.857499957084655762e-01 1.000000000000000000e+00
4.432100057601928711e-01 9.955099821090698242e-01 3.734500110149383545e-01 1.000000000000000000e+00
4.585399925708770752e-01 9.966300129890441895e-01 3.614000082015991211e-01 1.000000000000000000e+00
4.737499952316284180e-01 9.975500106811523438e-01 3.496299982070922852e-01 1.000000000000000000e+00
4.887900054454803467e-01 9.982799887657165527e-01 3.381600081920623779e-01 1.000000000000000000e+00
5.036200284957885742e-01 9.987900257110595703e-01 3.270100057125091553e-01 1.000000000000000000e+00
5.182200074195861816e-01 9.991000294685363770e-01 3.162199854850769043e-01 1.000000000000000000e+00
5.325499773025512695e-01 9.991899728775024414e-01 3.058100044727325439e-01 1.000000000000000000e+00
5.465800166130065918e-01 9.990699887275695801e-01 2.958100140094757080e-01 1.000000000000000000e+00
5.602599978446960449e-01 9.987300038337707520e-01 2.862299978733062744e-01 1.000000000000000000e+00
5.735700130462646484e-01 9.981700181961059570e-01 2.771199941635131836e-01 1.000000000000000000e+00
5.864599943161010742e-01 9.973899722099304199e-01 2.684899866580963135e-01 1.000000000000000000e+00
5.989099740982055664e-01 9.963799715042114258e-01 2.603799998760223389e-01 1.000000000000000000e+00
6.108800172805786133e-01 9.951400160789489746e-01 2.527999877929687500e-01 1.000000000000000000e+00
6.223300099372863770e-01 9.936599731445312500e-01 2.457900047302246094e-01 1.000000000000000000e+00
6.332299709320068359e-01 9.919499754905700684e-01 2.393700033426284790e-01 1.000000000000000000e+00
6.436200141906738281e-01 9.899899959564208984e-01 2.335599958896636963e-01 1.000000000000000000e+00
6.539400219917297363e-01 9.877499938011169434e-01 2.283499985933303833e-01 1.000000000000000000e+00
6.642799973487854004e-01 9.852399826049804688e-01 2.237000018358230591e-01 1.000000000000000000e+00
6.746199727058410645e-01 9.824600219726562500e-01 2.196000069379806519e-01 1.000000000000000000e+00
6.849399805068969727e-01 9.794099926948547363e-01 2.160200029611587524e-01 1.000000000000000000e+00
6.952499747276306152e-01 9.761000275611877441e-01 2.129400074481964111e-01 1.000000000000000000e+00
7.055299878120422363e-01 9.725499749183654785e-01 2.103199958801269531e-01 1.000000000000000000e+00
7.157700061798095703e-01 9.687500000000000000e-01 2.081499993801116943e-01 1.000000000000000000e+00
7.259600162506103516e-01 9.646999835968017578e-01 2.064000070095062256e-01 1.000000000000000000e+00
7.361000180244445801e-01 9.604300260543823242e-01 2.050399929285049438e-01 1.000000000000000000e+00
7.461699843406677246e-01 9.559299945831298828e-01 2.040600031614303589e-01 1.000000000000000000e+00
7.561699748039245605e-01 9.512100219726562500e-01 2.034299969673156738e-01 1.000000000000000000e+00
7.660800218582153320e-01 9.462699890136718750e-01 2.031099945306777954e-01 1.000000000000000000e+00
7.759100198745727539e-01 9.411299824714660645e-01 2.030999958515167236e-01 1.000000000000000000e+00
7.856299877166748047e-01 9.357900023460388184e-01 2.033600062131881714e-01 1.000000000000000000e+00
7.952399849891662598e-01 9.302499890327453613e-01 2.038599997758865356e-01 1.000000000000000000e+00
8.047299981117248535e-01 9.245200157165527344e-01 2.045899927616119385e-01 1.000000000000000000e+00
8.141000270843505859e-01 9.186099767684936523e-01 2.055200040340423584e-01 1.000000000000000000e+00
8.233299851417541504e-01 9.125300049781799316e-01 2.066300064325332642e-01 1.000000000000000000e+00
8.324099779129028320e-01 9.062700271606445312e-01 2.078800052404403687e-01 1.000000000000000000e+00
8.413299918174743652e-01 8.998600244522094727e-01 2.092600017786026001e-01 1.000000000000000000e+00
8.500999808311462402e-01 8.932800292968750000e-01 2.107400000095367432e-01 1.000000000000000000e+00
8.586800098419189453e-01 8.865500092506408691e-01 2.123000025749206543e-01 1.000000000000000000e+00
8.670899868011474609e-01 8.796799778938293457e-01 2.139099985361099243e-01 1.000000000000000000e+00
8.752999901771545410e-01 8.726699948310852051e-01 2.155500054359436035e-01 1.000000000000000000e+00
8.833100199699401855e-01 8.655300140380859375e-01 2.171899974346160889e-01 1.000000000000000000e+00
8.911200165748596191e-01 8.582599759101867676e-01 2.187999933958053589e-01 1.000000000000000000e+00
8.986999988555908203e-01 8.508700132369995117e-01 2.203799933195114136e-01 1.000000000000000000e+00
9.060500264167785645e-01 8.433700203895568848e-01 2.218800038099288940e-01 1.000000000000000000e+00
9.131699800491333008e-01 8.357599973678588867e-01 2.232799977064132690e-01 1.000000000000000000e+00
9.200400114059448242e-01 8.280599713325500488e-01 2.245599925518035889e-01 1.000000000000000000e+00
9.266600012779235840e-01 8.202499747276306152e-01 2.257000058889389038e-01 1.000000000000000000e+00
9.330099821090698242e-01 8.123599886894226074e-01 2.266699969768524170e-01 1.000000000000000000e+00
9.390900135040283203e-01 8.043900132179260254e-01 2.274399995803833008e-01 1.000000000000000000e+00
9.448900222778320312e-01 7.963399887084960938e-01 2.280000001192092896e-01 1.000000000000000000e+00
9.503899812698364258e-01 7.882300019264221191e-01 2.283100038766860962e-01 1.000000000000000000e+00
9.556000232696533203e-01 7.800499796867370605e-01 2.283599972724914551e-01 1.000000000000000000e+00
9.604899883270263672e-01 7.718099951744079590e-01 2.281100004911422729e-01 1.000000000000000000e+00
9.650700092315673828e-01 7.635200023651123047e-01 2.275400012731552124e-01 1.000000000000000000e+00
9.693099856376647949e-01 7.551900148391723633e-01 2.266300022602081299e-01 1.000000000000000000e+00
9.732300043106079102e-01 7.468199729919433594e-01 2.253600060939788818e-01 1.000000000000000000e+00
9.767900109291076660e-01 7.384200096130371094e-01 2.236900031566619873e-01 1.000000000000000000e+00
9.800000190734863281e-01 7.300000190734863281e-01 2.216099947690963745e-01 1.000000000000000000e+00
9.828900098800659180e-01 7.214000225067138672e-01 2.191800028085708618e-01 1.000000000000000000e+00
9.854900240898132324e-01 7.124999761581420898e-01 2.164999991655349731e-01 1.000000000000000000e+00
9.878100156784057617e-01 7.032999992370605469e-01 2.135799974203109741e-01 1.000000000000000000e+00
9.898599982261657715e-01 6.938199996948242188e-01 2.104299962520599365e-01 1.000000000000000000e+00
9.916300177574157715e-01 6.840800046920776367e-01 2.070599943399429321e-01 1.000000000000000000e+00
9.931399822235107422e-01 6.740800142288208008e-01 2.034800052642822266e-01 1.000000000000000000e+00
9.943799972534179688e-01 6.638600230216979980e-01 1.997099965810775757e-01 1.000000000000000000e+00
9.953500032424926758e-01 6.534100174903869629e-01 1.957699954509735107e-01 1.000000000000000000e+00
9.960700273513793945e-01 6.427699923515319824e-01 1.916500031948089600e-01 1.000000000000000000e+00
9.965400099754333496e-01 6.319299936294555664e-01 1.873800009489059448e-01 1.000000000000000000e+00
9.967499971389770508e-01 6.209300160408020020e-01 1.829700022935867310e-01 1.000000000000000000e+00
9.967200160026550293e-01 6.097699999809265137e-01 1.784200072288513184e-01 1.000000000000000000e+00
9.964399933815002441e-01 5.984600186347961426e-01 1.737599968910217285e-01 1.000000000000000000e+00
9.959300160408020020e-01 5.870299935340881348e-01 1.689900010824203491e-01 1.000000000000000000e+00
9.951699972152709961e-01 5.754899978637695312e-01 1.641200035810470581e-01 1.000000000000000000e+00
9.941899776458740234e-01 5.638599991798400879e-01 1.591800004243850708e-01 1.000000000000000000e+00
9.929699897766113281e-01 5.521399974822998047e-01 1.541700065135955811e-01 1.000000000000000000e+00
9.915300011634826660e-01 5.403599739074707031e-01 1.491000056266784668e-01 1.000000000000000000e+00
9.898700118064880371e-01 5.285400152206420898e-01 1.439799964427947998e-01 1.000000000000000000e+00
9.879900217056274414e-01 5.166699886322021484e-01 1.388300061225891113e-01 1.000000000000000000e+00
9.858999848365783691e-01 5.047900080680847168e-01 1.336700022220611572e-01 1.000000000000000000e+00
9.836000204086303711e-01 4.929099977016448975e-01 1.284900009632110596e-01 1.000000000000000000e+00
9.810799956321716309e-01 4.810400009155273438e-01 1.233199983835220337e-01 1.000000000000000000e+00
9.783700108528137207e-01 4.691999852657318115e-01 1.181700006127357483e-01 1.000000000000000000e+00
9.754499793052673340e-01 4.573999941349029541e-01 1.130499988794326782e-01 1.000000000000000000e+00
9.723399877548217773e-01 4.456500113010406494e-01 1.079699993133544922e-01 1.000000000000000000e+00
9.690399765968322754e-01 4.339900016784667969e-01 1.029400005936622620e-01 1.000000000000000000e+00
9.655500054359436035e-01 4.224100112915039062e-01 9.798000007867813110e-02 1.000000000000000000e+00
9.618700146675109863e-01 4.109300076961517334e-01 9.309999644756317139e-02 1.000000000000000000e+00
9.580100178718566895e-01 3.995800018310546875e-01 8.831000328063964844e-02 1.000000000000000000e+00
9.539800286293029785e-01 3.883599936962127686e-01 8.361999690532684326e-02 1.000000000000000000e+00
9.497699737548828125e-01 3.772900104522705078e-01 7.904999703168869019e-02 1.000000000000000000e+00
9.453799724578857422e-01 3.663800060749053955e-01 7.461000233888626099e-02 1.000000000000000000e+00
9.408400058746337891e-01 3.556599915027618408e-01 7.030999660491943359e-02 1.000000000000000000e+00
9.361199736595153809e-01 3.451299965381622314e-01 6.616000086069107056e-02 1.000000000000000000e+00
9.312499761581420898e-01 3.348200023174285889e-01 6.218000128865242004e-02 1.000000000000000000e+00
9.262300133705139160e-01 3.247300088405609131e-01 5.837000161409378052e-02 1.000000000000000000e+00
9.210500121116638184e-01 3.148899972438812256e-01 5.474999919533729553e-02 1.000000000000000000e+00
9.157199859619140625e-01 3.052999973297119141e-01 5.133999884128570557e-02 1.000000000000000000e+00
9.102399945259094238e-01 2.959899902343750000e-01 4.814000055193901062e-02 1.000000000000000000e+00
9.046300053596496582e-01 2.869600057601928711e-01 4.515999928116798401e-02 1.000000000000000000e+00
8.988800048828125000e-01 2.782399952411651611e-01 4.242999851703643799e-02 1.000000000000000000e+00
8.929799795150756836e-01 2.698099911212921143e-01 3.993000090122222900e-02 1.000000000000000000e+00
8.869100213050842285e-01 2.615199983119964600e-01 3.753000125288963318e-02 1.000000000000000000e+00
8.806599974632263184e-01 2.533400058746337891e-01 3.520999848842620850e-02 1.000000000000000000e+00
8.742200136184692383e-01 2.452600002288818359e-01 3.297000005841255188e-02 1.000000000000000000e+00
8.676000237464904785e-01 2.372999936342239380e-01 3.082000091671943665e-02 1.000000000000000000e+00
8.607900142669677734e-01 2.294500023126602173e-01 2.875000052154064178e-02 1.000000000000000000e+00
8.537999987602233887e-01 2.216999977827072144e-01 2.676999941468238831e-02 1.000000000000000000e+00
8.466200232505798340e-01 2.140700072050094604e-01 2.487000077962875366e-02 1.000000000000000000e+00
8.392599821090698242e-01 2.065400034189224243e-01 2.305000089108943939e-02 1.000000000000000000e+00
8.317199945449829102e-01 1.991200000047683716e-01 2.130999974906444550e-02 1.000000000000000000e+00
8.239899873733520508e-01 1.918199956417083740e-01 1.965999975800514221e-02 1.000000000000000000e+00
8.160799741744995117e-01 1.846199929714202881e-01 1.809000037610530853e-02 1.000000000000000000e+00
8.079900145530700684e-01 1.775300055742263794e-01 1.659999974071979523e-02 1.000000000000000000e+00
7.997099757194519043e-01 1.705500036478042603e-01 1.520000025629997253e-02 1.000000000000000000e+00
7.912499904632568359e-01 1.636800020933151245e-01 1.386999990791082382e-02 1.000000000000000000e+00
7.825999855995178223e-01 1.569299995899200439e-01 1.264000032097101212e-02 1.000000000000000000e+00
7.737699747085571289e-01 1.502799987792968750e-01 1.147999987006187439e-02 1.000000000000000000e+00
7.647600173950195312e-01 1.437399983406066895e-01 1.040999963879585266e-02 1.000000000000000000e+00
7.555599808692932129e-01 1.373099982738494873e-01 9.420000016689300537e-03 1.000000000000000000e+00
7.461699843406677246e-01 1.309799998998641968e-01 8.510000072419643402e-03 1.000000000000000000e+00
7.366099953651428223e-01 1.247700005769729614e-01 7.689999882131814957e-03 1.000000000000000000e+00
7.268599867820739746e-01 1.186700016260147095e-01 6.949999835342168808e-03 1.000000000000000000e+00
7.169200181961059570e-01 1.126800030469894409e-01 6.289999932050704956e-03 1.000000000000000000e+00
7.067999839782714844e-01 1.067999973893165588e-01 5.710000172257423401e-03 1.000000000000000000e+00
6.965000033378601074e-01 1.010200008749961853e-01 5.220000166445970535e-03 1.000000000000000000e+00
6.860200166702270508e-01 9.536000341176986694e-02 4.809999838471412659e-03 1.000000000000000000e+00
6.753500103950500488e-01 8.980000019073486328e-02 4.490000195801258087e-03 1.000000000000000000e+00
6.644899845123291016e-01 8.436000347137451172e-02 4.240000154823064804e-03 1.000000000000000000e+00
6.534500122070312500e-01 7.902000099420547485e-02 4.079999867826700211e-03 1.000000000000000000e+00
6.422299742698669434e-01 7.379999756813049316e-02 4.009999800473451614e-03 1.000000000000000000e+00
6.308199763298034668e-01 6.868000328540802002e-02 4.009999800473451614e-03 1.000000000000000000e+00
6.192299723625183105e-01 6.367000192403793335e-02 4.100000020116567612e-03 1.000000000000000000e+00
6.074600219726562500e-01 5.877999961376190186e-02 4.269999917596578598e-03 1.000000000000000000e+00
5.954999923706054688e-01 5.398999899625778198e-02 4.530000034719705582e-03 1.000000000000000000e+00
5.833600163459777832e-01 4.930999875068664551e-02 4.860000219196081161e-03 1.000000000000000000e+00
5.710300207138061523e-01 4.473999887704849243e-02 5.289999768137931824e-03 1.000000000000000000e+00
5.585200190544128418e-01 4.027999937534332275e-02 5.789999850094318390e-03 1.000000000000000000e+00
5.458300113677978516e-01 3.593000024557113647e-02 6.380000151693820953e-03 1.000000000000000000e+00
5.329499840736389160e-01 3.169000148773193359e-02 7.050000131130218506e-03 1.000000000000000000e+00
5.198900103569030762e-01 2.755999937653541565e-02 7.799999788403511047e-03 1.000000000000000000e+00
5.066400170326232910e-01 2.353999949991703033e-02 8.630000054836273193e-03 1.000000000000000000e+00
4.932099878787994385e-01 1.962999999523162842e-02 9.549999609589576721e-03 1.000000000000000000e+00
4.796000123023986816e-01 1.583000086247920990e-02 1.054999977350234985e-02 1.000000000000000000e+00
