1.873922795057296753e-01 7.710209488868713379e-02 2.161887586116790771e-01 1.000000000000000000e+00
1.897585391998291016e-01 7.501985877752304077e-02 2.193005084991455078e-01 1.000000000000000000e+00
1.919944882392883301e-01 7.318282872438430786e-02 2.224338501691818237e-01 1.000000000000000000e+00
1.941035091876983643e-01 7.160830497741699219e-02 2.255872786045074463e-01 1.000000000000000000e+00
1.960826069116592407e-01 7.032122462987899780e-02 2.287467271089553833e-01 1.000000000000000000e+00
1.979483366012573242e-01 6.931406259536743164e-02 2.319464683532714844e-01 1.000000000000000000e+00
1.997157186269760132e-01 6.859271228313446045e-02 2.351709455251693726e-01 1.000000000000000000e+00
2.015613317489624023e-01 6.798326969146728516e-02 2.385297417640686035e-01 1.000000000000000000e+00
2.035200744867324829e-01 6.744418293237686157e-02 2.420557588338851929e-01 1.000000000000000000e+00
2.055805176496505737e-01 6.699046492576599121e-02 2.457249760627746582e-01 1.000000000000000000e+00
2.077442407608032227e-01 6.661453098058700562e-02 2.495464384555816650e-01 1.000000000000000000e+00
2.100121378898620605e-01 6.630857288837432861e-02 2.535288929939270020e-01 1.000000000000000000e+00
2.123741060495376587e-01 6.608502566814422607e-02 2.576516568660736084e-01 1.000000000000000000e+00
2.148284316062927246e-01 6.594038754701614380e-02 2.619167566299438477e-01 1.000000000000000000e+00
2.173784524202346802e-01 6.585966050624847412e-02 2.663421034812927246e-01 1.000000000000000000e+00
2.200125157833099365e-01 6.585791707038879395e-02 2.709028124809265137e-01 1.000000000000000000e+00
2.227270603179931641e-01 6.593379378318786621e-02 2.755971550941467285e-01 1.000000000000000000e+00
2.255216389894485474e-01 6.607817113399505615e-02 2.804339826107025146e-01 1.000000000000000000e+00
2.283917665481567383e-01 6.628997623920440674e-02 2.854107320308685303e-01 1.000000000000000000e+00
2.313295453786849976e-01 6.657619029283523560e-02 2.905136048793792725e-01 1.000000000000000000e+00
2.343305498361587524e-01 6.693559885025024414e-02 2.957400977611541748e-01 1.000000000000000000e+00
2.373906224966049194e-01 6.736588478088378906e-02 3.010892271995544434e-01 1.000000000000000000e+00
2.405081391334533691e-01 6.785710155963897705e-02 3.065705597400665283e-01 1.000000000000000000e+00
2.436737269163131714e-01 6.841985881328582764e-02 3.121652305126190186e-01 1.000000000000000000e+00
2.468822598457336426e-01 6.905364245176315308e-02 3.178699314594268799e-01 1.000000000000000000e+00
2.501284480094909668e-01 6.975820660591125488e-02 3.236809968948364258e-01 1.000000000000000000e+00
2.534068524837493896e-01 7.053358107805252075e-02 3.295945823192596436e-01 1.000000000000000000e+00
2.567119300365447998e-01 7.138010859489440918e-02 3.356064856052398682e-01 1.000000000000000000e+00
2.600389420986175537e-01 7.229477912187576294e-02 3.417175710201263428e-01 1.000000000000000000e+00
2.633812129497528076e-01 7.328166067600250244e-02 3.479188978672027588e-01 1.000000000000000000e+00
2.667323350906372070e-01 7.434401661157608032e-02 3.542027473449707031e-01 1.000000000000000000e+00
2.700863778591156006e-01 7.548367232084274292e-02 3.605637550354003906e-01 1.000000000000000000e+00
2.734373807907104492e-01 7.670280337333679199e-02 3.669961690902709961e-01 1.000000000000000000e+00
2.767793834209442139e-01 7.800394296646118164e-02 3.734938204288482666e-01 1.000000000000000000e+00
2.801063954830169678e-01 7.938999682664871216e-02 3.800502717494964600e-01 1.000000000000000000e+00
2.834123969078063965e-01 8.086415380239486694e-02 3.866586983203887939e-01 1.000000000000000000e+00
2.866915166378021240e-01 8.242987096309661865e-02 3.933118283748626709e-01 1.000000000000000000e+00
2.899379134178161621e-01 8.409079164266586304e-02 4.000021517276763916e-01 1.000000000000000000e+00
2.931459248065948486e-01 8.585065603256225586e-02 4.067217707633972168e-01 1.000000000000000000e+00
2.963100075721740723e-01 8.771324902772903442e-02 4.134625792503356934e-01 1.000000000000000000e+00
2.994248270988464355e-01 8.968225121498107910e-02 4.202162027359008789e-01 1.000000000000000000e+00
3.024853765964508057e-01 9.176118671894073486e-02 4.269740283489227295e-01 1.000000000000000000e+00
3.054867684841156006e-01 9.395276755094528198e-02 4.337284862995147705e-01 1.000000000000000000e+00
3.084244430065155029e-01 9.625938534736633301e-02 4.404719471931457520e-01 1.000000000000000000e+00
3.112943470478057861e-01 9.868477284908294678e-02 4.471931457519531250e-01 1.000000000000000000e+00
3.140927851200103760e-01 1.012307778000831604e-01 4.538833498954772949e-01 1.000000000000000000e+00
3.168164789676666260e-01 1.038986146450042725e-01 4.605341553688049316e-01 1.000000000000000000e+00
3.194626271724700928e-01 1.066887974739074707e-01 4.671372771263122559e-01 1.000000000000000000e+00
3.220288157463073730e-01 1.096011400222778320e-01 4.736849367618560791e-01 1.000000000000000000e+00
3.245130777359008789e-01 1.126345992088317871e-01 4.801700711250305176e-01 1.000000000000000000e+00
3.269137144088745117e-01 1.157873496413230896e-01 4.865864515304565430e-01 1.000000000000000000e+00
3.292300403118133545e-01 1.190576404333114624e-01 4.929259419441223145e-01 1.000000000000000000e+00
3.314615488052368164e-01 1.224424540996551514e-01 4.991827607154846191e-01 1.000000000000000000e+00
3.336080610752105713e-01 1.259381771087646484e-01 5.053516626358032227e-01 1.000000000000000000e+00
3.356697857379913330e-01 1.295407414436340332e-01 5.114280581474304199e-01 1.000000000000000000e+00
3.376473188400268555e-01 1.332456171512603760e-01 5.174080729484558105e-01 1.000000000000000000e+00
3.395416736602783203e-01 1.370480209589004517e-01 5.232879519462585449e-01 1.000000000000000000e+00
3.413541018962860107e-01 1.409427970647811890e-01 5.290650129318237305e-01 1.000000000000000000e+00
3.430860042572021484e-01 1.449246555566787720e-01 5.347370505332946777e-01 1.000000000000000000e+00
3.447390198707580566e-01 1.489882022142410278e-01 5.403024554252624512e-01 1.000000000000000000e+00
3.463150858879089355e-01 1.531280279159545898e-01 5.457599759101867676e-01 1.000000000000000000e+00
3.478165268898010254e-01 1.573386341333389282e-01 5.511085391044616699e-01 1.000000000000000000e+00
3.492451310157775879e-01 1.616147756576538086e-01 5.563483834266662598e-01 1.000000000000000000e+00
3.506030440330505371e-01 1.659512966871261597e-01 5.614796280860900879e-01 1.000000000000000000e+00
3.518924713134765625e-01 1.703432053327560425e-01 5.665028691291809082e-01 1.000000000000000000e+00
3.531157374382019043e-01 1.747857034206390381e-01 5.714187026023864746e-01 1.000000000000000000e+00
3.542753458023071289e-01 1.792741268873214722e-01 5.762280821800231934e-01 1.000000000000000000e+00
3.553741574287414551e-01 1.838039308786392212e-01 5.809319019317626953e-01 1.000000000000000000e+00
3.564138114452362061e-01 1.883711963891983032e-01 5.855320692062377930e-01 1.000000000000000000e+00
3.573966324329376221e-01 1.929720789194107056e-01 5.900301337242126465e-01 1.000000000000000000e+00
3.583248853683471680e-01 1.976029425859451294e-01 5.944277048110961914e-01 1.000000000000000000e+00
3.592008948326110840e-01 2.022603750228881836e-01 5.987265110015869141e-01 1.000000000000000000e+00
3.600268065929412842e-01 2.069412320852279663e-01 6.029284596443176270e-01 1.000000000000000000e+00
3.608049452304840088e-01 2.116425186395645142e-01 6.070353388786315918e-01 1.000000000000000000e+00
3.615382909774780273e-01 2.163611203432083130e-01 6.110488176345825195e-01 1.000000000000000000e+00
3.622280955314636230e-01 2.210948914289474487e-01 6.149711012840270996e-01 1.000000000000000000e+00
3.628764450550079346e-01 2.258414924144744873e-01 6.188041567802429199e-01 1.000000000000000000e+00
3.634853661060333252e-01 2.305987626314163208e-01 6.225498914718627930e-01 1.000000000000000000e+00
3.640569448471069336e-01 2.353647053241729736e-01 6.262101531028747559e-01 1.000000000000000000e+00
3.645930886268615723e-01 2.401374727487564087e-01 6.297867894172668457e-01 1.000000000000000000e+00
3.650957942008972168e-01 2.449153661727905273e-01 6.332817077636718750e-01 1.000000000000000000e+00
3.655669689178466797e-01 2.496968358755111694e-01 6.366967558860778809e-01 1.000000000000000000e+00
3.660085499286651611e-01 2.544804513454437256e-01 6.400336027145385742e-01 1.000000000000000000e+00
3.664224445819854736e-01 2.592647969722747803e-01 6.432940959930419922e-01 1.000000000000000000e+00
3.668108582496643066e-01 2.640485763549804688e-01 6.464799046516418457e-01 1.000000000000000000e+00
3.671751320362091064e-01 2.688308656215667725e-01 6.495926976203918457e-01 1.000000000000000000e+00
3.675170838832855225e-01 2.736106216907501221e-01 6.526341438293457031e-01 1.000000000000000000e+00
3.678384423255920410e-01 2.783869802951812744e-01 6.556056737899780273e-01 1.000000000000000000e+00
3.681410253047943115e-01 2.831590175628662109e-01 6.585088968276977539e-01 1.000000000000000000e+00
3.684265613555908203e-01 2.879259586334228516e-01 6.613452434539794922e-01 1.000000000000000000e+00
3.686968088150024414e-01 2.926870882511138916e-01 6.641162633895874023e-01 1.000000000000000000e+00
3.689535558223724365e-01 2.974417507648468018e-01 6.668232083320617676e-01 1.000000000000000000e+00
3.691984713077545166e-01 3.021893203258514404e-01 6.694675683975219727e-01 1.000000000000000000e+00
3.694333434104919434e-01 3.069292306900024414e-01 6.720505356788635254e-01 1.000000000000000000e+00
3.696598708629608154e-01 3.116609752178192139e-01 6.745734214782714844e-01 1.000000000000000000e+00
3.698798120021820068e-01 3.163841068744659424e-01 6.770375370979309082e-01 1.000000000000000000e+00
3.700948655605316162e-01 3.210981488227844238e-01 6.794440746307373047e-01 1.000000000000000000e+00
3.703068196773529053e-01 3.258026838302612305e-01 6.817941069602966309e-01 1.000000000000000000e+00
3.705173730850219727e-01 3.304974138736724854e-01 6.840888857841491699e-01 1.000000000000000000e+00
3.707283437252044678e-01 3.351819515228271484e-01 6.863294839859008789e-01 1.000000000000000000e+00
3.709415197372436523e-01 3.398559093475341797e-01 6.885170340538024902e-01 1.000000000000000000e+00
3.711585700511932373e-01 3.445191085338592529e-01 6.906525492668151855e-01 1.000000000000000000e+00
3.713812530040740967e-01 3.491712808609008789e-01 6.927370429039001465e-01 1.000000000000000000e+00
3.716113269329071045e-01 3.538121283054351807e-01 6.947715282440185547e-01 1.000000000000000000e+00
3.718506097793579102e-01 3.584414720535278320e-01 6.967569589614868164e-01 1.000000000000000000e+00
3.721008896827697754e-01 3.630591034889221191e-01 6.986943483352661133e-01 1.000000000000000000e+00
3.723639845848083496e-01 3.676647841930389404e-01 7.005846500396728516e-01 1.000000000000000000e+00
3.726416528224945068e-01 3.722583353519439697e-01 7.024287581443786621e-01 1.000000000000000000e+00
3.729357719421386719e-01 3.768396377563476562e-01 7.042275667190551758e-01 1.000000000000000000e+00
3.732481598854064941e-01 3.814084827899932861e-01 7.059820294380187988e-01 1.000000000000000000e+00
3.735806345939636230e-01 3.859647512435913086e-01 7.076929807662963867e-01 1.000000000000000000e+00
3.739349842071533203e-01 3.905082643032073975e-01 7.093613147735595703e-01 1.000000000000000000e+00
3.743131458759307861e-01 3.950389623641967773e-01 7.109879851341247559e-01 1.000000000000000000e+00
3.747168481349945068e-01 3.995566368103027344e-01 7.125737071037292480e-01 1.000000000000000000e+00
3.751480281352996826e-01 4.040612578392028809e-01 7.141193747520446777e-01 1.000000000000000000e+00
3.756084740161895752e-01 4.085526764392852783e-01 7.156258225440979004e-01 1.000000000000000000e+00
3.761000037193298340e-01 4.130308032035827637e-01 7.170939445495605469e-01 1.000000000000000000e+00
3.766244947910308838e-01 4.174955487251281738e-01 7.185245752334594727e-01 1.000000000000000000e+00
3.771837055683135986e-01 4.219467937946319580e-01 7.199184298515319824e-01 1.000000000000000000e+00
3.777794837951660156e-01 4.263845086097717285e-01 7.212764024734497070e-01 1.000000000000000000e+00
3.784136474132537842e-01 4.308086037635803223e-01 7.225993275642395020e-01 1.000000000000000000e+00
3.790878951549530029e-01 4.352189898490905762e-01 7.238879799842834473e-01 1.000000000000000000e+00
3.798040449619293213e-01 4.396155774593353271e-01 7.251432538032531738e-01 1.000000000000000000e+00
3.805637955665588379e-01 4.439983665943145752e-01 7.263658642768859863e-01 1.000000000000000000e+00
3.813688755035400391e-01 4.483672678470611572e-01 7.275567054748535156e-01 1.000000000000000000e+00
3.822209537029266357e-01 4.527222514152526855e-01 7.287165522575378418e-01 1.000000000000000000e+00
3.831216692924499512e-01 4.570632278919219971e-01 7.298462390899658203e-01 1.000000000000000000e+00
3.840726912021636963e-01 4.613901972770690918e-01 7.309466600418090820e-01 1.000000000000000000e+00
3.850755691528320312e-01 4.657030701637268066e-01 7.320185303688049316e-01 1.000000000000000000e+00
3.861318528652191162e-01 4.700018465518951416e-01 7.330628037452697754e-01 1.000000000000000000e+00
3.872430026531219482e-01 4.742864668369293213e-01 7.340801954269409180e-01 1.000000000000000000e+00
3.884105384349822998e-01 4.785569012165069580e-01 7.350715994834899902e-01 1.000000000000000000e+00
3.896358013153076172e-01 4.828131794929504395e-01 7.360378503799438477e-01 1.000000000000000000e+00
3.909201622009277344e-01 4.870552122592926025e-01 7.369797825813293457e-01 1.000000000000000000e+00
3.922649621963500977e-01 4.912829995155334473e-01 7.378982305526733398e-01 1.000000000000000000e+00
3.936713635921478271e-01 4.954965710639953613e-01 7.387940883636474609e-01 1.000000000000000000e+00
3.951405882835388184e-01 4.996958673000335693e-01 7.396681904792785645e-01 1.000000000000000000e+00
3.966737389564514160e-01 5.038809180259704590e-01 7.405213713645935059e-01 1.000000000000000000e+00
3.982719182968139648e-01 5.080516934394836426e-01 7.413545250892639160e-01 1.000000000000000000e+00
3.999360799789428711e-01 5.122081637382507324e-01 7.421684265136718750e-01 1.000000000000000000e+00
4.016671478748321533e-01 5.163504481315612793e-01 7.429640293121337891e-01 1.000000000000000000e+00
4.034660160541534424e-01 5.204784870147705078e-01 7.437421679496765137e-01 1.000000000000000000e+00
4.053334295749664307e-01 5.245922803878784180e-01 7.445036768913269043e-01 1.000000000000000000e+00
4.072701930999755859e-01 5.286918878555297852e-01 7.452494502067565918e-01 1.000000000000000000e+00
4.092769026756286621e-01 5.327773094177246094e-01 7.459803223609924316e-01 1.000000000000000000e+00
4.113541543483734131e-01 5.368486046791076660e-01 7.466971278190612793e-01 1.000000000000000000e+00
4.135024547576904297e-01 5.409057736396789551e-01 7.474007606506347656e-01 1.000000000000000000e+00
4.157223403453826904e-01 5.449488162994384766e-01 7.480920553207397461e-01 1.000000000000000000e+00
4.180141389369964600e-01 5.489778518676757812e-01 7.487719058990478516e-01 1.000000000000000000e+00
4.203782379627227783e-01 5.529928803443908691e-01 7.494412660598754883e-01 1.000000000000000000e+00
4.228148460388183594e-01 5.569939017295837402e-01 7.501008510589599609e-01 1.000000000000000000e+00
4.253242313861846924e-01 5.609810352325439453e-01 7.507516741752624512e-01 1.000000000000000000e+00
4.279065132141113281e-01 5.649542808532714844e-01 7.513944506645202637e-01 1.000000000000000000e+00
4.305617809295654297e-01 5.689137578010559082e-01 7.520300745964050293e-01 1.000000000000000000e+00
4.332900941371917725e-01 5.728594064712524414e-01 7.526594400405883789e-01 1.000000000000000000e+00
4.360913932323455811e-01 5.767914056777954102e-01 7.532833814620971680e-01 1.000000000000000000e+00
4.389656484127044678e-01 5.807096958160400391e-01 7.539027333259582520e-01 1.000000000000000000e+00
4.419127106666564941e-01 5.846143960952758789e-01 7.545183897018432617e-01 1.000000000000000000e+00
4.449324607849121094e-01 5.885056257247924805e-01 7.551311254501342773e-01 1.000000000000000000e+00
4.480247199535369873e-01 5.923833250999450684e-01 7.557417750358581543e-01 1.000000000000000000e+00
4.511891901493072510e-01 5.962476134300231934e-01 7.563512325286865234e-01 1.000000000000000000e+00
4.544256329536437988e-01 6.000986099243164062e-01 7.569601535797119141e-01 1.000000000000000000e+00
4.577337801456451416e-01 6.039363145828247070e-01 7.575693726539611816e-01 1.000000000000000000e+00
4.611132740974426270e-01 6.077607870101928711e-01 7.581798434257507324e-01 1.000000000000000000e+00
4.645637571811676025e-01 6.115720868110656738e-01 7.587924003601074219e-01 1.000000000000000000e+00
4.680849015712738037e-01 6.153702735900878906e-01 7.594078779220581055e-01 1.000000000000000000e+00
4.716762900352478027e-01 6.191554069519042969e-01 7.600271105766296387e-01 1.000000000000000000e+00
4.753375351428985596e-01 6.229275465011596680e-01 7.606508731842041016e-01 1.000000000000000000e+00
4.790681600570678711e-01 6.266867518424987793e-01 7.612800002098083496e-01 1.000000000000000000e+00
4.828677773475646973e-01 6.304330229759216309e-01 7.619153857231140137e-01 1.000000000000000000e+00
4.867359697818756104e-01 6.341664791107177734e-01 7.625578045845031738e-01 1.000000000000000000e+00
4.906722605228424072e-01 6.378870606422424316e-01 7.632081508636474609e-01 1.000000000000000000e+00
4.946761727333068848e-01 6.415948271751403809e-01 7.638671994209289551e-01 1.000000000000000000e+00
4.987473487854003906e-01 6.452898979187011719e-01 7.645357847213745117e-01 1.000000000000000000e+00
5.028853416442871094e-01 6.489721536636352539e-01 7.652144432067871094e-01 1.000000000000000000e+00
5.070896744728088379e-01 6.526417136192321777e-01 7.659044861793518066e-01 1.000000000000000000e+00
5.113599300384521484e-01 6.562985181808471680e-01 7.666066288948059082e-01 1.000000000000000000e+00
5.156955718994140625e-01 6.599426269531250000e-01 7.673219442367553711e-01 1.000000000000000000e+00
5.200963020324707031e-01 6.635739207267761230e-01 7.680512070655822754e-01 1.000000000000000000e+00
5.245615243911743164e-01 6.671924591064453125e-01 7.687954306602478027e-01 1.000000000000000000e+00
5.290908813476562500e-01 6.707981228828430176e-01 7.695555090904235840e-01 1.000000000000000000e+00
5.336838960647583008e-01 6.743909120559692383e-01 7.703325152397155762e-01 1.000000000000000000e+00
5.383401513099670410e-01 6.779708266258239746e-01 7.711273431777954102e-01 1.000000000000000000e+00
5.430593490600585938e-01 6.815376877784729004e-01 7.719407677650451660e-01 1.000000000000000000e+00
5.478409528732299805e-01 6.850914359092712402e-01 7.727738618850708008e-01 1.000000000000000000e+00
5.526844859123229980e-01 6.886319518089294434e-01 7.736279368400573730e-01 1.000000000000000000e+00
5.575894117355346680e-01 6.921591162681579590e-01 7.745041251182556152e-01 1.000000000000000000e+00
5.625551342964172363e-01 6.956728100776672363e-01 7.754036188125610352e-01 1.000000000000000000e+00
5.675811767578125000e-01 6.991727948188781738e-01 7.763274908065795898e-01 1.000000000000000000e+00
5.726668834686279297e-01 7.026589512825012207e-01 7.772770524024963379e-01 1.000000000000000000e+00
5.778116583824157715e-01 7.061310410499572754e-01 7.782534360885620117e-01 1.000000000000000000e+00
5.830148458480834961e-01 7.095888853073120117e-01 7.792578339576721191e-01 1.000000000000000000e+00
5.882757902145385742e-01 7.130321264266967773e-01 7.802914381027221680e-01 1.000000000000000000e+00
5.935933589935302734e-01 7.164605855941772461e-01 7.813558578491210938e-01 1.000000000000000000e+00
5.989665985107421875e-01 7.198739647865295410e-01 7.824525833129882812e-01 1.000000000000000000e+00
6.043943166732788086e-01 7.232718467712402344e-01 7.835829854011535645e-01 1.000000000000000000e+00
6.098754405975341797e-01 7.266539931297302246e-01 7.847483754158020020e-01 1.000000000000000000e+00
6.154084801673889160e-01 7.300199270248413086e-01 7.859502434730529785e-01 1.000000000000000000e+00
6.209919452667236328e-01 7.333693504333496094e-01 7.871899604797363281e-01 1.000000000000000000e+00
6.266240477561950684e-01 7.367017269134521484e-01 7.884690165519714355e-01 1.000000000000000000e+00
6.323027014732360840e-01 7.400166988372802734e-01 7.897889018058776855e-01 1.000000000000000000e+00
6.380258798599243164e-01 7.433137893676757812e-01 7.911509871482849121e-01 1.000000000000000000e+00
6.437910795211791992e-01 7.465924024581909180e-01 7.925565242767333984e-01 1.000000000000000000e+00
6.495957374572753906e-01 7.498520016670227051e-01 7.940067648887634277e-01 1.000000000000000000e+00
6.554369330406188965e-01 7.530921101570129395e-01 7.955027222633361816e-01 1.000000000000000000e+00
6.613112688064575195e-01 7.563120126724243164e-01 7.970455884933471680e-01 1.000000000000000000e+00
6.672148108482360840e-01 7.595112919807434082e-01 7.986367344856262207e-01 1.000000000000000000e+00
6.731442213058471680e-01 7.626891136169433594e-01 8.002762794494628906e-01 1.000000000000000000e+00
6.790955662727355957e-01 7.658447027206420898e-01 8.019646406173706055e-01 1.000000000000000000e+00
6.850644350051879883e-01 7.689774036407470703e-01 8.037020564079284668e-01 1.000000000000000000e+00
6.910464167594909668e-01 7.720863223075866699e-01 8.054884076118469238e-01 1.000000000000000000e+00
6.970365643501281738e-01 7.751705050468444824e-01 8.073233366012573242e-01 1.000000000000000000e+00
7.030297517776489258e-01 7.782290577888488770e-01 8.092061877250671387e-01 1.000000000000000000e+00
7.090207934379577637e-01 7.812609076499938965e-01 8.111359477043151855e-01 1.000000000000000000e+00
7.150040268898010254e-01 7.842648625373840332e-01 8.131111860275268555e-01 1.000000000000000000e+00
7.209728360176086426e-01 7.872399687767028809e-01 8.151307106018066406e-01 1.000000000000000000e+00
7.269217967987060547e-01 7.901846766471862793e-01 8.171921968460083008e-01 1.000000000000000000e+00
7.328454256057739258e-01 7.930974364280700684e-01 8.192926049232482910e-01 1.000000000000000000e+00
7.387377023696899414e-01 7.959766387939453125e-01 8.214292526245117188e-01 1.000000000000000000e+00
7.445924878120422363e-01 7.988204956054687500e-01 8.235986828804016113e-01 1.000000000000000000e+00
7.504034638404846191e-01 8.016269803047180176e-01 8.257973790168762207e-01 1.000000000000000000e+00
7.561644315719604492e-01 8.043940663337707520e-01 8.280214071273803711e-01 1.000000000000000000e+00
7.618690729141235352e-01 8.071194887161254883e-01 8.302664756774902344e-01 1.000000000000000000e+00
7.675110697746276855e-01 8.098007440567016602e-01 8.325281739234924316e-01 1.000000000000000000e+00
7.730841636657714844e-01 8.124352693557739258e-01 8.348017334938049316e-01 1.000000000000000000e+00
7.785789370536804199e-01 8.150209188461303711e-01 8.370834589004516602e-01 1.000000000000000000e+00
7.839910387992858887e-01 8.175542354583740234e-01 8.393674492835998535e-01 1.000000000000000000e+00
7.893144488334655762e-01 8.200321197509765625e-01 8.416486382484436035e-01 1.000000000000000000e+00
7.945430278778076172e-01 8.224511742591857910e-01 8.439218401908874512e-01 1.000000000000000000e+00
7.996707558631896973e-01 8.248078227043151855e-01 8.461821079254150391e-01 1.000000000000000000e+00
8.046916723251342773e-01 8.270983695983886719e-01 8.484244942665100098e-01 1.000000000000000000e+00
8.095999956130981445e-01 8.293189406394958496e-01 8.506444096565246582e-01 1.000000000000000000e+00
8.143898248672485352e-01 8.314656019210815430e-01 8.528375625610351562e-01 1.000000000000000000e+00
8.190465569496154785e-01 8.335365056991577148e-01 8.550020456314086914e-01 1.000000000000000000e+00
8.235743045806884766e-01 8.355248570442199707e-01 8.571318984031677246e-01 1.000000000000000000e+00
8.279689550399780273e-01 8.374260067939758301e-01 8.592240214347839355e-01 1.000000000000000000e+00
8.322270512580871582e-01 8.392348885536193848e-01 8.612756133079528809e-01 1.000000000000000000e+00
8.363403081893920898e-01 8.409479856491088867e-01 8.632853031158447266e-01 1.000000000000000000e+00
8.403041958808898926e-01 8.425605893135070801e-01 8.652508854866027832e-01 1.000000000000000000e+00
8.441261649131774902e-01 8.440648317337036133e-01 8.671697378158569336e-01 1.000000000000000000e+00
8.478071093559265137e-01 8.454546332359313965e-01 8.690403699874877930e-01 1.000000000000000000e+00
8.513371348381042480e-01 8.467273712158203125e-01 8.708608150482177734e-01 1.000000000000000000e+00
8.547259569168090820e-01 8.478748798370361328e-01 8.726282715797424316e-01 1.000000000000000000e+00
8.579825758934020996e-01 8.488893508911132812e-01 8.743404150009155273e-01 1.000000000000000000e+00
8.611024618148803711e-01 8.497675657272338867e-01 8.759924173355102539e-01 1.000000000000000000e+00
8.640898466110229492e-01 8.505039215087890625e-01 8.775792717933654785e-01 1.000000000000000000e+00
8.669601678848266602e-01 8.510895967483520508e-01 8.790976405143737793e-01 1.000000000000000000e+00
8.697047233581542969e-01 8.515240550041198730e-01 8.805388212203979492e-01 1.000000000000000000e+00
8.723313212394714355e-01 8.518016338348388672e-01 8.818970322608947754e-01 1.000000000000000000e+00
8.748534917831420898e-01 8.519152402877807617e-01 8.831692934036254883e-01 1.000000000000000000e+00
8.772488236427307129e-01 8.518702983856201172e-01 8.843411803245544434e-01 1.000000000000000000e+00
8.795410394668579102e-01 8.516567349433898926e-01 8.854143619537353516e-01 1.000000000000000000e+00
8.817223310470581055e-01 8.512759208679199219e-01 8.863805532455444336e-01 1.000000000000000000e+00
8.837851881980895996e-01 8.507294058799743652e-01 8.872322440147399902e-01 1.000000000000000000e+00
8.857501745223999023e-01 8.500092625617980957e-01 8.879736661911010742e-01 1.000000000000000000e+00
8.857115507125854492e-01 8.500218391418457031e-01 8.857253789901733398e-01 1.000000000000000000e+00
