2.670040130615234375e-01 4.873999860137701035e-03 3.294149935245513916e-01 1.000000000000000000e+00
2.685100138187408447e-01 9.604999795556068420e-03 3.354269862174987793e-01 1.000000000000000000e+00
2.699440121650695801e-01 1.462499983608722687e-02 3.413789868354797363e-01 1.000000000000000000e+00
2.713049948215484619e-01 1.994200050830841064e-02 3.472689986228942871e-01 1.000000000000000000e+00
2.725940048694610596e-01 2.556299977004528046e-02 3.530929982662200928e-01 1.000000000000000000e+00
2.738089859485626221e-01 3.149700164794921875e-02 3.588530123233795166e-01 1.000000000000000000e+00
2.749519944190979004e-01 3.775199875235557556e-02 3.645429909229278564e-01 1.000000000000000000e+00
2.760219871997833252e-01 4.416700080037117004e-02 3.701640069484710693e-01 1.000000000000000000e+00
2.770180106163024902e-01 5.034400150179862976e-02 3.757149875164031982e-01 1.000000000000000000e+00
2.779409885406494141e-01 5.632400140166282654e-02 3.811909854412078857e-01 1.000000000000000000e+00
2.787910103797912598e-01 6.214499846100807190e-02 3.865920007228851318e-01 1.000000000000000000e+00
2.795659899711608887e-01 6.783600151538848877e-02 3.919169902801513672e-01 1.000000000000000000e+00
2.802670001983642578e-01 7.341700047254562378e-02 3.971630036830902100e-01 1.000000000000000000e+00
2.808940112590789795e-01 7.890699803829193115e-02 4.023289978504180908e-01 1.000000000000000000e+00
2.814460098743438721e-01 8.432000130414962769e-02 4.074139893054962158e-01 1.000000000000000000e+00
2.819240093231201172e-01 8.966600149869918823e-02 4.124149978160858154e-01 1.000000000000000000e+00
2.823269963264465332e-01 9.495499730110168457e-02 4.173310101032257080e-01 1.000000000000000000e+00
2.826560139656066895e-01 1.001959964632987976e-01 4.221599996089935303e-01 1.000000000000000000e+00
2.829099893569946289e-01 1.053929999470710754e-01 4.269019961357116699e-01 1.000000000000000000e+00
2.830910086631774902e-01 1.105529963970184326e-01 4.315539896488189697e-01 1.000000000000000000e+00
2.831969857215881348e-01 1.156800016760826111e-01 4.361149966716766357e-01 1.000000000000000000e+00
2.832289934158325195e-01 1.207770034670829773e-01 4.405840039253234863e-01 1.000000000000000000e+00
2.831870019435882568e-01 1.258479952812194824e-01 4.449599981307983398e-01 1.000000000000000000e+00
2.830719947814941406e-01 1.308950036764144897e-01 4.492410123348236084e-01 1.000000000000000000e+00
2.828840017318725586e-01 1.359200030565261841e-01 4.534269869327545166e-01 1.000000000000000000e+00
2.826229929924011230e-01 1.409260034561157227e-01 4.575169980525970459e-01 1.000000000000000000e+00
2.822900116443634033e-01 1.459120064973831177e-01 4.615100026130676270e-01 1.000000000000000000e+00
2.818869948387145996e-01 1.508810073137283325e-01 4.654049873352050781e-01 1.000000000000000000e+00
2.814120054244995117e-01 1.558340042829513550e-01 4.692009985446929932e-01 1.000000000000000000e+00
2.808679938316345215e-01 1.607709974050521851e-01 4.728989899158477783e-01 1.000000000000000000e+00
2.802549898624420166e-01 1.656929999589920044e-01 4.764980077743530273e-01 1.000000000000000000e+00
2.795740067958831787e-01 1.705989986658096313e-01 4.799970090389251709e-01 1.000000000000000000e+00
2.788259983062744141e-01 1.754900068044662476e-01 4.833970069885253906e-01 1.000000000000000000e+00
2.780120074748992920e-01 1.803669929504394531e-01 4.866969883441925049e-01 1.000000000000000000e+00
2.771340012550354004e-01 1.852280050516128540e-01 4.898979961872100830e-01 1.000000000000000000e+00
2.761940062046051025e-01 1.900739967823028564e-01 4.930010139942169189e-01 1.000000000000000000e+00
2.751910090446472168e-01 1.949049979448318481e-01 4.960049986839294434e-01 1.000000000000000000e+00
2.741279900074005127e-01 1.997209936380386353e-01 4.989109933376312256e-01 1.000000000000000000e+00
2.730059921741485596e-01 2.045200020074844360e-01 5.017210245132446289e-01 1.000000000000000000e+00
2.718279957771301270e-01 2.093030065298080444e-01 5.044339895248413086e-01 1.000000000000000000e+00
2.705950140953063965e-01 2.140689939260482788e-01 5.070520043373107910e-01 1.000000000000000000e+00
2.693080008029937744e-01 2.188179939985275269e-01 5.095769762992858887e-01 1.000000000000000000e+00
2.679679989814758301e-01 2.235489934682846069e-01 5.120080113410949707e-01 1.000000000000000000e+00
2.665799856185913086e-01 2.282620072364807129e-01 5.143489837646484375e-01 1.000000000000000000e+00
2.651450037956237793e-01 2.329560071229934692e-01 5.165989995002746582e-01 1.000000000000000000e+00
2.636629939079284668e-01 2.376309931278228760e-01 5.187619924545288086e-01 1.000000000000000000e+00
2.621380090713500977e-01 2.422859966754913330e-01 5.208370089530944824e-01 1.000000000000000000e+00
2.605710029602050781e-01 2.469220012426376343e-01 5.228279829025268555e-01 1.000000000000000000e+00
2.589649856090545654e-01 2.515369951725006104e-01 5.247359871864318848e-01 1.000000000000000000e+00
2.573220133781433105e-01 2.561300098896026611e-01 5.265629887580871582e-01 1.000000000000000000e+00
2.556450068950653076e-01 2.607029974460601807e-01 5.283120274543762207e-01 1.000000000000000000e+00
2.539350092411041260e-01 2.652539908885955811e-01 5.299829840660095215e-01 1.000000000000000000e+00
2.521939873695373535e-01 2.697829902172088623e-01 5.315790176391601562e-01 1.000000000000000000e+00
2.504250109195709229e-01 2.742899954319000244e-01 5.331029891967773438e-01 1.000000000000000000e+00
2.486290037631988525e-01 2.787750065326690674e-01 5.345559716224670410e-01 1.000000000000000000e+00
2.468110024929046631e-01 2.832370102405548096e-01 5.359410047531127930e-01 1.000000000000000000e+00
2.449720054864883423e-01 2.876749932765960693e-01 5.372599959373474121e-01 1.000000000000000000e+00
2.431129962205886841e-01 2.920919954776763916e-01 5.385159850120544434e-01 1.000000000000000000e+00
2.412369996309280396e-01 2.964850068092346191e-01 5.397089719772338867e-01 1.000000000000000000e+00
2.393459975719451904e-01 3.008550107479095459e-01 5.408440232276916504e-01 1.000000000000000000e+00
2.374410033226013184e-01 3.052020072937011719e-01 5.419210195541381836e-01 1.000000000000000000e+00
2.355259954929351807e-01 3.095270097255706787e-01 5.429440140724182129e-01 1.000000000000000000e+00
2.336030006408691406e-01 3.138279914855957031e-01 5.439140200614929199e-01 1.000000000000000000e+00
2.316740006208419800e-01 3.181059956550598145e-01 5.448340177536010742e-01 1.000000000000000000e+00
2.297389954328536987e-01 3.223609924316406250e-01 5.457059741020202637e-01 1.000000000000000000e+00
2.278019934892654419e-01 3.265939950942993164e-01 5.465319752693176270e-01 1.000000000000000000e+00
2.258629947900772095e-01 3.308050036430358887e-01 5.473139882087707520e-01 1.000000000000000000e+00
2.239249944686889648e-01 3.349939882755279541e-01 5.480530261993408203e-01 1.000000000000000000e+00
2.219890058040618896e-01 3.391610085964202881e-01 5.487520098686218262e-01 1.000000000000000000e+00
2.200569957494735718e-01 3.433069884777069092e-01 5.494130253791809082e-01 1.000000000000000000e+00
2.181300073862075806e-01 3.474319875240325928e-01 5.500379800796508789e-01 1.000000000000000000e+00
2.162099927663803101e-01 3.515349924564361572e-01 5.506269931793212891e-01 1.000000000000000000e+00
2.142979949712753296e-01 3.556190133094787598e-01 5.511839985847473145e-01 1.000000000000000000e+00
2.123949974775314331e-01 3.596830070018768311e-01 5.517100095748901367e-01 1.000000000000000000e+00
2.105029970407485962e-01 3.637270033359527588e-01 5.522059798240661621e-01 1.000000000000000000e+00
2.086230069398880005e-01 3.677519857883453369e-01 5.526750087738037109e-01 1.000000000000000000e+00
2.067559957504272461e-01 3.717580139636993408e-01 5.531169772148132324e-01 1.000000000000000000e+00
2.049030065536499023e-01 3.757460117340087891e-01 5.535330176353454590e-01 1.000000000000000000e+00
2.030629962682723999e-01 3.797160089015960693e-01 5.539249777793884277e-01 1.000000000000000000e+00
2.012390047311782837e-01 3.836700022220611572e-01 5.542939901351928711e-01 1.000000000000000000e+00
1.994300037622451782e-01 3.876070082187652588e-01 5.546420216560363770e-01 1.000000000000000000e+00
1.976359933614730835e-01 3.915280103683471680e-01 5.549690127372741699e-01 1.000000000000000000e+00
1.958599984645843506e-01 3.954330086708068848e-01 5.552759766578674316e-01 1.000000000000000000e+00
1.941000074148178101e-01 3.993229866027832031e-01 5.555649995803833008e-01 1.000000000000000000e+00
1.923570036888122559e-01 4.031989872455596924e-01 5.558360219001770020e-01 1.000000000000000000e+00
1.906310021877288818e-01 4.070610105991363525e-01 5.560889840126037598e-01 1.000000000000000000e+00
1.889230012893676758e-01 4.109100103378295898e-01 5.563259720802307129e-01 1.000000000000000000e+00
1.872310042381286621e-01 4.147459864616394043e-01 5.565469861030578613e-01 1.000000000000000000e+00
1.855559945106506348e-01 4.185700118541717529e-01 5.567529797554016113e-01 1.000000000000000000e+00
1.838980019092559814e-01 4.223830103874206543e-01 5.569440126419067383e-01 1.000000000000000000e+00
1.822559982538223267e-01 4.261839985847473145e-01 5.571200251579284668e-01 1.000000000000000000e+00
1.806290000677108765e-01 4.299750030040740967e-01 5.572819709777832031e-01 1.000000000000000000e+00
1.790190041065216064e-01 4.337559938430786133e-01 5.574300289154052734e-01 1.000000000000000000e+00
1.774230003356933594e-01 4.375270009040832520e-01 5.575649738311767578e-01 1.000000000000000000e+00
1.758410036563873291e-01 4.412899911403656006e-01 5.576850175857543945e-01 1.000000000000000000e+00
1.742739975452423096e-01 4.450440108776092529e-01 5.577920079231262207e-01 1.000000000000000000e+00
1.727190017700195312e-01 4.487909972667694092e-01 5.578849911689758301e-01 1.000000000000000000e+00
1.711760014295578003e-01 4.525299966335296631e-01 5.579649806022644043e-01 1.000000000000000000e+00
1.696459949016571045e-01 4.562619924545288086e-01 5.580300092697143555e-01 1.000000000000000000e+00
1.681260019540786743e-01 4.599879980087280273e-01 5.580819845199584961e-01 1.000000000000000000e+00
1.666170060634613037e-01 4.637080132961273193e-01 5.581189990043640137e-01 1.000000000000000000e+00
1.651169955730438232e-01 4.674229919910430908e-01 5.581409931182861328e-01 1.000000000000000000e+00
1.636250019073486328e-01 4.711329936981201172e-01 5.581480264663696289e-01 1.000000000000000000e+00
1.621419936418533325e-01 4.748379886150360107e-01 5.581399798393249512e-01 1.000000000000000000e+00
1.606650054454803467e-01 4.785400032997131348e-01 5.581150054931640625e-01 1.000000000000000000e+00
1.591939926147460938e-01 4.822370111942291260e-01 5.580729842185974121e-01 1.000000000000000000e+00
1.577289998531341553e-01 4.859319925308227539e-01 5.580130219459533691e-01 1.000000000000000000e+00
1.562699973583221436e-01 4.896239936351776123e-01 5.579360127449035645e-01 1.000000000000000000e+00
1.548150032758712769e-01 4.933130145072937012e-01 5.578399896621704102e-01 1.000000000000000000e+00
1.533640027046203613e-01 4.970000088214874268e-01 5.577239990234375000e-01 1.000000000000000000e+00
1.519179940223693848e-01 5.006849765777587891e-01 5.575870275497436523e-01 1.000000000000000000e+00
1.504759937524795532e-01 5.043690204620361328e-01 5.574300289154052734e-01 1.000000000000000000e+00
1.490390002727508545e-01 5.080509781837463379e-01 5.572500228881835938e-01 1.000000000000000000e+00
1.476069986820220947e-01 5.117329955101013184e-01 5.570489764213562012e-01 1.000000000000000000e+00
1.461800038814544678e-01 5.154129862785339355e-01 5.568230152130126953e-01 1.000000000000000000e+00
1.447589993476867676e-01 5.190929770469665527e-01 5.565720200538635254e-01 1.000000000000000000e+00
1.433430016040802002e-01 5.227730274200439453e-01 5.562949776649475098e-01 1.000000000000000000e+00
1.419350057840347290e-01 5.264530181884765625e-01 5.559909939765930176e-01 1.000000000000000000e+00
1.405359953641891479e-01 5.301319956779479980e-01 5.556589961051940918e-01 1.000000000000000000e+00
1.391469985246658325e-01 5.338119864463806152e-01 5.552979707717895508e-01 1.000000000000000000e+00
1.377699971199035645e-01 5.374919772148132324e-01 5.549060106277465820e-01 1.000000000000000000e+00
1.364080011844635010e-01 5.411729812622070312e-01 5.544829964637756348e-01 1.000000000000000000e+00
1.350660026073455811e-01 5.448529720306396484e-01 5.540289878845214844e-01 1.000000000000000000e+00
1.337430030107498169e-01 5.485349893569946289e-01 5.535410046577453613e-01 1.000000000000000000e+00
1.324439942836761475e-01 5.522159934043884277e-01 5.530179738998413086e-01 1.000000000000000000e+00
1.311720013618469238e-01 5.558990240097045898e-01 5.524590015411376953e-01 1.000000000000000000e+00
1.299329996109008789e-01 5.595819950103759766e-01 5.518640279769897461e-01 1.000000000000000000e+00
1.287290006875991821e-01 5.632650256156921387e-01 5.512290000915527344e-01 1.000000000000000000e+00
1.275680065155029297e-01 5.669490098953247070e-01 5.505560040473937988e-01 1.000000000000000000e+00
1.264529973268508911e-01 5.706329941749572754e-01 5.498409867286682129e-01 1.000000000000000000e+00
1.253940016031265259e-01 5.743179917335510254e-01 5.490859746932983398e-01 1.000000000000000000e+00
1.243949979543685913e-01 5.780019760131835938e-01 5.482869744300842285e-01 1.000000000000000000e+00
1.234629973769187927e-01 5.816869735717773438e-01 5.474449992179870605e-01 1.000000000000000000e+00
1.226060017943382263e-01 5.853710174560546875e-01 5.465570092201232910e-01 1.000000000000000000e+00
1.218309998512268066e-01 5.890550017356872559e-01 5.456230044364929199e-01 1.000000000000000000e+00
1.211479976773262024e-01 5.927389860153198242e-01 5.446410179138183594e-01 1.000000000000000000e+00
1.205649971961975098e-01 5.964220166206359863e-01 5.436109900474548340e-01 1.000000000000000000e+00
1.200919970870018005e-01 6.001039743423461914e-01 5.425300002098083496e-01 1.000000000000000000e+00
1.197379976511001587e-01 6.037849783897399902e-01 5.414000153541564941e-01 1.000000000000000000e+00
1.195119991898536682e-01 6.074640154838562012e-01 5.402179956436157227e-01 1.000000000000000000e+00
1.194230020046234131e-01 6.111410260200500488e-01 5.389819741249084473e-01 1.000000000000000000e+00
1.194830015301704407e-01 6.148170232772827148e-01 5.376920104026794434e-01 1.000000000000000000e+00
1.196990013122558594e-01 6.184899806976318359e-01 5.363469719886779785e-01 1.000000000000000000e+00
1.200810000300407410e-01 6.221609711647033691e-01 5.349460244178771973e-01 1.000000000000000000e+00
1.206379979848861694e-01 6.258280277252197266e-01 5.334879755973815918e-01 1.000000000000000000e+00
1.213800013065338135e-01 6.294919848442077637e-01 5.319730043411254883e-01 1.000000000000000000e+00
1.223120018839836121e-01 6.331530213356018066e-01 5.303980112075805664e-01 1.000000000000000000e+00
1.234439983963966370e-01 6.368089914321899414e-01 5.287629961967468262e-01 1.000000000000000000e+00
1.247799992561340332e-01 6.404610276222229004e-01 5.270680189132690430e-01 1.000000000000000000e+00
1.263259947299957275e-01 6.441069841384887695e-01 5.253109931945800781e-01 1.000000000000000000e+00
1.280869990587234497e-01 6.477490067481994629e-01 5.234910249710083008e-01 1.000000000000000000e+00
1.300670057535171509e-01 6.513839960098266602e-01 5.216079950332641602e-01 1.000000000000000000e+00
1.322679966688156128e-01 6.550139784812927246e-01 5.196610093116760254e-01 1.000000000000000000e+00
1.346919983625411987e-01 6.586359739303588867e-01 5.176489949226379395e-01 1.000000000000000000e+00
1.373389959335327148e-01 6.622520089149475098e-01 5.155709981918334961e-01 1.000000000000000000e+00
1.402100026607513428e-01 6.658589839935302734e-01 5.134270191192626953e-01 1.000000000000000000e+00
1.433030068874359131e-01 6.694589853286743164e-01 5.112149715423583984e-01 1.000000000000000000e+00
1.466159969568252563e-01 6.730499863624572754e-01 5.089359879493713379e-01 1.000000000000000000e+00
1.501480042934417725e-01 6.766309738159179688e-01 5.065889954566955566e-01 1.000000000000000000e+00
1.538940072059631348e-01 6.802030205726623535e-01 5.041720271110534668e-01 1.000000000000000000e+00
1.578509956598281860e-01 6.837649941444396973e-01 5.016859769821166992e-01 1.000000000000000000e+00
1.620160043239593506e-01 6.873160004615783691e-01 4.991289973258972168e-01 1.000000000000000000e+00
1.663829982280731201e-01 6.908559799194335938e-01 4.965020120143890381e-01 1.000000000000000000e+00
1.709479987621307373e-01 6.943839788436889648e-01 4.938029944896697998e-01 1.000000000000000000e+00
1.757069975137710571e-01 6.978999972343444824e-01 4.910329878330230713e-01 1.000000000000000000e+00
1.806530058383941650e-01 7.014020085334777832e-01 4.881890118122100830e-01 1.000000000000000000e+00
1.857829988002777100e-01 7.048910260200500488e-01 4.852730035781860352e-01 1.000000000000000000e+00
1.910900026559829712e-01 7.083659768104553223e-01 4.822840094566345215e-01 1.000000000000000000e+00
1.965710073709487915e-01 7.118269801139831543e-01 4.792209863662719727e-01 1.000000000000000000e+00
2.022189944982528687e-01 7.152720093727111816e-01 4.760839939117431641e-01 1.000000000000000000e+00
2.080300003290176392e-01 7.187010049819946289e-01 4.728730022907257080e-01 1.000000000000000000e+00
2.140000015497207642e-01 7.221140265464782715e-01 4.695880115032196045e-01 1.000000000000000000e+00
2.201240062713623047e-01 7.255089879035949707e-01 4.662260115146636963e-01 1.000000000000000000e+00
2.263969928026199341e-01 7.288879752159118652e-01 4.627889990806579590e-01 1.000000000000000000e+00
2.328149974346160889e-01 7.322469949722290039e-01 4.592770040035247803e-01 1.000000000000000000e+00
2.393739968538284302e-01 7.355880141258239746e-01 4.556879997253417969e-01 1.000000000000000000e+00
2.460699975490570068e-01 7.389100193977355957e-01 4.520240128040313721e-01 1.000000000000000000e+00
2.528989911079406738e-01 7.422109842300415039e-01 4.482840001583099365e-01 1.000000000000000000e+00
2.598569989204406738e-01 7.454919815063476562e-01 4.444670081138610840e-01 1.000000000000000000e+00
2.669410109519958496e-01 7.487509846687316895e-01 4.405730068683624268e-01 1.000000000000000000e+00
2.741490006446838379e-01 7.519879937171936035e-01 4.366010129451751709e-01 1.000000000000000000e+00
2.814770042896270752e-01 7.552030086517333984e-01 4.325520098209381104e-01 1.000000000000000000e+00
2.889209985733032227e-01 7.583940029144287109e-01 4.284259974956512451e-01 1.000000000000000000e+00
2.964789867401123047e-01 7.615609765052795410e-01 4.242230057716369629e-01 1.000000000000000000e+00
3.041479885578155518e-01 7.647039890289306641e-01 4.199430048465728760e-01 1.000000000000000000e+00
3.119249939918518066e-01 7.678220272064208984e-01 4.155859947204589844e-01 1.000000000000000000e+00
3.198089897632598877e-01 7.709140181541442871e-01 4.111520051956176758e-01 1.000000000000000000e+00
3.277960121631622314e-01 7.739800214767456055e-01 4.066399931907653809e-01 1.000000000000000000e+00
3.358849883079528809e-01 7.770180106163024902e-01 4.020490050315856934e-01 1.000000000000000000e+00
3.440740108489990234e-01 7.800289988517761230e-01 3.973810076713562012e-01 1.000000000000000000e+00
3.523600101470947266e-01 7.830110192298889160e-01 3.926360011100769043e-01 1.000000000000000000e+00
3.607409894466400146e-01 7.859640121459960938e-01 3.878139853477478027e-01 1.000000000000000000e+00
3.692139983177185059e-01 7.888879776000976562e-01 3.829140067100524902e-01 1.000000000000000000e+00
3.777790069580078125e-01 7.917810082435607910e-01 3.779389858245849609e-01 1.000000000000000000e+00
3.864330053329467773e-01 7.946439981460571289e-01 3.728860020637512207e-01 1.000000000000000000e+00
3.951739966869354248e-01 7.974749803543090820e-01 3.677569925785064697e-01 1.000000000000000000e+00
4.040009975433349609e-01 8.002750277519226074e-01 3.625519871711730957e-01 1.000000000000000000e+00
4.129129946231842041e-01 8.030409812927246094e-01 3.572689890861511230e-01 1.000000000000000000e+00
4.219079911708831787e-01 8.057739734649658203e-01 3.519099950790405273e-01 1.000000000000000000e+00
4.309830069541931152e-01 8.084729909896850586e-01 3.464759886264801025e-01 1.000000000000000000e+00
4.401369988918304443e-01 8.111379742622375488e-01 3.409669995307922363e-01 1.000000000000000000e+00
4.493680000305175781e-01 8.137680292129516602e-01 3.353840112686157227e-01 1.000000000000000000e+00
4.586740136146545410e-01 8.163629770278930664e-01 3.297269940376281738e-01 1.000000000000000000e+00
4.680530130863189697e-01 8.189210295677185059e-01 3.239980041980743408e-01 1.000000000000000000e+00
4.775039851665496826e-01 8.214439749717712402e-01 3.181949853897094727e-01 1.000000000000000000e+00
4.870260059833526611e-01 8.239290118217468262e-01 3.123210072517395020e-01 1.000000000000000000e+00
4.966149926185607910e-01 8.263760209083557129e-01 3.063769936561584473e-01 1.000000000000000000e+00
5.062710046768188477e-01 8.287860155105590820e-01 3.003619909286499023e-01 1.000000000000000000e+00
5.159919857978820801e-01 8.311579823493957520e-01 2.942790091037750244e-01 1.000000000000000000e+00
5.257760286331176758e-01 8.334910273551940918e-01 2.881270051002502441e-01 1.000000000000000000e+00
5.356209874153137207e-01 8.357849717140197754e-01 2.819080054759979248e-01 1.000000000000000000e+00
5.455240011215209961e-01 8.380389809608459473e-01 2.756260037422180176e-01 1.000000000000000000e+00
5.554839968681335449e-01 8.402540087699890137e-01 2.692809998989105225e-01 1.000000000000000000e+00
5.654979944229125977e-01 8.424299955368041992e-01 2.628769874572753906e-01 1.000000000000000000e+00
5.755630135536193848e-01 8.445659875869750977e-01 2.564150094985961914e-01 1.000000000000000000e+00
5.856779813766479492e-01 8.466609716415405273e-01 2.498970031738281250e-01 1.000000000000000000e+00
5.958390235900878906e-01 8.487169742584228516e-01 2.433290034532546997e-01 1.000000000000000000e+00
6.060450077056884766e-01 8.507329821586608887e-01 2.367119938135147095e-01 1.000000000000000000e+00
6.162930130958557129e-01 8.527089953422546387e-01 2.300519943237304688e-01 1.000000000000000000e+00
6.265789866447448730e-01 8.546450138092041016e-01 2.233529984951019287e-01 1.000000000000000000e+00
6.369019746780395508e-01 8.565419912338256836e-01 2.166199982166290283e-01 1.000000000000000000e+00
6.472569704055786133e-01 8.583999872207641602e-01 2.098609954118728638e-01 1.000000000000000000e+00
6.576420068740844727e-01 8.602190017700195312e-01 2.030819952487945557e-01 1.000000000000000000e+00
6.680539846420288086e-01 8.619989752769470215e-01 1.962929964065551758e-01 1.000000000000000000e+00
6.784890294075012207e-01 8.637419939041137695e-01 1.895029991865158081e-01 1.000000000000000000e+00
6.889439821243286133e-01 8.654479980468750000e-01 1.827249974012374878e-01 1.000000000000000000e+00
6.994150280952453613e-01 8.671169877052307129e-01 1.759710013866424561e-01 1.000000000000000000e+00
7.098979949951171875e-01 8.687509894371032715e-01 1.692570000886917114e-01 1.000000000000000000e+00
7.203909754753112793e-01 8.703500032424926758e-01 1.626030057668685913e-01 1.000000000000000000e+00
7.308890223503112793e-01 8.719159960746765137e-01 1.560290008783340454e-01 1.000000000000000000e+00
7.413880228996276855e-01 8.734490275382995605e-01 1.495610028505325317e-01 1.000000000000000000e+00
7.518839836120605469e-01 8.749510049819946289e-01 1.432279944419860840e-01 1.000000000000000000e+00
7.623729705810546875e-01 8.764240145683288574e-01 1.370639950037002563e-01 1.000000000000000000e+00
7.728520035743713379e-01 8.778679966926574707e-01 1.311089992523193359e-01 1.000000000000000000e+00
7.833150029182434082e-01 8.792849779129028320e-01 1.254049986600875854e-01 1.000000000000000000e+00
7.937600016593933105e-01 8.806779980659484863e-01 1.200049966573715210e-01 1.000000000000000000e+00
8.041819930076599121e-01 8.820459842681884766e-01 1.149649992585182190e-01 1.000000000000000000e+00
8.145760297775268555e-01 8.833929896354675293e-01 1.103470027446746826e-01 1.000000000000000000e+00
8.249400258064270020e-01 8.847200274467468262e-01 1.062169969081878662e-01 1.000000000000000000e+00
8.352699875831604004e-01 8.860290050506591797e-01 1.026460006833076477e-01 1.000000000000000000e+00
8.455610275268554688e-01 8.873220086097717285e-01 9.970200061798095703e-02 1.000000000000000000e+00
8.558099865913391113e-01 8.886010050773620605e-01 9.745199978351593018e-02 1.000000000000000000e+00
8.660129904747009277e-01 8.898680210113525391e-01 9.595300257205963135e-02 1.000000000000000000e+00
8.761680126190185547e-01 8.911250233650207520e-01 9.525000303983688354e-02 1.000000000000000000e+00
8.862709999084472656e-01 8.923739790916442871e-01 9.537400305271148682e-02 1.000000000000000000e+00
8.963199853897094727e-01 8.936160206794738770e-01 9.633500128984451294e-02 1.000000000000000000e+00
9.063109755516052246e-01 8.948550224304199219e-01 9.812500327825546265e-02 1.000000000000000000e+00
9.162420034408569336e-01 8.960909843444824219e-01 1.007170006632804871e-01 1.000000000000000000e+00
9.261059761047363281e-01 8.973299860954284668e-01 1.040709987282752991e-01 1.000000000000000000e+00
9.359040260314941406e-01 8.985700011253356934e-01 1.081309989094734192e-01 1.000000000000000000e+00
9.456359744071960449e-01 8.998150229454040527e-01 1.128380000591278076e-01 1.000000000000000000e+00
9.552999734878540039e-01 9.010649919509887695e-01 1.181280016899108887e-01 1.000000000000000000e+00
9.648939967155456543e-01 9.023230075836181641e-01 1.239409968256950378e-01 1.000000000000000000e+00
9.744169712066650391e-01 9.035900235176086426e-01 1.302150040864944458e-01 1.000000000000000000e+00
9.838680028915405273e-01 9.048669934272766113e-01 1.368969976902008057e-01 1.000000000000000000e+00
9.932479858398437500e-01 9.061570167541503906e-01 1.439359933137893677e-01 1.000000000000000000e+00
