0.000000000000000000e+00 0.000000000000000000e+00 1.000000000000000000e+00 1.000000000000000000e+00
0.000000000000000000e+00 3.921568859368562698e-03 9.980391860008239746e-01 1.000000000000000000e+00
0.000000000000000000e+00 7.843137718737125397e-03 9.960784316062927246e-01 1.000000000000000000e+00
0.000000000000000000e+00 1.176470611244440079e-02 9.941176176071166992e-01 1.000000000000000000e+00
0.000000000000000000e+00 1.568627543747425079e-02 9.921568632125854492e-01 1.000000000000000000e+00
0.000000000000000000e+00 1.960784383118152618e-02 9.901960492134094238e-01 1.000000000000000000e+00
0.000000000000000000e+00 2.352941222488880157e-02 9.882352948188781738e-01 1.000000000000000000e+00
0.000000000000000000e+00 2.745098061859607697e-02 9.862744808197021484e-01 1.000000000000000000e+00
0.000000000000000000e+00 3.137255087494850159e-02 9.843137264251708984e-01 1.000000000000000000e+00
0.000000000000000000e+00 3.529411926865577698e-02 9.823529124259948730e-01 1.000000000000000000e+00
0.000000000000000000e+00 3.921568766236305237e-02 9.803921580314636230e-01 1.000000000000000000e+00
0.000000000000000000e+00 4.313725605607032776e-02 9.784313440322875977e-01 1.000000000000000000e+00
0.000000000000000000e+00 4.705882444977760315e-02 9.764705896377563477e-01 1.000000000000000000e+00
0.000000000000000000e+00 5.098039284348487854e-02 9.745097756385803223e-01 1.000000000000000000e+00
0.000000000000000000e+00 5.490196123719215393e-02 9.725490212440490723e-01 1.000000000000000000e+00
0.000000000000000000e+00 5.882352963089942932e-02 9.705882072448730469e-01 1.000000000000000000e+00
0.000000000000000000e+00 6.274510174989700317e-02 9.686274528503417969e-01 1.000000000000000000e+00
0.000000000000000000e+00 6.666667014360427856e-02 9.666666388511657715e-01 1.000000000000000000e+00
0.000000000000000000e+00 7.058823853731155396e-02 9.647058844566345215e-01 1.000000000000000000e+00
0.000000000000000000e+00 7.450980693101882935e-02 9.627450704574584961e-01 1.000000000000000000e+00
0.000000000000000000e+00 7.843137532472610474e-02 9.607843160629272461e-01 1.000000000000000000e+00
0.000000000000000000e+00 8.235294371843338013e-02 9.588235020637512207e-01 1.000000000000000000e+00
0.000000000000000000e+00 8.627451211214065552e-02 9.568627476692199707e-01 1.000000000000000000e+00
0.000000000000000000e+00 9.019608050584793091e-02 9.549019336700439453e-01 1.000000000000000000e+00
0.000000000000000000e+00 9.411764889955520630e-02 9.529411792755126953e-01 1.000000000000000000e+00
0.000000000000000000e+00 9.803921729326248169e-02 9.509803652763366699e-01 1.000000000000000000e+00
0.000000000000000000e+00 1.019607856869697571e-01 9.490196108818054199e-01 1.000000000000000000e+00
0.000000000000000000e+00 1.058823540806770325e-01 9.470587968826293945e-01 1.000000000000000000e+00
0.000000000000000000e+00 1.098039224743843079e-01 9.450980424880981445e-01 1.000000000000000000e+00
0.000000000000000000e+00 1.137254908680915833e-01 9.431372284889221191e-01 1.000000000000000000e+00
0.000000000000000000e+00 1.176470592617988586e-01 9.411764740943908691e-01 1.000000000000000000e+00
0.000000000000000000e+00 1.215686276555061340e-01 9.392156600952148438e-01 1.000000000000000000e+00
0.000000000000000000e+00 1.254902034997940063e-01 9.372549057006835938e-01 1.000000000000000000e+00
0.000000000000000000e+00 1.294117718935012817e-01 9.352940917015075684e-01 1.000000000000000000e+00
0.000000000000000000e+00 1.333333402872085571e-01 9.333333373069763184e-01 1.000000000000000000e+00
0.000000000000000000e+00 1.372549086809158325e-01 9.313725233078002930e-01 1.000000000000000000e+00
0.000000000000000000e+00 1.411764770746231079e-01 9.294117689132690430e-01 1.000000000000000000e+00
0.000000000000000000e+00 1.450980454683303833e-01 9.274509549140930176e-01 1.000000000000000000e+00
0.000000000000000000e+00 1.490196138620376587e-01 9.254902005195617676e-01 1.000000000000000000e+00
0.000000000000000000e+00 1.529411822557449341e-01 9.235293865203857422e-01 1.000000000000000000e+00
0.000000000000000000e+00 1.568627506494522095e-01 9.215686321258544922e-01 1.000000000000000000e+00
0.000000000000000000e+00 1.607843190431594849e-01 9.196078181266784668e-01 1.000000000000000000e+00
0.000000000000000000e+00 1.647058874368667603e-01 9.176470637321472168e-01 1.000000000000000000e+00
0.000000000000000000e+00 1.686274558305740356e-01 9.156862497329711914e-01 1.000000000000000000e+00
0.000000000000000000e+00 1.725490242242813110e-01 9.137254953384399414e-01 1.000000000000000000e+00
0.000000000000000000e+00 1.764705926179885864e-01 9.117646813392639160e-01 1.000000000000000000e+00
0.000000000000000000e+00 1.803921610116958618e-01 9.098039269447326660e-01 1.000000000000000000e+00
0.000000000000000000e+00 1.843137294054031372e-01 9.078431129455566406e-01 1.000000000000000000e+00
0.000000000000000000e+00 1.882352977991104126e-01 9.058823585510253906e-01 1.000000000000000000e+00
0.000000000000000000e+00 1.921568661928176880e-01 9.039215445518493652e-01 1.000000000000000000e+00
0.000000000000000000e+00 1.960784345865249634e-01 9.019607901573181152e-01 1.000000000000000000e+00
0.000000000000000000e+00 2.000000029802322388e-01 8.999999761581420898e-01 1.000000000000000000e+00
0.000000000000000000e+00 2.039215713739395142e-01 8.980392217636108398e-01 1.000000000000000000e+00
0.000000000000000000e+00 2.078431397676467896e-01 8.960784077644348145e-01 1.000000000000000000e+00
0.000000000000000000e+00 2.117647081613540649e-01 8.941176533699035645e-01 1.000000000000000000e+00
0.000000000000000000e+00 2.156862765550613403e-01 8.921568393707275391e-01 1.000000000000000000e+00
0.000000000000000000e+00 2.196078449487686157e-01 8.901960849761962891e-01 1.000000000000000000e+00
0.000000000000000000e+00 2.235294133424758911e-01 8.882352709770202637e-01 1.000000000000000000e+00
0.000000000000000000e+00 2.274509817361831665e-01 8.862745165824890137e-01 1.000000000000000000e+00
0.000000000000000000e+00 2.313725501298904419e-01 8.843137025833129883e-01 1.000000000000000000e+00
0.000000000000000000e+00 2.352941185235977173e-01 8.823529481887817383e-01 1.000000000000000000e+00
0.000000000000000000e+00 2.392156869173049927e-01 8.803921341896057129e-01 1.000000000000000000e+00
0.000000000000000000e+00 2.431372553110122681e-01 8.784313797950744629e-01 1.000000000000000000e+00
0.000000000000000000e+00 2.470588237047195435e-01 8.764705657958984375e-01 1.000000000000000000e+00
0.000000000000000000e+00 2.509804069995880127e-01 8.745098114013671875e-01 1.000000000000000000e+00
0.000000000000000000e+00 2.549019753932952881e-01 8.725489974021911621e-01 1.000000000000000000e+00
0.000000000000000000e+00 2.588235437870025635e-01 8.705882430076599121e-01 1.000000000000000000e+00
0.000000000000000000e+00 2.627451121807098389e-01 8.686274290084838867e-01 1.000000000000000000e+00
0.000000000000000000e+00 2.666666805744171143e-01 8.666666746139526367e-01 1.000000000000000000e+00
0.000000000000000000e+00 2.705882489681243896e-01 8.647058606147766113e-01 1.000000000000000000e+00
0.000000000000000000e+00 2.745098173618316650e-01 8.627451062202453613e-01 1.000000000000000000e+00
0.000000000000000000e+00 2.784313857555389404e-01 8.607842922210693359e-01 1.000000000000000000e+00
0.000000000000000000e+00 2.823529541492462158e-01 8.588235378265380859e-01 1.000000000000000000e+00
0.000000000000000000e+00 2.862745225429534912e-01 8.568627238273620605e-01 1.000000000000000000e+00
0.000000000000000000e+00 2.901960909366607666e-01 8.549019694328308105e-01 1.000000000000000000e+00
0.000000000000000000e+00 2.941176593303680420e-01 8.529411554336547852e-01 1.000000000000000000e+00
0.000000000000000000e+00 2.980392277240753174e-01 8.509804010391235352e-01 1.000000000000000000e+00
0.000000000000000000e+00 3.019607961177825928e-01 8.490195870399475098e-01 1.000000000000000000e+00
0.000000000000000000e+00 3.058823645114898682e-01 8.470588326454162598e-01 1.000000000000000000e+00
0.000000000000000000e+00 3.098039329051971436e-01 8.450980186462402344e-01 1.000000000000000000e+00
0.000000000000000000e+00 3.137255012989044189e-01 8.431372642517089844e-01 1.000000000000000000e+00
0.000000000000000000e+00 3.176470696926116943e-01 8.411764502525329590e-01 1.000000000000000000e+00
0.000000000000000000e+00 3.215686380863189697e-01 8.392156958580017090e-01 1.000000000000000000e+00
0.000000000000000000e+00 3.254902064800262451e-01 8.372548818588256836e-01 1.000000000000000000e+00
0.000000000000000000e+00 3.294117748737335205e-01 8.352941274642944336e-01 1.000000000000000000e+00
0.000000000000000000e+00 3.333333432674407959e-01 8.333333134651184082e-01 1.000000000000000000e+00
0.000000000000000000e+00 3.372549116611480713e-01 8.313725590705871582e-01 1.000000000000000000e+00
0.000000000000000000e+00 3.411764800548553467e-01 8.294117450714111328e-01 1.000000000000000000e+00
0.000000000000000000e+00 3.450980484485626221e-01 8.274509906768798828e-01 1.000000000000000000e+00
0.000000000000000000e+00 3.490196168422698975e-01 8.254901766777038574e-01 1.000000000000000000e+00
0.000000000000000000e+00 3.529411852359771729e-01 8.235294222831726074e-01 1.000000000000000000e+00
0.000000000000000000e+00 3.568627536296844482e-01 8.215686082839965820e-01 1.000000000000000000e+00
0.000000000000000000e+00 3.607843220233917236e-01 8.196078538894653320e-01 1.000000000000000000e+00
0.000000000000000000e+00 3.647058904170989990e-01 8.176470398902893066e-01 1.000000000000000000e+00
0.000000000000000000e+00 3.686274588108062744e-01 8.156862854957580566e-01 1.000000000000000000e+00
0.000000000000000000e+00 3.725490272045135498e-01 8.137254714965820312e-01 1.000000000000000000e+00
0.000000000000000000e+00 3.764705955982208252e-01 8.117647171020507812e-01 1.000000000000000000e+00
0.000000000000000000e+00 3.803921639919281006e-01 8.098039031028747559e-01 1.000000000000000000e+00
0.000000000000000000e+00 3.843137323856353760e-01 8.078431487083435059e-01 1.000000000000000000e+00
0.000000000000000000e+00 3.882353007793426514e-01 8.058823347091674805e-01 1.000000000000000000e+00
0.000000000000000000e+00 3.921568691730499268e-01 8.039215803146362305e-01 1.000000000000000000e+00
0.000000000000000000e+00 3.960784375667572021e-01 8.019607663154602051e-01 1.000000000000000000e+00
0.000000000000000000e+00 4.000000059604644775e-01 8.000000119209289551e-01 1.000000000000000000e+00
0.000000000000000000e+00 4.039215743541717529e-01 7.980391979217529297e-01 1.000000000000000000e+00
0.000000000000000000e+00 4.078431427478790283e-01 7.960784435272216797e-01 1.000000000000000000e+00
0.000000000000000000e+00 4.117647111415863037e-01 7.941176295280456543e-01 1.000000000000000000e+00
0.000000000000000000e+00 4.156862795352935791e-01 7.921568751335144043e-01 1.000000000000000000e+00
0.000000000000000000e+00 4.196078479290008545e-01 7.901960611343383789e-01 1.000000000000000000e+00
0.000000000000000000e+00 4.235294163227081299e-01 7.882353067398071289e-01 1.000000000000000000e+00
0.000000000000000000e+00 4.274509847164154053e-01 7.862744927406311035e-01 1.000000000000000000e+00
0.000000000000000000e+00 4.313725531101226807e-01 7.843137383460998535e-01 1.000000000000000000e+00
0.000000000000000000e+00 4.352941215038299561e-01 7.823529243469238281e-01 1.000000000000000000e+00
0.000000000000000000e+00 4.392156898975372314e-01 7.803921699523925781e-01 1.000000000000000000e+00
0.000000000000000000e+00 4.431372582912445068e-01 7.784313559532165527e-01 1.000000000000000000e+00
0.000000000000000000e+00 4.470588266849517822e-01 7.764706015586853027e-01 1.000000000000000000e+00
0.000000000000000000e+00 4.509803950786590576e-01 7.745097875595092773e-01 1.000000000000000000e+00
0.000000000000000000e+00 4.549019634723663330e-01 7.725490331649780273e-01 1.000000000000000000e+00
0.000000000000000000e+00 4.588235318660736084e-01 7.705882191658020020e-01 1.000000000000000000e+00
0.000000000000000000e+00 4.627451002597808838e-01 7.686274647712707520e-01 1.000000000000000000e+00
0.000000000000000000e+00 4.666666686534881592e-01 7.666666507720947266e-01 1.000000000000000000e+00
0.000000000000000000e+00 4.705882370471954346e-01 7.647058963775634766e-01 1.000000000000000000e+00
0.000000000000000000e+00 4.745098054409027100e-01 7.627450823783874512e-01 1.000000000000000000e+00
0.000000000000000000e+00 4.784313738346099854e-01 7.607843279838562012e-01 1.000000000000000000e+00
0.000000000000000000e+00 4.823529422283172607e-01 7.588235139846801758e-01 1.000000000000000000e+00
0.000000000000000000e+00 4.862745106220245361e-01 7.568627595901489258e-01 1.000000000000000000e+00
0.000000000000000000e+00 4.901960790157318115e-01 7.549019455909729004e-01 1.000000000000000000e+00
0.000000000000000000e+00 4.941176474094390869e-01 7.529411911964416504e-01 1.000000000000000000e+00
0.000000000000000000e+00 4.980392158031463623e-01 7.509803771972656250e-01 1.000000000000000000e+00
0.000000000000000000e+00 5.019608139991760254e-01 7.490196228027343750e-01 1.000000000000000000e+00
0.000000000000000000e+00 5.058823823928833008e-01 7.470588088035583496e-01 1.000000000000000000e+00
0.000000000000000000e+00 5.098039507865905762e-01 7.450980544090270996e-01 1.000000000000000000e+00
0.000000000000000000e+00 5.137255191802978516e-01 7.431372404098510742e-01 1.000000000000000000e+00
0.000000000000000000e+00 5.176470875740051270e-01 7.411764860153198242e-01 1.000000000000000000e+00
0.000000000000000000e+00 5.215686559677124023e-01 7.392156720161437988e-01 1.000000000000000000e+00
0.000000000000000000e+00 5.254902243614196777e-01 7.372549176216125488e-01 1.000000000000000000e+00
0.000000000000000000e+00 5.294117927551269531e-01 7.352941036224365234e-01 1.000000000000000000e+00
0.000000000000000000e+00 5.333333611488342285e-01 7.333333492279052734e-01 1.000000000000000000e+00
0.000000000000000000e+00 5.372549295425415039e-01 7.313725352287292480e-01 1.000000000000000000e+00
0.000000000000000000e+00 5.411764979362487793e-01 7.294117808341979980e-01 1.000000000000000000e+00
0.000000000000000000e+00 5.450980663299560547e-01 7.274509668350219727e-01 1.000000000000000000e+00
0.000000000000000000e+00 5.490196347236633301e-01 7.254902124404907227e-01 1.000000000000000000e+00
0.000000000000000000e+00 5.529412031173706055e-01 7.235293984413146973e-01 1.000000000000000000e+00
0.000000000000000000e+00 5.568627715110778809e-01 7.215686440467834473e-01 1.000000000000000000e+00
0.000000000000000000e+00 5.607843399047851562e-01 7.196078300476074219e-01 1.000000000000000000e+00
0.000000000000000000e+00 5.647059082984924316e-01 7.176470756530761719e-01 1.000000000000000000e+00
0.000000000000000000e+00 5.686274766921997070e-01 7.156862616539001465e-01 1.000000000000000000e+00
0.000000000000000000e+00 5.725490450859069824e-01 7.137255072593688965e-01 1.000000000000000000e+00
0.000000000000000000e+00 5.764706134796142578e-01 7.117646932601928711e-01 1.000000000000000000e+00
0.000000000000000000e+00 5.803921818733215332e-01 7.098039388656616211e-01 1.000000000000000000e+00
0.000000000000000000e+00 5.843137502670288086e-01 7.078431248664855957e-01 1.000000000000000000e+00
0.000000000000000000e+00 5.882353186607360840e-01 7.058823704719543457e-01 1.000000000000000000e+00
0.000000000000000000e+00 5.921568870544433594e-01 7.039215564727783203e-01 1.000000000000000000e+00
0.000000000000000000e+00 5.960784554481506348e-01 7.019608020782470703e-01 1.000000000000000000e+00
0.000000000000000000e+00 6.000000238418579102e-01 6.999999880790710449e-01 1.000000000000000000e+00
0.000000000000000000e+00 6.039215922355651855e-01 6.980392336845397949e-01 1.000000000000000000e+00
0.000000000000000000e+00 6.078431606292724609e-01 6.960784196853637695e-01 1.000000000000000000e+00
0.000000000000000000e+00 6.117647290229797363e-01 6.941176652908325195e-01 1.000000000000000000e+00
0.000000000000000000e+00 6.156862974166870117e-01 6.921568512916564941e-01 1.000000000000000000e+00
0.000000000000000000e+00 6.196078658103942871e-01 6.901960968971252441e-01 1.000000000000000000e+00
0.000000000000000000e+00 6.235294342041015625e-01 6.882352828979492188e-01 1.000000000000000000e+00
0.000000000000000000e+00 6.274510025978088379e-01 6.862745285034179688e-01 1.000000000000000000e+00
0.000000000000000000e+00 6.313725709915161133e-01 6.843137145042419434e-01 1.000000000000000000e+00
0.000000000000000000e+00 6.352941393852233887e-01 6.823529601097106934e-01 1.000000000000000000e+00
0.000000000000000000e+00 6.392157077789306641e-01 6.803921461105346680e-01 1.000000000000000000e+00
0.000000000000000000e+00 6.431372761726379395e-01 6.784313917160034180e-01 1.000000000000000000e+00
0.000000000000000000e+00 6.470588445663452148e-01 6.764705777168273926e-01 1.000000000000000000e+00
0.000000000000000000e+00 6.509804129600524902e-01 6.745098233222961426e-01 1.000000000000000000e+00
0.000000000000000000e+00 6.549019813537597656e-01 6.725490093231201172e-01 1.000000000000000000e+00
0.000000000000000000e+00 6.588235497474670410e-01 6.705882549285888672e-01 1.000000000000000000e+00
0.000000000000000000e+00 6.627451181411743164e-01 6.686274409294128418e-01 1.000000000000000000e+00
0.000000000000000000e+00 6.666666865348815918e-01 6.666666865348815918e-01 1.000000000000000000e+00
0.000000000000000000e+00 6.705882549285888672e-01 6.647058725357055664e-01 1.000000000000000000e+00
0.000000000000000000e+00 6.745098233222961426e-01 6.627451181411743164e-01 1.000000000000000000e+00
0.000000000000000000e+00 6.784313917160034180e-01 6.607843041419982910e-01 1.000000000000000000e+00
0.000000000000000000e+00 6.823529601097106934e-01 6.588235497474670410e-01 1.000000000000000000e+00
0.000000000000000000e+00 6.862745285034179688e-01 6.568627357482910156e-01 1.000000000000000000e+00
0.000000000000000000e+00 6.901960968971252441e-01 6.549019813537597656e-01 1.000000000000000000e+00
0.000000000000000000e+00 6.941176652908325195e-01 6.529411673545837402e-01 1.000000000000000000e+00
0.000000000000000000e+00 6.980392336845397949e-01 6.509804129600524902e-01 1.000000000000000000e+00
0.000000000000000000e+00 7.019608020782470703e-01 6.490195989608764648e-01 1.000000000000000000e+00
0.000000000000000000e+00 7.058823704719543457e-01 6.470588445663452148e-01 1.000000000000000000e+00
0.000000000000000000e+00 7.098039388656616211e-01 6.450980305671691895e-01 1.000000000000000000e+00
0.000000000000000000e+00 7.137255072593688965e-01 6.431372761726379395e-01 1.000000000000000000e+00
0.000000000000000000e+00 7.176470756530761719e-01 6.411764621734619141e-01 1.000000000000000000e+00
0.000000000000000000e+00 7.215686440467834473e-01 6.392157077789306641e-01 1.000000000000000000e+00
0.000000000000000000e+00 7.254902124404907227e-01 6.372548937797546387e-01 1.000000000000000000e+00
0.000000000000000000e+00 7.294117808341979980e-01 6.352941393852233887e-01 1.000000000000000000e+00
0.000000000000000000e+00 7.333333492279052734e-01 6.333333253860473633e-01 1.000000000000000000e+00
0.000000000000000000e+00 7.372549176216125488e-01 6.313725709915161133e-01 1.000000000000000000e+00
0.000000000000000000e+00 7.411764860153198242e-01 6.294117569923400879e-01 1.000000000000000000e+00
0.000000000000000000e+00 7.450980544090270996e-01 6.274510025978088379e-01 1.000000000000000000e+00
0.000000000000000000e+00 7.490196228027343750e-01 6.254901885986328125e-01 1.000000000000000000e+00
0.000000000000000000e+00 7.529411911964416504e-01 6.235294342041015625e-01 1.000000000000000000e+00
0.000000000000000000e+00 7.568627595901489258e-01 6.215686202049255371e-01 1.000000000000000000e+00
0.000000000000000000e+00 7.607843279838562012e-01 6.196078658103942871e-01 1.000000000000000000e+00
0.000000000000000000e+00 7.647058963775634766e-01 6.176470518112182617e-01 1.000000000000000000e+00
0.000000000000000000e+00 7.686274647712707520e-01 6.156862974166870117e-01 1.000000000000000000e+00
0.000000000000000000e+00 7.725490331649780273e-01 6.137254834175109863e-01 1.000000000000000000e+00
0.000000000000000000e+00 7.764706015586853027e-01 6.117647290229797363e-01 1.000000000000000000e+00
0.000000000000000000e+00 7.803921699523925781e-01 6.098039150238037109e-01 1.000000000000000000e+00
0.000000000000000000e+00 7.843137383460998535e-01 6.078431606292724609e-01 1.000000000000000000e+00
0.000000000000000000e+00 7.882353067398071289e-01 6.058823466300964355e-01 1.000000000000000000e+00
0.000000000000000000e+00 7.921568751335144043e-01 6.039215922355651855e-01 1.000000000000000000e+00
0.000000000000000000e+00 7.960784435272216797e-01 6.019607782363891602e-01 1.000000000000000000e+00
0.000000000000000000e+00 8.000000119209289551e-01 6.000000238418579102e-01 1.000000000000000000e+00
0.000000000000000000e+00 8.039215803146362305e-01 5.980392098426818848e-01 1.000000000000000000e+00
0.000000000000000000e+00 8.078431487083435059e-01 5.960784554481506348e-01 1.000000000000000000e+00
0.000000000000000000e+00 8.117647171020507812e-01 5.941176414489746094e-01 1.000000000000000000e+00
0.000000000000000000e+00 8.156862854957580566e-01 5.921568870544433594e-01 1.000000000000000000e+00
0.000000000000000000e+00 8.196078538894653320e-01 5.901960730552673340e-01 1.000000000000000000e+00
0.000000000000000000e+00 8.235294222831726074e-01 5.882353186607360840e-01 1.000000000000000000e+00
0.000000000000000000e+00 8.274509906768798828e-01 5.862745046615600586e-01 1.000000000000000000e+00
0.000000000000000000e+00 8.313725590705871582e-01 5.843137502670288086e-01 1.000000000000000000e+00
0.000000000000000000e+00 8.352941274642944336e-01 5.823529362678527832e-01 1.000000000000000000e+00
0.000000000000000000e+00 8.392156958580017090e-01 5.803921818733215332e-01 1.000000000000000000e+00
0.000000000000000000e+00 8.431372642517089844e-01 5.784313678741455078e-01 1.000000000000000000e+00
0.000000000000000000e+00 8.470588326454162598e-01 5.764706134796142578e-01 1.000000000000000000e+00
0.000000000000000000e+00 8.509804010391235352e-01 5.745097994804382324e-01 1.000000000000000000e+00
0.000000000000000000e+00 8.549019694328308105e-01 5.725490450859069824e-01 1.000000000000000000e+00
0.000000000000000000e+00 8.588235378265380859e-01 5.705882310867309570e-01 1.000000000000000000e+00
0.000000000000000000e+00 8.627451062202453613e-01 5.686274766921997070e-01 1.000000000000000000e+00
0.000000000000000000e+00 8.666666746139526367e-01 5.666666626930236816e-01 1.000000000000000000e+00
0.000000000000000000e+00 8.705882430076599121e-01 5.647059082984924316e-01 1.000000000000000000e+00
0.000000000000000000e+00 8.745098114013671875e-01 5.627450942993164062e-01 1.000000000000000000e+00
0.000000000000000000e+00 8.784313797950744629e-01 5.607843399047851562e-01 1.000000000000000000e+00
0.000000000000000000e+00 8.823529481887817383e-01 5.588235259056091309e-01 1.000000000000000000e+00
0.000000000000000000e+00 8.862745165824890137e-01 5.568627715110778809e-01 1.000000000000000000e+00
0.000000000000000000e+00 8.901960849761962891e-01 5.549019575119018555e-01 1.000000000000000000e+00
0.000000000000000000e+00 8.941176533699035645e-01 5.529412031173706055e-01 1.000000000000000000e+00
0.000000000000000000e+00 8.980392217636108398e-01 5.509803891181945801e-01 1.000000000000000000e+00
0.000000000000000000e+00 9.019607901573181152e-01 5.490196347236633301e-01 1.000000000000000000e+00
0.000000000000000000e+00 9.058823585510253906e-01 5.470588207244873047e-01 1.000000000000000000e+00
0.000000000000000000e+00 9.098039269447326660e-01 5.450980663299560547e-01 1.000000000000000000e+00
0.000000000000000000e+00 9.137254953384399414e-01 5.431372523307800293e-01 1.000000000000000000e+00
0.000000000000000000e+00 9.176470637321472168e-01 5.411764979362487793e-01 1.000000000000000000e+00
0.000000000000000000e+00 9.215686321258544922e-01 5.392156839370727539e-01 1.000000000000000000e+00
0.000000000000000000e+00 9.254902005195617676e-01 5.372549295425415039e-01 1.000000000000000000e+00
0.000000000000000000e+00 9.294117689132690430e-01 5.352941155433654785e-01 1.000000000000000000e+00
0.000000000000000000e+00 9.333333373069763184e-01 5.333333611488342285e-01 1.000000000000000000e+00
0.000000000000000000e+00 9.372549057006835938e-01 5.313725471496582031e-01 1.000000000000000000e+00
0.000000000000000000e+00 9.411764740943908691e-01 5.294117927551269531e-01 1.000000000000000000e+00
0.000000000000000000e+00 9.450980424880981445e-01 5.274509787559509277e-01 1.000000000000000000e+00
0.000000000000000000e+00 9.490196108818054199e-01 5.254902243614196777e-01 1.000000000000000000e+00
0.000000000000000000e+00 9.529411792755126953e-01 5.235294103622436523e-01 1.000000000000000000e+00
0.000000000000000000e+00 9.568627476692199707e-01 5.215686559677124023e-01 1.000000000000000000e+00
0.000000000000000000e+00 9.607843160629272461e-01 5.196078419685363770e-01 1.000000000000000000e+00
0.000000000000000000e+00 9.647058844566345215e-01 5.176470875740051270e-01 1.000000000000000000e+00
0.000000000000000000e+00 9.686274528503417969e-01 5.156862735748291016e-01 1.000000000000000000e+00
0.000000000000000000e+00 9.725490212440490723e-01 5.137255191802978516e-01 1.000000000000000000e+00
0.000000000000000000e+00 9.764705896377563477e-01 5.117647051811218262e-01 1.000000000000000000e+00
0.000000000000000000e+00 9.803921580314636230e-01 5.098039507865905762e-01 1.000000000000000000e+00
0.000000000000000000e+00 9.843137264251708984e-01 5.078431367874145508e-01 1.000000000000000000e+00
0.000000000000000000e+00 9.882352948188781738e-01 5.058823823928833008e-01 1.000000000000000000e+00
0.000000000000000000e+00 9.921568632125854492e-01 5.039215683937072754e-01 1.000000000000000000e+00
0.000000000000000000e+00 9.960784316062927246e-01 5.019608139991760254e-01 1.000000000000000000e+00
0.000000000000000000e+00 1.000000000000000000e+00 5.000000000000000000e-01 1.000000000000000000e+00
