8.941176533699035645e-01 1.000000000000000000e+00 4.784313738346099854e-01 1.000000000000000000e+00
8.957785367965698242e-01 9.985851645469665527e-01 4.725259542465209961e-01 1.000000000000000000e+00
8.974394202232360840e-01 9.971703290939331055e-01 4.666205346584320068e-01 1.000000000000000000e+00
8.991003632545471191e-01 9.957554936408996582e-01 4.607151150703430176e-01 1.000000000000000000e+00
9.007612466812133789e-01 9.943406581878662109e-01 4.548096954822540283e-01 1.000000000000000000e+00
9.024221301078796387e-01 9.929258227348327637e-01 4.489042758941650391e-01 1.000000000000000000e+00
9.040830731391906738e-01 9.915109276771545410e-01 4.429988563060760498e-01 1.000000000000000000e+00
9.057439565658569336e-01 9.900960922241210938e-01 4.370934367179870605e-01 1.000000000000000000e+00
9.074048399925231934e-01 9.886812567710876465e-01 4.311880171298980713e-01 1.000000000000000000e+00
9.090657234191894531e-01 9.872664213180541992e-01 4.252825975418090820e-01 1.000000000000000000e+00
9.107266664505004883e-01 9.858515858650207520e-01 4.193771481513977051e-01 1.000000000000000000e+00
9.123875498771667480e-01 9.844367504119873047e-01 4.134717285633087158e-01 1.000000000000000000e+00
9.140484333038330078e-01 9.830219149589538574e-01 4.075663089752197266e-01 1.000000000000000000e+00
9.157093167304992676e-01 9.816070795059204102e-01 4.016608893871307373e-01 1.000000000000000000e+00
9.173702597618103027e-01 9.801922440528869629e-01 3.957554697990417480e-01 1.000000000000000000e+00
9.190311431884765625e-01 9.787774085998535156e-01 3.898500502109527588e-01 1.000000000000000000e+00
9.206920266151428223e-01 9.773625731468200684e-01 3.839446306228637695e-01 1.000000000000000000e+00
9.223529696464538574e-01 9.759477376937866211e-01 3.780392110347747803e-01 1.000000000000000000e+00
9.240138530731201172e-01 9.745328426361083984e-01 3.721337914466857910e-01 1.000000000000000000e+00
9.256747364997863770e-01 9.731180071830749512e-01 3.662283718585968018e-01 1.000000000000000000e+00
9.273356199264526367e-01 9.717031717300415039e-01 3.603229522705078125e-01 1.000000000000000000e+00
9.289965629577636719e-01 9.702883362770080566e-01 3.544175326824188232e-01 1.000000000000000000e+00
9.306574463844299316e-01 9.688735008239746094e-01 3.485121130943298340e-01 1.000000000000000000e+00
9.323183298110961914e-01 9.674586653709411621e-01 3.426066935062408447e-01 1.000000000000000000e+00
9.339792132377624512e-01 9.660438299179077148e-01 3.367012739181518555e-01 1.000000000000000000e+00
9.356401562690734863e-01 9.646289944648742676e-01 3.307958543300628662e-01 1.000000000000000000e+00
9.373010396957397461e-01 9.632141590118408203e-01 3.248904347419738770e-01 1.000000000000000000e+00
9.389619231224060059e-01 9.617993235588073730e-01 3.189850151538848877e-01 1.000000000000000000e+00
9.406228661537170410e-01 9.603844881057739258e-01 3.130795955657958984e-01 1.000000000000000000e+00
9.422837495803833008e-01 9.589696526527404785e-01 3.071741759777069092e-01 1.000000000000000000e+00
9.439446330070495605e-01 9.575547575950622559e-01 3.012687563896179199e-01 1.000000000000000000e+00
9.456055164337158203e-01 9.561399221420288086e-01 2.953633069992065430e-01 1.000000000000000000e+00
9.472664594650268555e-01 9.547250866889953613e-01 2.894578874111175537e-01 1.000000000000000000e+00
9.489273428916931152e-01 9.533102512359619141e-01 2.835524678230285645e-01 1.000000000000000000e+00
9.505882263183593750e-01 9.518954157829284668e-01 2.776470482349395752e-01 1.000000000000000000e+00
9.522491097450256348e-01 9.504805803298950195e-01 2.717416286468505859e-01 1.000000000000000000e+00
9.539100527763366699e-01 9.490657448768615723e-01 2.658362090587615967e-01 1.000000000000000000e+00
9.555709362030029297e-01 9.476509094238281250e-01 2.599307894706726074e-01 1.000000000000000000e+00
9.572318196296691895e-01 9.462360739707946777e-01 2.540253698825836182e-01 1.000000000000000000e+00
9.588927626609802246e-01 9.448212385177612305e-01 2.481199502944946289e-01 1.000000000000000000e+00
9.605536460876464844e-01 9.434064030647277832e-01 2.422145307064056396e-01 1.000000000000000000e+00
9.622145295143127441e-01 9.419915676116943359e-01 2.363091111183166504e-01 1.000000000000000000e+00
9.638754129409790039e-01 9.405766725540161133e-01 2.304036915302276611e-01 1.000000000000000000e+00
9.655363559722900391e-01 9.391618371009826660e-01 2.244982719421386719e-01 1.000000000000000000e+00
9.671972393989562988e-01 9.377470016479492188e-01 2.185928523540496826e-01 1.000000000000000000e+00
9.688581228256225586e-01 9.363321661949157715e-01 2.126874327659606934e-01 1.000000000000000000e+00
9.705190062522888184e-01 9.349173307418823242e-01 2.067820131778717041e-01 1.000000000000000000e+00
9.721799492835998535e-01 9.335024952888488770e-01 2.008765786886215210e-01 1.000000000000000000e+00
9.738408327102661133e-01 9.320876598358154297e-01 1.949711591005325317e-01 1.000000000000000000e+00
9.755017161369323730e-01 9.306728243827819824e-01 1.890657395124435425e-01 1.000000000000000000e+00
9.771626591682434082e-01 9.292579889297485352e-01 1.831603199243545532e-01 1.000000000000000000e+00
9.788235425949096680e-01 9.278431534767150879e-01 1.772549003362655640e-01 1.000000000000000000e+00
9.804844260215759277e-01 9.264283180236816406e-01 1.713494807481765747e-01 1.000000000000000000e+00
9.821453094482421875e-01 9.250134825706481934e-01 1.654440611600875854e-01 1.000000000000000000e+00
9.838062524795532227e-01 9.235985875129699707e-01 1.595386415719985962e-01 1.000000000000000000e+00
9.854671359062194824e-01 9.221837520599365234e-01 1.536332219839096069e-01 1.000000000000000000e+00
9.871280193328857422e-01 9.207689166069030762e-01 1.477278023958206177e-01 1.000000000000000000e+00
9.887889027595520020e-01 9.193540811538696289e-01 1.418223828077316284e-01 1.000000000000000000e+00
9.904498457908630371e-01 9.179392457008361816e-01 1.359169483184814453e-01 1.000000000000000000e+00
9.921107292175292969e-01 9.165244102478027344e-01 1.300115287303924561e-01 1.000000000000000000e+00
9.937716126441955566e-01 9.151095747947692871e-01 1.241061165928840637e-01 1.000000000000000000e+00
9.954325556755065918e-01 9.136947393417358398e-01 1.182006895542144775e-01 1.000000000000000000e+00
9.970934391021728516e-01 9.122799038887023926e-01 1.122952699661254883e-01 1.000000000000000000e+00
9.987543225288391113e-01 9.108650684356689453e-01 1.063898503780364990e-01 1.000000000000000000e+00
1.000000000000000000e+00 9.091426134109497070e-01 1.015609353780746460e-01 1.000000000000000000e+00
1.000000000000000000e+00 9.064974784851074219e-01 9.996155649423599243e-02 1.000000000000000000e+00
1.000000000000000000e+00 9.038523435592651367e-01 9.836217015981674194e-02 1.000000000000000000e+00
1.000000000000000000e+00 9.012072086334228516e-01 9.676278382539749146e-02 1.000000000000000000e+00
1.000000000000000000e+00 8.985620737075805664e-01 9.516339749097824097e-02 1.000000000000000000e+00
1.000000000000000000e+00 8.959169387817382812e-01 9.356401115655899048e-02 1.000000000000000000e+00
1.000000000000000000e+00 8.932718038558959961e-01 9.196463227272033691e-02 1.000000000000000000e+00
1.000000000000000000e+00 8.906266689300537109e-01 9.036524593830108643e-02 1.000000000000000000e+00
1.000000000000000000e+00 8.879815340042114258e-01 8.876585960388183594e-02 1.000000000000000000e+00
1.000000000000000000e+00 8.853363990783691406e-01 8.716647326946258545e-02 1.000000000000000000e+00
1.000000000000000000e+00 8.826912641525268555e-01 8.556708693504333496e-02 1.000000000000000000e+00
1.000000000000000000e+00 8.800461292266845703e-01 8.396770805120468140e-02 1.000000000000000000e+00
1.000000000000000000e+00 8.774009943008422852e-01 8.236832171678543091e-02 1.000000000000000000e+00
1.000000000000000000e+00 8.747558593750000000e-01 8.076893538236618042e-02 1.000000000000000000e+00
1.000000000000000000e+00 8.721107244491577148e-01 7.916954904794692993e-02 1.000000000000000000e+00
1.000000000000000000e+00 8.694655895233154297e-01 7.757016271352767944e-02 1.000000000000000000e+00
1.000000000000000000e+00 8.668204545974731445e-01 7.597078382968902588e-02 1.000000000000000000e+00
1.000000000000000000e+00 8.641753196716308594e-01 7.437139749526977539e-02 1.000000000000000000e+00
1.000000000000000000e+00 8.615301847457885742e-01 7.277201116085052490e-02 1.000000000000000000e+00
1.000000000000000000e+00 8.588850498199462891e-01 7.117262482643127441e-02 1.000000000000000000e+00
1.000000000000000000e+00 8.562399148941040039e-01 6.957323849201202393e-02 1.000000000000000000e+00
1.000000000000000000e+00 8.535947799682617188e-01 6.797385960817337036e-02 1.000000000000000000e+00
1.000000000000000000e+00 8.509496450424194336e-01 6.637447327375411987e-02 1.000000000000000000e+00
1.000000000000000000e+00 8.483045101165771484e-01 6.477508693933486938e-02 1.000000000000000000e+00
1.000000000000000000e+00 8.456593751907348633e-01 6.317570060491561890e-02 1.000000000000000000e+00
1.000000000000000000e+00 8.430142402648925781e-01 6.157631799578666687e-02 1.000000000000000000e+00
1.000000000000000000e+00 8.403691053390502930e-01 5.997693166136741638e-02 1.000000000000000000e+00
1.000000000000000000e+00 8.377239704132080078e-01 5.837754532694816589e-02 1.000000000000000000e+00
1.000000000000000000e+00 8.350788354873657227e-01 5.677816271781921387e-02 1.000000000000000000e+00
1.000000000000000000e+00 8.324337005615234375e-01 5.517877638339996338e-02 1.000000000000000000e+00
1.000000000000000000e+00 8.297885656356811523e-01 5.357939377427101135e-02 1.000000000000000000e+00
1.000000000000000000e+00 8.271434307098388672e-01 5.198000743985176086e-02 1.000000000000000000e+00
1.000000000000000000e+00 8.244982957839965820e-01 5.038062110543251038e-02 1.000000000000000000e+00
1.000000000000000000e+00 8.218531608581542969e-01 4.878123849630355835e-02 1.000000000000000000e+00
1.000000000000000000e+00 8.192080259323120117e-01 4.718185216188430786e-02 1.000000000000000000e+00
1.000000000000000000e+00 8.165628314018249512e-01 4.558246955275535583e-02 1.000000000000000000e+00
1.000000000000000000e+00 8.139176964759826660e-01 4.398308321833610535e-02 1.000000000000000000e+00
1.000000000000000000e+00 8.112725615501403809e-01 4.238369688391685486e-02 1.000000000000000000e+00
1.000000000000000000e+00 8.086274266242980957e-01 4.078431427478790283e-02 1.000000000000000000e+00
1.000000000000000000e+00 8.059822916984558105e-01 3.918492794036865234e-02 1.000000000000000000e+00
1.000000000000000000e+00 8.033371567726135254e-01 3.758554533123970032e-02 1.000000000000000000e+00
1.000000000000000000e+00 8.006920218467712402e-01 3.598615899682044983e-02 1.000000000000000000e+00
1.000000000000000000e+00 7.980468869209289551e-01 3.438677266240119934e-02 1.000000000000000000e+00
1.000000000000000000e+00 7.954017519950866699e-01 3.278739005327224731e-02 1.000000000000000000e+00
1.000000000000000000e+00 7.927566170692443848e-01 3.118800371885299683e-02 1.000000000000000000e+00
1.000000000000000000e+00 7.901114821434020996e-01 2.958861924707889557e-02 1.000000000000000000e+00
1.000000000000000000e+00 7.874663472175598145e-01 2.798923477530479431e-02 1.000000000000000000e+00
1.000000000000000000e+00 7.848212122917175293e-01 2.638985030353069305e-02 1.000000000000000000e+00
1.000000000000000000e+00 7.821760773658752441e-01 2.479046583175659180e-02 1.000000000000000000e+00
1.000000000000000000e+00 7.795309424400329590e-01 2.319107949733734131e-02 1.000000000000000000e+00
1.000000000000000000e+00 7.768858075141906738e-01 2.159169502556324005e-02 1.000000000000000000e+00
1.000000000000000000e+00 7.742406725883483887e-01 1.999231055378913879e-02 1.000000000000000000e+00
1.000000000000000000e+00 7.715955376625061035e-01 1.839292608201503754e-02 1.000000000000000000e+00
1.000000000000000000e+00 7.689504027366638184e-01 1.679354161024093628e-02 1.000000000000000000e+00
1.000000000000000000e+00 7.663052678108215332e-01 1.519415620714426041e-02 1.000000000000000000e+00
1.000000000000000000e+00 7.636601328849792480e-01 1.359477080404758453e-02 1.000000000000000000e+00
1.000000000000000000e+00 7.610149979591369629e-01 1.199538633227348328e-02 1.000000000000000000e+00
1.000000000000000000e+00 7.583698630332946777e-01 1.039600186049938202e-02 1.000000000000000000e+00
1.000000000000000000e+00 7.557247281074523926e-01 8.796616457402706146e-03 1.000000000000000000e+00
1.000000000000000000e+00 7.530795931816101074e-01 7.197231985628604889e-03 1.000000000000000000e+00
1.000000000000000000e+00 7.504344582557678223e-01 5.597847048193216324e-03 1.000000000000000000e+00
1.000000000000000000e+00 7.477893233299255371e-01 3.998462110757827759e-03 1.000000000000000000e+00
1.000000000000000000e+00 7.451441884040832520e-01 2.399077173322439194e-03 1.000000000000000000e+00
1.000000000000000000e+00 7.424990534782409668e-01 7.996924105100333691e-04 1.000000000000000000e+00
1.000000000000000000e+00 7.402845025062561035e-01 0.000000000000000000e+00 1.000000000000000000e+00
1.000000000000000000e+00 7.385005950927734375e-01 0.000000000000000000e+00 1.000000000000000000e+00
1.000000000000000000e+00 7.367166280746459961e-01 0.000000000000000000e+00 1.000000000000000000e+00
1.000000000000000000e+00 7.349327206611633301e-01 0.000000000000000000e+00 1.000000000000000000e+00
1.000000000000000000e+00 7.331488132476806641e-01 0.000000000000000000e+00 1.000000000000000000e+00
1.000000000000000000e+00 7.313648462295532227e-01 0.000000000000000000e+00 1.000000000000000000e+00
1.000000000000000000e+00 7.295809388160705566e-01 0.000000000000000000e+00 1.000000000000000000e+00
1.000000000000000000e+00 7.277969717979431152e-01 0.000000000000000000e+00 1.000000000000000000e+00
1.000000000000000000e+00 7.260130643844604492e-01 0.000000000000000000e+00 1.000000000000000000e+00
1.000000000000000000e+00 7.242291569709777832e-01 0.000000000000000000e+00 1.000000000000000000e+00
1.000000000000000000e+00 7.224451899528503418e-01 0.000000000000000000e+00 1.000000000000000000e+00
1.000000000000000000e+00 7.206612825393676758e-01 0.000000000000000000e+00 1.000000000000000000e+00
1.000000000000000000e+00 7.188773751258850098e-01 0.000000000000000000e+00 1.000000000000000000e+00
1.000000000000000000e+00 7.170934081077575684e-01 0.000000000000000000e+00 1.000000000000000000e+00
1.000000000000000000e+00 7.153095006942749023e-01 0.000000000000000000e+00 1.000000000000000000e+00
1.000000000000000000e+00 7.135255932807922363e-01 0.000000000000000000e+00 1.000000000000000000e+00
1.000000000000000000e+00 7.117416262626647949e-01 0.000000000000000000e+00 1.000000000000000000e+00
1.000000000000000000e+00 7.099577188491821289e-01 0.000000000000000000e+00 1.000000000000000000e+00
1.000000000000000000e+00 7.081737518310546875e-01 0.000000000000000000e+00 1.000000000000000000e+00
1.000000000000000000e+00 7.063898444175720215e-01 0.000000000000000000e+00 1.000000000000000000e+00
1.000000000000000000e+00 7.046059370040893555e-01 0.000000000000000000e+00 1.000000000000000000e+00
1.000000000000000000e+00 7.028219699859619141e-01 0.000000000000000000e+00 1.000000000000000000e+00
1.000000000000000000e+00 7.010380625724792480e-01 0.000000000000000000e+00 1.000000000000000000e+00
1.000000000000000000e+00 6.992541551589965820e-01 0.000000000000000000e+00 1.000000000000000000e+00
1.000000000000000000e+00 6.974701881408691406e-01 0.000000000000000000e+00 1.000000000000000000e+00
1.000000000000000000e+00 6.956862807273864746e-01 0.000000000000000000e+00 1.000000000000000000e+00
1.000000000000000000e+00 6.939023733139038086e-01 0.000000000000000000e+00 1.000000000000000000e+00
1.000000000000000000e+00 6.921184062957763672e-01 0.000000000000000000e+00 1.000000000000000000e+00
1.000000000000000000e+00 6.903344988822937012e-01 0.000000000000000000e+00 1.000000000000000000e+00
1.000000000000000000e+00 6.885505318641662598e-01 0.000000000000000000e+00 1.000000000000000000e+00
1.000000000000000000e+00 6.867666244506835938e-01 0.000000000000000000e+00 1.000000000000000000e+00
1.000000000000000000e+00 6.849827170372009277e-01 0.000000000000000000e+00 1.000000000000000000e+00
1.000000000000000000e+00 6.831987500190734863e-01 0.000000000000000000e+00 1.000000000000000000e+00
1.000000000000000000e+00 6.814148426055908203e-01 0.000000000000000000e+00 1.000000000000000000e+00
1.000000000000000000e+00 6.796309351921081543e-01 0.000000000000000000e+00 1.000000000000000000e+00
1.000000000000000000e+00 6.778469681739807129e-01 0.000000000000000000e+00 1.000000000000000000e+00
1.000000000000000000e+00 6.760630607604980469e-01 0.000000000000000000e+00 1.000000000000000000e+00
1.000000000000000000e+00 6.742790937423706055e-01 0.000000000000000000e+00 1.000000000000000000e+00
1.000000000000000000e+00 6.724951863288879395e-01 0.000000000000000000e+00 1.000000000000000000e+00
1.000000000000000000e+00 6.707112789154052734e-01 0.000000000000000000e+00 1.000000000000000000e+00
1.000000000000000000e+00 6.689273118972778320e-01 0.000000000000000000e+00 1.000000000000000000e+00
1.000000000000000000e+00 6.671434044837951660e-01 0.000000000000000000e+00 1.000000000000000000e+00
1.000000000000000000e+00 6.653594970703125000e-01 0.000000000000000000e+00 1.000000000000000000e+00
1.000000000000000000e+00 6.635755300521850586e-01 0.000000000000000000e+00 1.000000000000000000e+00
1.000000000000000000e+00 6.617916226387023926e-01 0.000000000000000000e+00 1.000000000000000000e+00
1.000000000000000000e+00 6.600077152252197266e-01 0.000000000000000000e+00 1.000000000000000000e+00
1.000000000000000000e+00 6.582237482070922852e-01 0.000000000000000000e+00 1.000000000000000000e+00
1.000000000000000000e+00 6.564398407936096191e-01 0.000000000000000000e+00 1.000000000000000000e+00
1.000000000000000000e+00 6.546558737754821777e-01 0.000000000000000000e+00 1.000000000000000000e+00
1.000000000000000000e+00 6.528719663619995117e-01 0.000000000000000000e+00 1.000000000000000000e+00
1.000000000000000000e+00 6.510880589485168457e-01 0.000000000000000000e+00 1.000000000000000000e+00
1.000000000000000000e+00 6.493040919303894043e-01 0.000000000000000000e+00 1.000000000000000000e+00
1.000000000000000000e+00 6.475201845169067383e-01 0.000000000000000000e+00 1.000000000000000000e+00
1.000000000000000000e+00 6.457362771034240723e-01 0.000000000000000000e+00 1.000000000000000000e+00
1.000000000000000000e+00 6.439523100852966309e-01 0.000000000000000000e+00 1.000000000000000000e+00
1.000000000000000000e+00 6.421684026718139648e-01 0.000000000000000000e+00 1.000000000000000000e+00
1.000000000000000000e+00 6.403844952583312988e-01 0.000000000000000000e+00 1.000000000000000000e+00
1.000000000000000000e+00 6.386005282402038574e-01 0.000000000000000000e+00 1.000000000000000000e+00
1.000000000000000000e+00 6.368166208267211914e-01 0.000000000000000000e+00 1.000000000000000000e+00
1.000000000000000000e+00 6.350326538085937500e-01 0.000000000000000000e+00 1.000000000000000000e+00
1.000000000000000000e+00 6.332487463951110840e-01 0.000000000000000000e+00 1.000000000000000000e+00
1.000000000000000000e+00 6.314648389816284180e-01 0.000000000000000000e+00 1.000000000000000000e+00
1.000000000000000000e+00 6.296808719635009766e-01 0.000000000000000000e+00 1.000000000000000000e+00
1.000000000000000000e+00 6.278969645500183105e-01 0.000000000000000000e+00 1.000000000000000000e+00
9.998615980148315430e-01 6.259284615516662598e-01 0.000000000000000000e+00 1.000000000000000000e+00
9.996770620346069336e-01 6.238985061645507812e-01 0.000000000000000000e+00 1.000000000000000000e+00
9.994925260543823242e-01 6.218684911727905273e-01 0.000000000000000000e+00 1.000000000000000000e+00
9.993079304695129395e-01 6.198385357856750488e-01 0.000000000000000000e+00 1.000000000000000000e+00
9.991233944892883301e-01 6.178085207939147949e-01 0.000000000000000000e+00 1.000000000000000000e+00
9.989388585090637207e-01 6.157785654067993164e-01 0.000000000000000000e+00 1.000000000000000000e+00
9.987543225288391113e-01 6.137485504150390625e-01 0.000000000000000000e+00 1.000000000000000000e+00
9.985697865486145020e-01 6.117185950279235840e-01 0.000000000000000000e+00 1.000000000000000000e+00
9.983852505683898926e-01 6.096885800361633301e-01 0.000000000000000000e+00 1.000000000000000000e+00
9.982007145881652832e-01 6.076585650444030762e-01 0.000000000000000000e+00 1.000000000000000000e+00
9.980161190032958984e-01 6.056286096572875977e-01 0.000000000000000000e+00 1.000000000000000000e+00
9.978315830230712891e-01 6.035985946655273438e-01 0.000000000000000000e+00 1.000000000000000000e+00
9.976470470428466797e-01 6.015686392784118652e-01 0.000000000000000000e+00 1.000000000000000000e+00
9.974625110626220703e-01 5.995386242866516113e-01 0.000000000000000000e+00 1.000000000000000000e+00
9.972779750823974609e-01 5.975086688995361328e-01 0.000000000000000000e+00 1.000000000000000000e+00
9.970934391021728516e-01 5.954786539077758789e-01 0.000000000000000000e+00 1.000000000000000000e+00
9.969089031219482422e-01 5.934486985206604004e-01 0.000000000000000000e+00 1.000000000000000000e+00
9.967243075370788574e-01 5.914186835289001465e-01 0.000000000000000000e+00 1.000000000000000000e+00
9.965397715568542480e-01 5.893886685371398926e-01 0.000000000000000000e+00 1.000000000000000000e+00
9.963552355766296387e-01 5.873587131500244141e-01 0.000000000000000000e+00 1.000000000000000000e+00
9.961706995964050293e-01 5.853286981582641602e-01 0.000000000000000000e+00 1.000000000000000000e+00
9.959861636161804199e-01 5.832987427711486816e-01 0.000000000000000000e+00 1.000000000000000000e+00
9.958016276359558105e-01 5.812687277793884277e-01 0.000000000000000000e+00 1.000000000000000000e+00
9.956170916557312012e-01 5.792387723922729492e-01 0.000000000000000000e+00 1.000000000000000000e+00
9.954325556755065918e-01 5.772087574005126953e-01 0.000000000000000000e+00 1.000000000000000000e+00
9.952479600906372070e-01 5.751788020133972168e-01 0.000000000000000000e+00 1.000000000000000000e+00
9.950634241104125977e-01 5.731487870216369629e-01 0.000000000000000000e+00 1.000000000000000000e+00
9.948788881301879883e-01 5.711187720298767090e-01 0.000000000000000000e+00 1.000000000000000000e+00
9.946943521499633789e-01 5.690888166427612305e-01 0.000000000000000000e+00 1.000000000000000000e+00
9.945098161697387695e-01 5.670588016510009766e-01 0.000000000000000000e+00 1.000000000000000000e+00
9.943252801895141602e-01 5.650288462638854980e-01 0.000000000000000000e+00 1.000000000000000000e+00
9.941407442092895508e-01 5.629988312721252441e-01 0.000000000000000000e+00 1.000000000000000000e+00
9.939561486244201660e-01 5.609688758850097656e-01 0.000000000000000000e+00 1.000000000000000000e+00
9.937716126441955566e-01 5.589388608932495117e-01 0.000000000000000000e+00 1.000000000000000000e+00
9.935870766639709473e-01 5.569089055061340332e-01 0.000000000000000000e+00 1.000000000000000000e+00
9.934025406837463379e-01 5.548788905143737793e-01 0.000000000000000000e+00 1.000000000000000000e+00
9.932180047035217285e-01 5.528488755226135254e-01 0.000000000000000000e+00 1.000000000000000000e+00
9.930334687232971191e-01 5.508189201354980469e-01 0.000000000000000000e+00 1.000000000000000000e+00
9.928489327430725098e-01 5.487889051437377930e-01 0.000000000000000000e+00 1.000000000000000000e+00
9.926643371582031250e-01 5.467589497566223145e-01 0.000000000000000000e+00 1.000000000000000000e+00
9.924798011779785156e-01 5.447289347648620605e-01 0.000000000000000000e+00 1.000000000000000000e+00
9.922952651977539062e-01 5.426989793777465820e-01 0.000000000000000000e+00 1.000000000000000000e+00
9.921107292175292969e-01 5.406689643859863281e-01 0.000000000000000000e+00 1.000000000000000000e+00
9.919261932373046875e-01 5.386390089988708496e-01 0.000000000000000000e+00 1.000000000000000000e+00
9.917416572570800781e-01 5.366089940071105957e-01 0.000000000000000000e+00 1.000000000000000000e+00
9.915571212768554688e-01 5.345789790153503418e-01 0.000000000000000000e+00 1.000000000000000000e+00
9.913725256919860840e-01 5.325490236282348633e-01 0.000000000000000000e+00 1.000000000000000000e+00
9.911879897117614746e-01 5.305190086364746094e-01 0.000000000000000000e+00 1.000000000000000000e+00
9.910034537315368652e-01 5.284890532493591309e-01 0.000000000000000000e+00 1.000000000000000000e+00
9.908189177513122559e-01 5.264590382575988770e-01 0.000000000000000000e+00 1.000000000000000000e+00
9.906343817710876465e-01 5.244290828704833984e-01 0.000000000000000000e+00 1.000000000000000000e+00
9.904498457908630371e-01 5.223990678787231445e-01 0.000000000000000000e+00 1.000000000000000000e+00
9.902653098106384277e-01 5.203691124916076660e-01 0.000000000000000000e+00 1.000000000000000000e+00
9.900807142257690430e-01 5.183390974998474121e-01 0.000000000000000000e+00 1.000000000000000000e+00
9.898961782455444336e-01 5.163090825080871582e-01 0.000000000000000000e+00 1.000000000000000000e+00
9.897116422653198242e-01 5.142791271209716797e-01 0.000000000000000000e+00 1.000000000000000000e+00
9.895271062850952148e-01 5.122491121292114258e-01 0.000000000000000000e+00 1.000000000000000000e+00
9.893425703048706055e-01 5.102191567420959473e-01 0.000000000000000000e+00 1.000000000000000000e+00
9.891580343246459961e-01 5.081891417503356934e-01 0.000000000000000000e+00 1.000000000000000000e+00
9.889734983444213867e-01 5.061591863632202148e-01 0.000000000000000000e+00 1.000000000000000000e+00
9.887889027595520020e-01 5.041291713714599609e-01 0.000000000000000000e+00 1.000000000000000000e+00
9.886043667793273926e-01 5.020992159843444824e-01 0.000000000000000000e+00 1.000000000000000000e+00
9.884198307991027832e-01 5.000692009925842285e-01 0.000000000000000000e+00 1.000000000000000000e+00
9.882352948188781738e-01 4.980392158031463623e-01 0.000000000000000000e+00 1.000000000000000000e+00
