1.000000000000000000e+00 1.000000000000000000e+00 8.980392217636108398e-01 1.000000000000000000e+00
1.000000000000000000e+00 9.990157485008239746e-01 8.929949998855590820e-01 1.000000000000000000e+00
1.000000000000000000e+00 9.980314970016479492e-01 8.879507780075073242e-01 1.000000000000000000e+00
1.000000000000000000e+00 9.970473051071166992e-01 8.829065561294555664e-01 1.000000000000000000e+00
1.000000000000000000e+00 9.960630536079406738e-01 8.778623342514038086e-01 1.000000000000000000e+00
1.000000000000000000e+00 9.950788021087646484e-01 8.728181719779968262e-01 1.000000000000000000e+00
1.000000000000000000e+00 9.940945506095886230e-01 8.677739500999450684e-01 1.000000000000000000e+00
1.000000000000000000e+00 9.931103587150573730e-01 8.627297282218933105e-01 1.000000000000000000e+00
1.000000000000000000e+00 9.921261072158813477e-01 8.576855063438415527e-01 1.000000000000000000e+00
1.000000000000000000e+00 9.911418557167053223e-01 8.526412844657897949e-01 1.000000000000000000e+00
1.000000000000000000e+00 9.901576042175292969e-01 8.475970625877380371e-01 1.000000000000000000e+00
1.000000000000000000e+00 9.891734123229980469e-01 8.425528407096862793e-01 1.000000000000000000e+00
1.000000000000000000e+00 9.881891608238220215e-01 8.375086784362792969e-01 1.000000000000000000e+00
1.000000000000000000e+00 9.872049093246459961e-01 8.324644565582275391e-01 1.000000000000000000e+00
1.000000000000000000e+00 9.862206578254699707e-01 8.274202346801757812e-01 1.000000000000000000e+00
1.000000000000000000e+00 9.852364659309387207e-01 8.223760128021240234e-01 1.000000000000000000e+00
1.000000000000000000e+00 9.842522144317626953e-01 8.173317909240722656e-01 1.000000000000000000e+00
1.000000000000000000e+00 9.832679629325866699e-01 8.122875690460205078e-01 1.000000000000000000e+00
1.000000000000000000e+00 9.822837114334106445e-01 8.072433471679687500e-01 1.000000000000000000e+00
1.000000000000000000e+00 9.812995195388793945e-01 8.021991252899169922e-01 1.000000000000000000e+00
1.000000000000000000e+00 9.803152680397033691e-01 7.971549630165100098e-01 1.000000000000000000e+00
1.000000000000000000e+00 9.793310165405273438e-01 7.921107411384582520e-01 1.000000000000000000e+00
1.000000000000000000e+00 9.783467650413513184e-01 7.870665192604064941e-01 1.000000000000000000e+00
1.000000000000000000e+00 9.773625731468200684e-01 7.820222973823547363e-01 1.000000000000000000e+00
1.000000000000000000e+00 9.763783216476440430e-01 7.769780755043029785e-01 1.000000000000000000e+00
1.000000000000000000e+00 9.753940701484680176e-01 7.719338536262512207e-01 1.000000000000000000e+00
1.000000000000000000e+00 9.744098186492919922e-01 7.668896317481994629e-01 1.000000000000000000e+00
1.000000000000000000e+00 9.734256267547607422e-01 7.618454694747924805e-01 1.000000000000000000e+00
1.000000000000000000e+00 9.724413752555847168e-01 7.568012475967407227e-01 1.000000000000000000e+00
1.000000000000000000e+00 9.714571237564086914e-01 7.517570257186889648e-01 1.000000000000000000e+00
1.000000000000000000e+00 9.704728722572326660e-01 7.467128038406372070e-01 1.000000000000000000e+00
1.000000000000000000e+00 9.694886803627014160e-01 7.416685819625854492e-01 1.000000000000000000e+00
9.999846220016479492e-01 9.683198928833007812e-01 7.365936040878295898e-01 1.000000000000000000e+00
9.998615980148315430e-01 9.658592939376831055e-01 7.313033342361450195e-01 1.000000000000000000e+00
9.997385740280151367e-01 9.633986949920654297e-01 7.260130643844604492e-01 1.000000000000000000e+00
9.996155500411987305e-01 9.609380960464477539e-01 7.207227945327758789e-01 1.000000000000000000e+00
9.994925260543823242e-01 9.584774971008300781e-01 7.154325246810913086e-01 1.000000000000000000e+00
9.993695020675659180e-01 9.560168981552124023e-01 7.101422548294067383e-01 1.000000000000000000e+00
9.992464184761047363e-01 9.535562992095947266e-01 7.048519849777221680e-01 1.000000000000000000e+00
9.991233944892883301e-01 9.510957598686218262e-01 6.995617151260375977e-01 1.000000000000000000e+00
9.990003705024719238e-01 9.486351609230041504e-01 6.942714452743530273e-01 1.000000000000000000e+00
9.988773465156555176e-01 9.461745619773864746e-01 6.889811754226684570e-01 1.000000000000000000e+00
9.987543225288391113e-01 9.437139630317687988e-01 6.836909055709838867e-01 1.000000000000000000e+00
9.986312985420227051e-01 9.412533640861511230e-01 6.784006357192993164e-01 1.000000000000000000e+00
9.985082745552062988e-01 9.387927651405334473e-01 6.731103658676147461e-01 1.000000000000000000e+00
9.983852505683898926e-01 9.363321661949157715e-01 6.678200960159301758e-01 1.000000000000000000e+00
9.982622265815734863e-01 9.338715672492980957e-01 6.625297665596008301e-01 1.000000000000000000e+00
9.981392025947570801e-01 9.314109683036804199e-01 6.572394967079162598e-01 1.000000000000000000e+00
9.980161190032958984e-01 9.289504289627075195e-01 6.519492268562316895e-01 1.000000000000000000e+00
9.978930950164794922e-01 9.264898300170898438e-01 6.466589570045471191e-01 1.000000000000000000e+00
9.977700710296630859e-01 9.240292310714721680e-01 6.413686871528625488e-01 1.000000000000000000e+00
9.976470470428466797e-01 9.215686321258544922e-01 6.360784173011779785e-01 1.000000000000000000e+00
9.975240230560302734e-01 9.191080331802368164e-01 6.307881474494934082e-01 1.000000000000000000e+00
9.974009990692138672e-01 9.166474342346191406e-01 6.254978775978088379e-01 1.000000000000000000e+00
9.972779750823974609e-01 9.141868352890014648e-01 6.202076077461242676e-01 1.000000000000000000e+00
9.971549510955810547e-01 9.117262363433837891e-01 6.149173378944396973e-01 1.000000000000000000e+00
9.970319271087646484e-01 9.092656373977661133e-01 6.096270680427551270e-01 1.000000000000000000e+00
9.969089031219482422e-01 9.068050980567932129e-01 6.043367981910705566e-01 1.000000000000000000e+00
9.967858791351318359e-01 9.043444991111755371e-01 5.990465283393859863e-01 1.000000000000000000e+00
9.966627955436706543e-01 9.018839001655578613e-01 5.937562584877014160e-01 1.000000000000000000e+00
9.965397715568542480e-01 8.994233012199401855e-01 5.884659886360168457e-01 1.000000000000000000e+00
9.964167475700378418e-01 8.969627022743225098e-01 5.831757187843322754e-01 1.000000000000000000e+00
9.962937235832214355e-01 8.945021033287048340e-01 5.778854489326477051e-01 1.000000000000000000e+00
9.961706995964050293e-01 8.920415043830871582e-01 5.725951790809631348e-01 1.000000000000000000e+00
9.960784316062927246e-01 8.892425894737243652e-01 5.665974617004394531e-01 1.000000000000000000e+00
9.960784316062927246e-01 8.854286670684814453e-01 5.584775209426879883e-01 1.000000000000000000e+00
9.960784316062927246e-01 8.816147446632385254e-01 5.503575801849365234e-01 1.000000000000000000e+00
9.960784316062927246e-01 8.778008222579956055e-01 5.422375798225402832e-01 1.000000000000000000e+00
9.960784316062927246e-01 8.739868998527526855e-01 5.341176390647888184e-01 1.000000000000000000e+00
9.960784316062927246e-01 8.701730370521545410e-01 5.259976983070373535e-01 1.000000000000000000e+00
9.960784316062927246e-01 8.663591146469116211e-01 5.178777575492858887e-01 1.000000000000000000e+00
9.960784316062927246e-01 8.625451922416687012e-01 5.097577571868896484e-01 1.000000000000000000e+00
9.960784316062927246e-01 8.587312698364257812e-01 5.016378164291381836e-01 1.000000000000000000e+00
9.960784316062927246e-01 8.549173474311828613e-01 4.935178756713867188e-01 1.000000000000000000e+00
9.960784316062927246e-01 8.511034250259399414e-01 4.853979349136352539e-01 1.000000000000000000e+00
9.960784316062927246e-01 8.472895026206970215e-01 4.772779643535614014e-01 1.000000000000000000e+00
9.960784316062927246e-01 8.434755802154541016e-01 4.691580235958099365e-01 1.000000000000000000e+00
9.960784316062927246e-01 8.396616578102111816e-01 4.610380530357360840e-01 1.000000000000000000e+00
9.960784316062927246e-01 8.358477354049682617e-01 4.529181122779846191e-01 1.000000000000000000e+00
9.960784316062927246e-01 8.320338129997253418e-01 4.447981417179107666e-01 1.000000000000000000e+00
9.960784316062927246e-01 8.282198905944824219e-01 4.366782009601593018e-01 1.000000000000000000e+00
9.960784316062927246e-01 8.244059681892395020e-01 4.285582602024078369e-01 1.000000000000000000e+00
9.960784316062927246e-01 8.205921053886413574e-01 4.204382896423339844e-01 1.000000000000000000e+00
9.960784316062927246e-01 8.167781829833984375e-01 4.123183488845825195e-01 1.000000000000000000e+00
9.960784316062927246e-01 8.129642605781555176e-01 4.041983783245086670e-01 1.000000000000000000e+00
9.960784316062927246e-01 8.091503381729125977e-01 3.960784375667572021e-01 1.000000000000000000e+00
9.960784316062927246e-01 8.053364157676696777e-01 3.879584670066833496e-01 1.000000000000000000e+00
9.960784316062927246e-01 8.015224933624267578e-01 3.798385262489318848e-01 1.000000000000000000e+00
9.960784316062927246e-01 7.977085709571838379e-01 3.717185556888580322e-01 1.000000000000000000e+00
9.960784316062927246e-01 7.938946485519409180e-01 3.635986149311065674e-01 1.000000000000000000e+00
9.960784316062927246e-01 7.900807261466979980e-01 3.554786741733551025e-01 1.000000000000000000e+00
9.960784316062927246e-01 7.862668037414550781e-01 3.473587036132812500e-01 1.000000000000000000e+00
9.960784316062927246e-01 7.824528813362121582e-01 3.392387628555297852e-01 1.000000000000000000e+00
9.960784316062927246e-01 7.786389589309692383e-01 3.311187922954559326e-01 1.000000000000000000e+00
9.960784316062927246e-01 7.748250961303710938e-01 3.229988515377044678e-01 1.000000000000000000e+00
9.960784316062927246e-01 7.710111737251281738e-01 3.148788809776306152e-01 1.000000000000000000e+00
9.960784316062927246e-01 7.666435837745666504e-01 3.080507516860961914e-01 1.000000000000000000e+00
9.960784316062927246e-01 7.613533139228820801e-01 3.033756315708160400e-01 1.000000000000000000e+00
9.960784316062927246e-01 7.560630440711975098e-01 2.987005114555358887e-01 1.000000000000000000e+00
9.960784316062927246e-01 7.507727742195129395e-01 2.940253615379333496e-01 1.000000000000000000e+00
9.960784316062927246e-01 7.454825043678283691e-01 2.893502414226531982e-01 1.000000000000000000e+00
9.960784316062927246e-01 7.401922345161437988e-01 2.846751213073730469e-01 1.000000000000000000e+00
9.960784316062927246e-01 7.349019646644592285e-01 2.800000011920928955e-01 1.000000000000000000e+00
9.960784316062927246e-01 7.296116948127746582e-01 2.753248810768127441e-01 1.000000000000000000e+00
9.960784316062927246e-01 7.243214249610900879e-01 2.706497609615325928e-01 1.000000000000000000e+00
9.960784316062927246e-01 7.190311551094055176e-01 2.659746110439300537e-01 1.000000000000000000e+00
9.960784316062927246e-01 7.137408852577209473e-01 2.612994909286499023e-01 1.000000000000000000e+00
9.960784316062927246e-01 7.084506154060363770e-01 2.566243708133697510e-01 1.000000000000000000e+00
9.960784316062927246e-01 7.031603455543518066e-01 2.519492506980895996e-01 1.000000000000000000e+00
9.960784316062927246e-01 6.978700757026672363e-01 2.472741305828094482e-01 1.000000000000000000e+00
9.960784316062927246e-01 6.925798058509826660e-01 2.425989955663681030e-01 1.000000000000000000e+00
9.960784316062927246e-01 6.872894763946533203e-01 2.379238754510879517e-01 1.000000000000000000e+00
9.960784316062927246e-01 6.819992065429687500e-01 2.332487553358078003e-01 1.000000000000000000e+00
9.960784316062927246e-01 6.767089366912841797e-01 2.285736203193664551e-01 1.000000000000000000e+00
9.960784316062927246e-01 6.714186668395996094e-01 2.238985002040863037e-01 1.000000000000000000e+00
9.960784316062927246e-01 6.661283969879150391e-01 2.192233800888061523e-01 1.000000000000000000e+00
9.960784316062927246e-01 6.608381271362304688e-01 2.145482450723648071e-01 1.000000000000000000e+00
9.960784316062927246e-01 6.555478572845458984e-01 2.098731249570846558e-01 1.000000000000000000e+00
9.960784316062927246e-01 6.502575874328613281e-01 2.051980048418045044e-01 1.000000000000000000e+00
9.960784316062927246e-01 6.449673175811767578e-01 2.005228698253631592e-01 1.000000000000000000e+00
9.960784316062927246e-01 6.396770477294921875e-01 1.958477497100830078e-01 1.000000000000000000e+00
9.960784316062927246e-01 6.343867778778076172e-01 1.911726295948028564e-01 1.000000000000000000e+00
9.960784316062927246e-01 6.290965080261230469e-01 1.864974945783615112e-01 1.000000000000000000e+00
9.960784316062927246e-01 6.238062381744384766e-01 1.818223744630813599e-01 1.000000000000000000e+00
9.960784316062927246e-01 6.185159683227539062e-01 1.771472543478012085e-01 1.000000000000000000e+00
9.960784316062927246e-01 6.132256984710693359e-01 1.724721193313598633e-01 1.000000000000000000e+00
9.960784316062927246e-01 6.079354286193847656e-01 1.677969992160797119e-01 1.000000000000000000e+00
9.960784316062927246e-01 6.026451587677001953e-01 1.631218791007995605e-01 1.000000000000000000e+00
9.949711561203002930e-01 5.974779129028320312e-01 1.594925075769424438e-01 1.000000000000000000e+00
9.927566051483154297e-01 5.924336910247802734e-01 1.569088846445083618e-01 1.000000000000000000e+00
9.905421137809753418e-01 5.873894691467285156e-01 1.543252617120742798e-01 1.000000000000000000e+00
9.883275628089904785e-01 5.823452472686767578e-01 1.517416387796401978e-01 1.000000000000000000e+00
9.861130118370056152e-01 5.773010253906250000e-01 1.491580158472061157e-01 1.000000000000000000e+00
9.838985204696655273e-01 5.722568035125732422e-01 1.465743929147720337e-01 1.000000000000000000e+00
9.816839694976806641e-01 5.672125816345214844e-01 1.439907699823379517e-01 1.000000000000000000e+00
9.794694185256958008e-01 5.621684193611145020e-01 1.414071470499038696e-01 1.000000000000000000e+00
9.772549271583557129e-01 5.571241974830627441e-01 1.388235241174697876e-01 1.000000000000000000e+00
9.750403761863708496e-01 5.520799756050109863e-01 1.362399011850357056e-01 1.000000000000000000e+00
9.728258252143859863e-01 5.470357537269592285e-01 1.336562931537628174e-01 1.000000000000000000e+00
9.706112742424011230e-01 5.419915318489074707e-01 1.310726702213287354e-01 1.000000000000000000e+00
9.683967828750610352e-01 5.369473099708557129e-01 1.284890472888946533e-01 1.000000000000000000e+00
9.661822319030761719e-01 5.319030880928039551e-01 1.259054243564605713e-01 1.000000000000000000e+00
9.639676809310913086e-01 5.268589258193969727e-01 1.233218014240264893e-01 1.000000000000000000e+00
9.617531895637512207e-01 5.218147039413452148e-01 1.207381784915924072e-01 1.000000000000000000e+00
9.595386385917663574e-01 5.167704820632934570e-01 1.181545555591583252e-01 1.000000000000000000e+00
9.573240876197814941e-01 5.117262601852416992e-01 1.155709326267242432e-01 1.000000000000000000e+00
9.551095962524414062e-01 5.066820383071899414e-01 1.129873096942901611e-01 1.000000000000000000e+00
9.528950452804565430e-01 5.016378164291381836e-01 1.104036942124366760e-01 1.000000000000000000e+00
9.506804943084716797e-01 4.965936243534088135e-01 1.078200712800025940e-01 1.000000000000000000e+00
9.484660029411315918e-01 4.915494024753570557e-01 1.052364483475685120e-01 1.000000000000000000e+00
9.462514519691467285e-01 4.865051805973052979e-01 1.026528254151344299e-01 1.000000000000000000e+00
9.440369009971618652e-01 4.814609885215759277e-01 1.000692024827003479e-01 1.000000000000000000e+00
9.418223500251770020e-01 4.764167666435241699e-01 9.748557955026626587e-02 1.000000000000000000e+00
9.396078586578369141e-01 4.713725447654724121e-01 9.490196406841278076e-02 1.000000000000000000e+00
9.373933076858520508e-01 4.663283228874206543e-01 9.231834113597869873e-02 1.000000000000000000e+00
9.351787567138671875e-01 4.612841308116912842e-01 8.973471820354461670e-02 1.000000000000000000e+00
9.329642653465270996e-01 4.562399089336395264e-01 8.715109527111053467e-02 1.000000000000000000e+00
9.307497143745422363e-01 4.511956870555877686e-01 8.456747233867645264e-02 1.000000000000000000e+00
9.285351634025573730e-01 4.461514949798583984e-01 8.198384940624237061e-02 1.000000000000000000e+00
9.263206720352172852e-01 4.411072731018066406e-01 7.940023392438888550e-02 1.000000000000000000e+00
9.230296015739440918e-01 4.364475309848785400e-01 7.704728841781616211e-02 1.000000000000000000e+00
9.190926551818847656e-01 4.320184588432312012e-01 7.483275979757308960e-02 1.000000000000000000e+00
9.151557087898254395e-01 4.275893867015838623e-01 7.261822372674942017e-02 1.000000000000000000e+00
9.112187623977661133e-01 4.231603145599365234e-01 7.040368765592575073e-02 1.000000000000000000e+00
9.072818160057067871e-01 4.187312424182891846e-01 6.818915903568267822e-02 1.000000000000000000e+00
9.033448696136474609e-01 4.143022000789642334e-01 6.597462296485900879e-02 1.000000000000000000e+00
8.994079232215881348e-01 4.098731279373168945e-01 6.376009434461593628e-02 1.000000000000000000e+00
8.954709768295288086e-01 4.054440557956695557e-01 6.154555827379226685e-02 1.000000000000000000e+00
8.915340304374694824e-01 4.010149836540222168e-01 5.933102592825889587e-02 1.000000000000000000e+00
8.875970840454101562e-01 3.965859413146972656e-01 5.711649358272552490e-02 1.000000000000000000e+00
8.836601376533508301e-01 3.921568691730499268e-01 5.490196123719215393e-02 1.000000000000000000e+00
8.797231912612915039e-01 3.877277970314025879e-01 5.268742889165878296e-02 1.000000000000000000e+00
8.757862448692321777e-01 3.832987248897552490e-01 5.047289654612541199e-02 1.000000000000000000e+00
8.718492984771728516e-01 3.788696527481079102e-01 4.825836047530174255e-02 1.000000000000000000e+00
8.679123520851135254e-01 3.744406104087829590e-01 4.604382812976837158e-02 1.000000000000000000e+00
8.639754056930541992e-01 3.700115382671356201e-01 4.382929578423500061e-02 1.000000000000000000e+00
8.600384593009948730e-01 3.655824661254882812e-01 4.161476343870162964e-02 1.000000000000000000e+00
8.561015129089355469e-01 3.611533939838409424e-01 3.940023109316825867e-02 1.000000000000000000e+00
8.521645665168762207e-01 3.567243516445159912e-01 3.718569874763488770e-02 1.000000000000000000e+00
8.482276201248168945e-01 3.522952795028686523e-01 3.497116640210151672e-02 1.000000000000000000e+00
8.442906737327575684e-01 3.478662073612213135e-01 3.275663033127784729e-02 1.000000000000000000e+00
8.403537273406982422e-01 3.434371352195739746e-01 3.054209984838962555e-02 1.000000000000000000e+00
8.364167809486389160e-01 3.390080630779266357e-01 2.832756564021110535e-02 1.000000000000000000e+00
8.324798345565795898e-01 3.345790207386016846e-01 2.611303329467773438e-02 1.000000000000000000e+00
8.285428881645202637e-01 3.301499485969543457e-01 2.389850094914436340e-02 1.000000000000000000e+00
8.246059417724609375e-01 3.257208764553070068e-01 2.168396860361099243e-02 1.000000000000000000e+00
8.206689953804016113e-01 3.212918043136596680e-01 1.946943439543247223e-02 1.000000000000000000e+00
8.167320489883422852e-01 3.168627321720123291e-01 1.725490204989910126e-02 1.000000000000000000e+00
8.127951025962829590e-01 3.124336898326873779e-01 1.504036877304315567e-02 1.000000000000000000e+00
8.088581562042236328e-01 3.080046176910400391e-01 1.282583642750978470e-02 1.000000000000000000e+00
8.049212098121643066e-01 3.035755455493927002e-01 1.061130315065383911e-02 1.000000000000000000e+00
8.009842634201049805e-01 2.991464734077453613e-01 8.396770805120468140e-03 1.000000000000000000e+00
7.952941060066223145e-01 2.958246767520904541e-01 8.027682080864906311e-03 1.000000000000000000e+00
7.890195846557617188e-01 2.928719818592071533e-01 8.273741230368614197e-03 1.000000000000000000e+00
7.827451229095458984e-01 2.899192571640014648e-01 8.519800379872322083e-03 1.000000000000000000e+00
7.764706015586853027e-01 2.869665622711181641e-01 8.765859529376029968e-03 1.000000000000000000e+00
7.701960802078247070e-01 2.840138375759124756e-01 9.011918678879737854e-03 1.000000000000000000e+00
7.639215588569641113e-01 2.810611426830291748e-01 9.257977828383445740e-03 1.000000000000000000e+00
7.576470375061035156e-01 2.781084179878234863e-01 9.504036977887153625e-03 1.000000000000000000e+00
7.513725757598876953e-01 2.751557230949401855e-01 9.750096127390861511e-03 1.000000000000000000e+00
7.450980544090270996e-01 2.722029983997344971e-01 9.996155276894569397e-03 1.000000000000000000e+00
7.388235330581665039e-01 2.692502737045288086e-01 1.024221442639827728e-02 1.000000000000000000e+00
7.325490117073059082e-01 2.662975788116455078e-01 1.048827357590198517e-02 1.000000000000000000e+00
7.262744903564453125e-01 2.633448541164398193e-01 1.073433272540569305e-02 1.000000000000000000e+00
7.200000286102294922e-01 2.603921592235565186e-01 1.098039187490940094e-02 1.000000000000000000e+00
7.137255072593688965e-01 2.574394345283508301e-01 1.122645102441310883e-02 1.000000000000000000e+00
7.074509859085083008e-01 2.544867396354675293e-01 1.147251017391681671e-02 1.000000000000000000e+00
7.011764645576477051e-01 2.515340149402618408e-01 1.171856932342052460e-02 1.000000000000000000e+00
6.949019432067871094e-01 2.485813200473785400e-01 1.196462940424680710e-02 1.000000000000000000e+00
6.886274218559265137e-01 2.456286102533340454e-01 1.221068855375051498e-02 1.000000000000000000e+00
6.823529601097106934e-01 2.426759004592895508e-01 1.245674770325422287e-02 1.000000000000000000e+00
6.760784387588500977e-01 2.397231906652450562e-01 1.270280685275793076e-02 1.000000000000000000e+00
6.698039174079895020e-01 2.367704659700393677e-01 1.294886600226163864e-02 1.000000000000000000e+00
6.635293960571289062e-01 2.338177561759948730e-01 1.319492515176534653e-02 1.000000000000000000e+00
6.572548747062683105e-01 2.308650463819503784e-01 1.344098430126905441e-02 1.000000000000000000e+00
6.509804129600524902e-01 2.279123365879058838e-01 1.368704345077276230e-02 1.000000000000000000e+00
6.447058916091918945e-01 2.249596267938613892e-01 1.393310260027647018e-02 1.000000000000000000e+00
6.384313702583312988e-01 2.220069169998168945e-01 1.417916174978017807e-02 1.000000000000000000e+00
6.321568489074707031e-01 2.190542072057723999e-01 1.442522089928388596e-02 1.000000000000000000e+00
6.258823275566101074e-01 2.161014974117279053e-01 1.467128004878759384e-02 1.000000000000000000e+00
6.196078658103942871e-01 2.131487876176834106e-01 1.491733919829130173e-02 1.000000000000000000e+00
6.133333444595336914e-01 2.101960778236389160e-01 1.516339834779500961e-02 1.000000000000000000e+00
6.070588231086730957e-01 2.072433680295944214e-01 1.540945749729871750e-02 1.000000000000000000e+00
6.007843017578125000e-01 2.042906582355499268e-01 1.565551757812500000e-02 1.000000000000000000e+00
5.945097804069519043e-01 2.023068070411682129e-01 1.590157672762870789e-02 1.000000000000000000e+00
5.882353186607360840e-01 2.004613578319549561e-01 1.614763587713241577e-02 1.000000000000000000e+00
5.819607973098754883e-01 1.986159235239028931e-01 1.639369502663612366e-02 1.000000000000000000e+00
5.756862759590148926e-01 1.967704743146896362e-01 1.663975417613983154e-02 1.000000000000000000e+00
5.694117546081542969e-01 1.949250251054763794e-01 1.688581332564353943e-02 1.000000000000000000e+00
5.631372332572937012e-01 1.930795907974243164e-01 1.713187247514724731e-02 1.000000000000000000e+00
5.568627715110778809e-01 1.912341415882110596e-01 1.737793162465095520e-02 1.000000000000000000e+00
5.505882501602172852e-01 1.893886923789978027e-01 1.762399077415466309e-02 1.000000000000000000e+00
5.443137288093566895e-01 1.875432580709457397e-01 1.787004992365837097e-02 1.000000000000000000e+00
5.380392074584960938e-01 1.856978088617324829e-01 1.811610907316207886e-02 1.000000000000000000e+00
5.317646861076354980e-01 1.838523596525192261e-01 1.836216822266578674e-02 1.000000000000000000e+00
5.254902243614196777e-01 1.820069253444671631e-01 1.860822737216949463e-02 1.000000000000000000e+00
5.192157030105590820e-01 1.801614761352539062e-01 1.885428652167320251e-02 1.000000000000000000e+00
5.129411816596984863e-01 1.783160269260406494e-01 1.910034567117691040e-02 1.000000000000000000e+00
5.066666603088378906e-01 1.764705926179885864e-01 1.934640482068061829e-02 1.000000000000000000e+00
5.003921389579772949e-01 1.746251434087753296e-01 1.959246397018432617e-02 1.000000000000000000e+00
4.941176474094390869e-01 1.727796941995620728e-01 1.983852311968803406e-02 1.000000000000000000e+00
4.878431260585784912e-01 1.709342598915100098e-01 2.008458226919174194e-02 1.000000000000000000e+00
4.815686345100402832e-01 1.690888106822967529e-01 2.033064141869544983e-02 1.000000000000000000e+00
4.752941131591796875e-01 1.672433614730834961e-01 2.057670056819915771e-02 1.000000000000000000e+00
4.690196216106414795e-01 1.653979271650314331e-01 2.082275971770286560e-02 1.000000000000000000e+00
4.627451002597808838e-01 1.635524779558181763e-01 2.106881886720657349e-02 1.000000000000000000e+00
4.564705789089202881e-01 1.617070287466049194e-01 2.131487801671028137e-02 1.000000000000000000e+00
4.501960873603820801e-01 1.598615944385528564e-01 2.156093902885913849e-02 1.000000000000000000e+00
4.439215660095214844e-01 1.580161452293395996e-01 2.180699817836284637e-02 1.000000000000000000e+00
4.376470446586608887e-01 1.561707109212875366e-01 2.205305732786655426e-02 1.000000000000000000e+00
4.313725531101226807e-01 1.543252617120742798e-01 2.229911647737026215e-02 1.000000000000000000e+00
4.250980317592620850e-01 1.524798125028610229e-01 2.254517562687397003e-02 1.000000000000000000e+00
4.188235402107238770e-01 1.506343781948089600e-01 2.279123477637767792e-02 1.000000000000000000e+00
4.125490188598632812e-01 1.487889289855957031e-01 2.303729392588138580e-02 1.000000000000000000e+00
4.062744975090026855e-01 1.469434797763824463e-01 2.328335307538509369e-02 1.000000000000000000e+00
4.000000059604644775e-01 1.450980454683303833e-01 2.352941222488880157e-02 1.000000000000000000e+00
